data/outputs/Sarzedas de Sao Pedro/2015/resolution_1/CONT_SPEC_1_15.asc
ncols         100
nrows         100
xllcorner     -8.224023584583
yllcorner      39.953368546911
cellsize       0.000134898240
NODATA_value  -9999
[rows 58 to 86 of 100, columns 0 to 65 of 100]
5.551111 5.951111 6.0000 6.0000 6.0000 6.0000 6.0000 6.0000 5.728889 4.893333 5.215556 4.062222 1.842222 0.286666 0.0000 0.813333 0.524444 0.0000 0.26000 4.304444 2.726667 1.935556 3.775556 3.966667 4.628889 4.68000 5.455556 3.086667 0.871111 4.282222 4.802222 4.222222 3.493333 5.586667 6.0000 3.784444 0.042222 2.146667 3.171111 4.664444 1.991111 0.471111 1.395556 2.12000 4.348889 5.204444 4.757778 1.888889 2.033333 3.52000 0.211111 0.0000 0.0000 0.0000 0.0000 0.0000 0.0000 0.0000 0.0000 0.0000 0.0000 0.0000 0.0000 0.575555 2.2000 0.557777
5.324444 4.724444 5.78000 5.846667 4.442222 5.948889 6.0000 5.231111 6.0000 6.0000 5.993333 5.728889 5.004444 3.786667 0.96000 0.0000 0.04000 0.837777 3.797778 3.975556 4.882222 2.584444 3.38000 4.328889 5.082222 6.0000 6.0000 4.011111 5.233333 5.613333 0.917777 3.097778 5.435556 4.088889 3.435556 3.191111 2.02000 1.1000 0.5000 5.451111 1.062222 0.0000 0.502222 1.537778 5.762222 4.364444 1.6000 4.155556 1.197778 0.0000 0.0000 0.0000 0.0000 0.0000 0.0000 0.0000 0.0000 0.0000 0.0000 0.0000 0.0000 0.0000 0.0000 0.0000 0.0000 0.0000
5.58000 3.842222 5.846667 6.0000 5.917778 5.924444 6.0000 6.0000 6.0000 6.0000 6.0000 5.368889 0.182222 0.593333 0.064444 0.008888 0.008888 0.597777 1.388889 3.893333 5.951111 3.371111 2.666667 5.975556 3.944444 5.013333 5.866667 5.513333 4.553333 4.337778 2.56000 1.328889 4.511111 0.533333 0.646666 2.715556 4.126667 5.435556 3.166667 4.155556 0.195555 0.0000 1.077778 1.664444 4.371111 4.851111 5.057778 0.866666 0.0000 0.0000 0.0000 0.0000 0.0000 0.0000 0.0000 0.0000 0.0000 0.0000 0.0000 0.0000 0.0000 0.0000 0.0000 0.0000 0.0000 0.0000
5.348889 5.993333 6.0000 6.0000 6.0000 6.0000 6.0000 6.0000 6.0000 5.893333 5.697778 5.422222 0.804444 2.235556 1.642222 2.2000 1.96000 1.635556 1.333333 0.142222 1.917778 2.366667 3.011111 5.682222 3.606667 3.784444 3.58000 0.351111 0.335555 0.951111 2.331111 0.868888 0.0000 0.004444 1.004444 2.568889 0.711111 2.313333 0.142222 0.0000 0.017777 0.0000 1.744444 5.731111 1.886667 5.328889 5.942222 3.902222 0.064444 1.035556 1.1000 0.0000 0.0000 0.0000 0.0000 0.0000 0.0000 0.0000 0.0000 0.0000 0.0000 0.0000 0.0000 0.0000 0.0000 0.56000
5.517778 6.0000 6.0000 6.0000 6.0000 6.0000 6.0000 6.0000 6.0000 5.711111 5.724444 5.808889 0.726666 1.791111 4.266667 5.484444 3.624444 0.731111 2.902222 1.555556 1.735556 2.246667 2.26000 2.357778 0.726666 0.36000 1.737778 2.424444 2.451111 1.324444 3.497778 2.313333 0.575555 0.0000 0.937777 0.104444 1.517778 0.906666 1.173333 1.191111 0.237777 0.591111 2.926667 5.808889 3.642222 5.997778 5.706667 6.0000 5.715556 5.997778 5.468889 0.422222 0.0000 0.104444 0.242222 0.0000 0.0000 0.0000 0.971111 0.562222 0.0000 0.0000 0.0000 0.0000 0.0000 3.164444
4.608889 5.555556 4.371111 4.508889 3.215556 5.811111 5.951111 6.0000 6.0000 6.0000 5.706667 3.786667 1.851111 3.024444 5.782222 5.231111 5.108889 4.222222 1.082222 4.022222 5.317778 5.848889 5.808889 4.966667 2.337778 2.857778 4.497778 3.737778 0.408888 3.206667 4.304444 3.893333 3.208889 2.193333 4.068889 4.868889 5.6000 0.215555 1.197778 1.262222 0.437777 0.877777 1.96000 4.373333 4.146667 6.0000 6.0000 6.0000 6.0000 6.0000 5.74000 0.942222 1.582222 3.775556 5.177778 0.655555 0.0000 0.0000 0.44000 0.831111 0.044444 0.048888 0.866666 0.928888 0.031111 0.148888
5.366667 4.933333 1.582222 4.373333 2.795556 4.76000 6.0000 6.0000 6.0000 5.453333 5.833333 5.926667 5.828889 3.8000 3.842222 5.411111 4.846667 2.413333 4.217778 4.813333 5.991111 6.0000 6.0000 5.946667 6.0000 6.0000 6.0000 5.784444 0.971111 1.275556 2.253333 3.917778 6.0000 6.0000 6.0000 5.171111 4.762222 5.148889 2.568889 0.015555 0.228888 3.593333 5.871111 5.353333 6.0000 5.862222 6.0000 6.0000 6.0000 6.0000 6.0000 4.753333 4.255556 5.64000 4.644444 3.353333 0.233333 0.0000 0.0000 0.188888 0.971111 4.022222 6.0000 6.0000 5.124444 5.151111
4.997778 4.908889 4.357778 4.053333 5.804444 5.997778 6.0000 6.0000 6.0000 6.0000 6.0000 6.0000 6.0000 5.506667 5.082222 1.373333 3.982222 5.997778 5.784444 6.0000 5.946667 5.588889 5.708889 5.351111 5.042222 5.702222 5.857778 4.351111 3.773333 1.715556 3.002222 5.24000 6.0000 6.0000 5.991111 6.0000 6.0000 6.0000 4.113333 2.14000 3.951111 5.671111 5.795556 6.0000 5.791111 6.0000 6.0000 6.0000 6.0000 6.0000 6.0000 4.808889 1.771111 6.0000 4.251111 0.271111 0.437777 0.762222 3.024444 3.846667 5.451111 6.0000 6.0000 6.0000 6.0000 6.0000
2.302222 4.266667 6.0000 5.644444 5.604444 6.0000 6.0000 6.0000 5.946667 6.0000 6.0000 6.0000 6.0000 5.226667 2.951111 2.793333 5.495556 6.0000 6.0000 6.0000 6.0000 6.0000 6.0000 5.151111 4.311111 5.162222 5.902222 6.0000 6.0000 6.0000 6.0000 6.0000 6.0000 6.0000 5.308889 5.893333 6.0000 6.0000 6.0000 5.884444 6.0000 6.0000 6.0000 6.0000 6.0000 6.0000 6.0000 6.0000 6.0000 6.0000 6.0000 5.984444 1.713333 1.835556 1.015556 0.806666 2.348889 5.975556 6.0000 6.0000 6.0000 6.0000 6.0000 6.0000 6.0000 6.0000
4.246667 2.475556 6.0000 6.0000 6.0000 6.0000 6.0000 6.0000 6.0000 6.0000 6.0000 5.935556 3.722222 5.471111 6.0000 6.0000 6.0000 6.0000 6.0000 6.0000 5.982222 4.042222 3.911111 5.382222 5.368889 5.062222 5.902222 5.893333 6.0000 6.0000 6.0000 6.0000 6.0000 6.0000 5.557778 6.0000 5.946667 6.0000 5.982222 5.768889 5.937778 6.0000 6.0000 6.0000 6.0000 6.0000 6.0000 6.0000 6.0000 6.0000 5.262222 5.531111 1.455556 0.0000 0.0000 0.384444 4.284444 6.0000 6.0000 6.0000 6.0000 6.0000 6.0000 6.0000 6.0000 6.0000
3.991111 3.297778 6.0000 6.0000 6.0000 6.0000 6.0000 6.0000 6.0000 6.0000 5.522222 4.008889 5.728889 6.0000 6.0000 6.0000 6.0000 6.0000 6.0000 6.0000 6.0000 5.466667 3.695556 5.982222 5.982222 5.406667 6.0000 6.0000 6.0000 6.0000 6.0000 6.0000 6.0000 5.902222 6.0000 6.0000 6.0000 6.0000 5.92000 5.911111 5.853333 5.871111 5.991111 6.0000 6.0000 6.0000 6.0000 6.0000 6.0000 6.0000 5.911111 5.875556 2.062222 0.0000 0.0000 2.846667 3.171111 4.886667 6.0000 6.0000 6.0000 6.0000 6.0000 6.0000 6.0000 6.0000
5.6000 6.0000 6.0000 6.0000 6.0000 6.0000 6.0000 6.0000 6.0000 6.0000 3.957778 5.315556 6.0000 6.0000 6.0000 6.0000 6.0000 6.0000 6.0000 6.0000 6.0000 6.0000 6.0000 5.902222 5.964444 5.74000 6.0000 5.982222 6.0000 6.0000 6.0000 6.0000 6.0000 6.0000 6.0000 6.0000 6.0000 6.0000 6.0000 6.0000 6.0000 6.0000 6.0000 6.0000 6.0000 6.0000 5.973333 6.0000 6.0000 6.0000 5.991111 3.791111 0.077777 0.0000 0.0000 0.0000 1.78000 3.824444 6.0000 6.0000 6.0000 6.0000 6.0000 6.0000 6.0000 6.0000
5.6000 6.0000 6.0000 6.0000 6.0000 6.0000 5.991111 5.704444 5.935556 6.0000 6.0000 5.448889 5.026667 5.991111 6.0000 6.0000 6.0000 6.0000 6.0000 6.0000 6.0000 6.0000 6.0000 6.0000 6.0000 6.0000 5.888889 3.088889 2.891111 6.0000 6.0000 6.0000 6.0000 6.0000 6.0000 6.0000 6.0000 6.0000 6.0000 6.0000 6.0000 6.0000 6.0000 6.0000 5.902222 5.884444 4.991111 6.0000 6.0000 6.0000 6.0000 6.0000 3.384444 0.0000 0.0000 0.0000 4.368889 6.0000 6.0000 6.0000 6.0000 6.0000 6.0000 6.0000 6.0000 6.0000
5.6000 6.0000 6.0000 6.0000 6.0000 6.0000 5.788889 5.944444 6.0000 6.0000 5.942222 5.408889 4.366667 3.891111 6.0000 6.0000 6.0000 6.0000 6.0000 6.0000 6.0000 6.0000 6.0000 6.0000 6.0000 5.064444 3.951111 4.288889 4.773333 5.213333 5.788889 5.993333 6.0000 6.0000 6.0000 6.0000 6.0000 5.991111 5.228889 6.0000 5.702222 6.0000 5.906667 4.848889 5.884444 4.048889 5.615556 6.0000 5.004444 6.0000 6.0000 6.0000 5.991111 4.193333 2.815556 2.582222 3.937778 6.0000 6.0000 6.0000 6.0000 6.0000 6.0000 6.0000 6.0000 6.0000
5.6000 6.0000 6.0000 6.0000 6.0000 6.0000 6.0000 6.0000 6.0000 6.0000 5.653333 2.395556 5.006667 3.435556 5.184444 5.426667 6.0000 6.0000 6.0000 6.0000 6.0000 6.0000 6.0000 6.0000 6.0000 4.062222 1.953333 1.931111 4.673333 4.295556 4.511111 5.962222 6.0000 6.0000 6.0000 6.0000 6.0000 4.72000 0.304444 1.571111 2.684444 3.597778 2.006667 2.673333 5.066667 0.306666 1.702222 5.082222 5.38000 6.0000 6.0000 6.0000 6.0000 6.0000 6.0000 5.677778 2.653333 6.0000 6.0000 6.0000 6.0000 6.0000 6.0000 6.0000 6.0000 6.0000
5.6000 6.0000 6.0000 6.0000 6.0000 6.0000 6.0000 6.0000 6.0000 6.0000 6.0000 5.591111 5.088889 5.571111 2.186667 4.822222 6.0000 6.0000 6.0000 6.0000 6.0000 6.0000 6.0000 6.0000 6.0000 5.16000 3.066667 2.368889 4.995556 2.02000 4.137778 5.764444 5.988889 5.857778 6.0000 5.506667 2.32000 2.037778 3.882222 1.493333 0.46000 2.371111 0.8000 0.542222 3.197778 2.48000 3.964444 4.997778 5.671111 5.74000 3.377778 5.753333 6.0000 6.0000 6.0000 5.997778 3.266667 3.024444 5.582222 6.0000 6.0000 6.0000 6.0000 6.0000 6.0000 6.0000
5.6000 6.0000 6.0000 6.0000 6.0000 6.0000 6.0000 6.0000 6.0000 6.0000 5.886667 5.742222 5.273333 5.677778 4.404444 2.484444 5.784444 6.0000 6.0000 6.0000 5.711111 5.804444 6.0000 5.164444 5.777778 5.851111 2.437778 2.084444 5.288889 3.088889 2.631111 3.726667 4.98000 5.588889 5.653333 3.975556 0.022222 3.831111 5.991111 2.911111 0.862222 0.766666 0.308888 0.168888 0.284444 5.011111 5.411111 5.928889 4.368889 2.151111 2.404444 5.946667 6.0000 5.955556 6.0000 6.0000 6.0000 5.931111 4.662222 3.831111 4.797778 5.997778 6.0000 6.0000 6.0000 6.0000
5.6000 6.0000 6.0000 6.0000 6.0000 6.0000 6.0000 6.0000 6.0000 5.991111 5.824444 5.493333 5.451111 5.902222 5.288889 5.191111 5.342222 5.837778 6.0000 6.0000 6.0000 6.0000 6.0000 5.953333 5.993333 6.0000 5.806667 5.871111 5.928889 4.506667 3.844444 4.617778 5.031111 5.955556 5.777778 3.146667 0.32000 3.408889 6.0000 5.8000 2.491111 2.057778 0.075555 2.006667 3.062222 5.991111 6.0000 5.162222 1.002222 0.82000 3.786667 5.991111 4.428889 1.604444 3.786667 4.104444 3.151111 1.717778 4.608889 5.964444 4.131111 2.477778 5.142222 6.0000 6.0000 6.0000
5.6000 6.0000 6.0000 6.0000 6.0000 6.0000 6.0000 6.0000 5.884444 5.866667 5.837778 5.317778 3.275556 4.962222 4.962222 5.442222 5.371111 5.524444 6.0000 6.0000 6.0000 6.0000 6.0000 5.831111 5.991111 6.0000 5.991111 5.955556 5.831111 5.862222 5.282222 4.868889 5.082222 5.824444 5.946667 5.022222 1.262222 2.337778 5.953333 6.0000 4.94000 4.297778 1.993333 1.828889 5.491111 6.0000 6.0000 4.095556 2.215556 1.864444 1.522222 5.902222 3.691111 0.0000 0.086666 4.986667 5.006667 4.393333 2.6000 0.904444 1.137778 0.615555 1.311111 4.811111 6.0000 6.0000
5.6000 6.0000 6.0000 6.0000 6.0000 6.0000 6.0000 6.0000 5.408889 3.462222 5.58000 3.08000 4.04000 2.771111 4.822222 5.051111 4.991111 5.866667 6.0000 6.0000 5.902222 6.0000 6.0000 5.786667 5.946667 5.848889 6.0000 5.911111 5.262222 5.953333 5.946667 6.0000 6.0000 5.64000 5.468889 4.915556 2.655556 0.011111 1.593333 2.162222 2.268889 4.031111 6.0000 6.0000 5.666667 5.373333 5.711111 5.991111 2.491111 5.408889 5.988889 5.991111 1.751111 0.944444 1.508889 4.457778 3.58000 1.353333 4.708889 1.495556 1.511111 4.984444 5.46000 1.297778 5.906667 6.0000
5.6000 6.0000 6.0000 6.0000 6.0000 6.0000 6.0000 6.0000 6.0000 5.364444 5.92000 3.715556 2.722222 1.742222 4.544444 5.662222 5.848889 6.0000 6.0000 5.82000 4.8000 4.544444 5.677778 5.557778 4.153333 4.635556 4.464444 5.373333 4.862222 5.904444 5.937778 6.0000 6.0000 5.997778 4.1000 3.384444 2.74000 0.617777 0.082222 2.66000 3.848889 5.673333 6.0000 6.0000 6.0000 5.908889 5.864444 5.466667 3.633333 5.444444 5.622222 5.422222 4.451111 3.184444 3.811111 3.222222 5.148889 5.94000 6.0000 5.957778 5.886667 6.0000 5.077778 3.944444 2.791111 6.0000
5.6000 6.0000 6.0000 5.906667 5.982222 6.0000 6.0000 6.0000 5.946667 5.555556 3.408889 2.34000 0.806666 1.393333 2.673333 5.057778 6.0000 6.0000 5.791111 5.508889 5.075556 4.597778 4.411111 2.784444 4.36000 3.804444 4.077778 5.166667 5.317778 5.893333 6.0000 5.24000 5.6000 5.824444 1.26000 4.02000 5.12000 5.804444 4.262222 5.706667 5.72000 6.0000 6.0000 6.0000 6.0000 6.0000 6.0000 5.404444 5.031111 5.746667 5.946667 3.926667 1.895556 4.251111 2.831111 1.017778 4.946667 6.0000 2.577778 3.217778 4.544444 4.433333 2.491111 3.571111 2.671111 4.053333
4.586667 4.986667 4.871111 4.346667 0.957777 2.722222 4.924444 6.0000 4.728889 1.366667 1.951111 0.0000 0.024444 0.062222 0.0000 0.404444 1.78000 2.915556 5.122222 5.786667 2.54000 1.671111 1.991111 2.097778 1.095556 0.822222 1.471111 1.488889 2.131111 2.833333 3.346667 4.926667 5.117778 3.577778 0.008888 0.071111 0.24000 3.92000 2.835556 5.577778 6.0000 6.0000 6.0000 6.0000 6.0000 6.0000 5.84000 5.748889 5.535556 5.982222 5.355556 4.566667 3.802222 1.995556 0.437777 1.66000 6.0000 6.0000 5.946667 6.0000 6.0000 5.586667 5.231111 4.633333 4.342222 3.722222
5.591111 3.888889 0.248888 0.426666 0.817777 0.0000 1.182222 2.891111 1.008889 0.057777 0.226666 0.806666 0.0000 0.0000 0.0000 0.0000 0.0000 0.0000 1.937778 4.231111 4.393333 0.682222 0.148888 1.4000 3.78000 0.184444 0.0000 0.0000 0.004444 1.833333 1.366667 1.882222 1.662222 0.008888 0.0000 0.128888 0.0000 0.0000 0.008888 4.106667 5.851111 5.911111 5.488889 5.557778 5.997778 5.973333 5.644444 2.268889 5.213333 5.793333 2.993333 2.651111 4.333333 2.735556 2.277778 5.891111 6.0000 6.0000 6.0000 6.0000 6.0000 6.0000 6.0000 6.0000 5.491111 5.035556
4.886667 2.535556 1.633333 2.097778 1.255556 0.462222 0.333333 0.115555 0.133333 0.731111 0.097777 0.0000 0.0000 0.0000 0.0000 0.0000 0.0000 0.0000 0.0000 2.646667 5.097778 3.842222 3.504444 2.66000 4.306667 1.955556 0.053333 0.0000 0.0000 0.213333 0.008888 0.495555 0.64000 0.055555 0.0000 0.0000 0.0000 0.0000 0.0000 2.253333 5.42000 6.0000 5.451111 1.786667 2.8000 1.217778 1.242222 0.444444 3.517778 1.993333 0.975555 2.64000 1.455556 2.66000 6.0000 4.857778 6.0000 6.0000 6.0000 6.0000 6.0000 6.0000 6.0000 5.706667 5.633333 5.008889
5.6000 5.946667 6.0000 6.0000 5.955556 5.973333 5.973333 5.928889 5.642222 5.506667 5.633333 2.02000 0.731111 1.673333 0.24000 0.008888 0.0000 0.022222 1.591111 3.666667 6.0000 6.0000 5.991111 4.0000 3.702222 3.293333 3.124444 2.124444 0.397777 0.4000 1.375556 3.031111 0.326666 0.0000 0.231111 0.0000 0.026666 0.0000 0.0000 0.946666 5.808889 5.84000 5.271111 4.844444 1.406667 0.0000 0.0000 0.0000 0.002222 0.0000 0.0000 0.482222 0.948888 5.428889 6.0000 5.991111 6.0000 6.0000 6.0000 6.0000 6.0000 5.791111 5.022222 4.837778 2.44000 0.664444
5.511111 6.0000 6.0000 6.0000 6.0000 6.0000 6.0000 6.0000 6.0000 6.0000 5.888889 3.142222 4.18000 4.291111 4.008889 4.431111 3.8000 4.606667 5.317778 6.0000 5.902222 6.0000 5.991111 5.955556 5.286667 4.377778 6.0000 5.711111 4.848889 5.128889 1.497778 2.746667 0.237777 2.235556 4.728889 1.54000 0.431111 0.806666 0.222222 3.626667 5.608889 5.184444 5.506667 5.473333 5.668889 3.811111 1.482222 0.028888 0.0000 1.175556 3.077778 3.837778 5.444444 5.675556 5.382222 6.0000 5.644444 5.893333 6.0000 6.0000 6.0000 6.0000 5.375556 1.006667 0.953333 1.355556
4.611111 4.731111 6.0000 6.0000 6.0000 6.0000 5.946667 5.893333 6.0000 5.917778 3.793333 2.315556 2.497778 3.466667 5.848889 5.684444 5.657778 5.764444 5.817778 6.0000 6.0000 6.0000 6.0000 6.0000 6.0000 6.0000 6.0000 6.0000 6.0000 5.7000 3.764444 1.064444 3.131111 4.153333 3.937778 5.395556 5.422222 5.982222 4.042222 4.926667 5.946667 4.428889 5.162222 5.095556 5.915556 5.617778 2.897778 1.48000 3.782222 5.384444 5.784444 6.0000 6.0000 6.0000 5.955556 6.0000 6.0000 6.0000 5.946667 6.0000 6.0000 5.902222 1.813333 0.833333 3.52000 5.915556
4.853333 4.948889 5.311111 5.808889 5.933333 6.0000 5.893333 5.822222 4.313333 4.484444 5.484444 5.071111 4.246667 2.033333 2.742222 5.984444 5.928889 5.777778 6.0000 6.0000 6.0000 5.877778 6.0000 6.0000 6.0000 6.0000 6.0000 6.0000 5.377778 5.937778 5.386667 3.433333 1.993333 3.004444 5.644444 6.0000 6.0000 6.0000 6.0000 6.0000 6.0000 5.268889 5.84000 5.92000 5.675556 4.922222 5.902222 5.848889 5.802222 4.595556 5.906667 6.0000 5.946667 6.0000 5.577778 6.0000 6.0000 6.0000 6.0000 6.0000 6.0000 6.0000 3.74000 1.793333 4.84000 6.0000
