data/outputs/Sarzedas de Sao Pedro/2015/resolution_1/CONT_SPEC_1_15.asc
ncols         100
nrows         100
xllcorner     -8.224023584583
yllcorner      39.953368546911
cellsize       0.000134898240
NODATA_value  -9999
[rows 29 to 57 of 100, columns 0 to 65 of 100]
2.344444 0.028888 4.922222 5.777778 5.391111 2.648889 4.92000 4.926667 3.588889 3.951111 3.828889 5.068889 3.964444 0.357777 2.122222 3.797778 4.424444 4.768889 4.908889 5.857778 5.817778 2.024444 2.488889 4.9000 5.955556 5.982222 5.48000 4.828889 2.02000 0.324444 0.022222 0.0000 0.0000 0.0000 0.0000 0.0000 0.0000 1.54000 0.984444 1.206667 2.6000 4.068889 1.924444 0.426666 0.648888 2.202222 0.873333 0.015555 3.382222 4.171111 4.173333 5.904444 5.773333 6.0000 5.862222 6.0000 6.0000 6.0000 5.804444 6.0000 6.0000 6.0000 6.0000 4.793333 2.753333 5.186667
0.011111 1.104444 5.253333 6.0000 6.0000 5.733333 5.826667 5.326667 4.213333 4.591111 4.542222 4.295556 4.966667 0.962222 0.755555 2.551111 5.195556 4.8000 5.44000 6.0000 6.0000 4.415556 5.568889 5.315556 4.897778 5.484444 4.48000 4.288889 1.008889 0.0000 0.0000 0.14000 3.088889 4.093333 0.306666 0.0000 0.0000 0.597777 1.688889 1.924444 2.546667 1.582222 4.391111 1.884444 0.006666 1.866667 0.277777 0.0000 0.0000 0.615555 2.975556 5.991111 5.902222 5.893333 4.928889 4.635556 5.893333 6.0000 6.0000 6.0000 6.0000 6.0000 6.0000 5.875556 5.591111 5.751111
0.624444 0.306666 4.291111 5.871111 5.991111 6.0000 5.813333 5.695556 5.962222 5.275556 5.937778 6.0000 5.322222 3.271111 2.137778 4.053333 5.144444 5.62000 6.0000 5.448889 4.537778 4.717778 5.284444 5.657778 5.597778 4.886667 5.175556 5.902222 4.768889 4.275556 3.213333 2.675556 3.137778 4.348889 3.137778 1.268889 0.782222 0.313333 2.384444 2.617778 2.208889 1.577778 3.906667 5.58000 3.882222 3.317778 1.691111 0.857777 0.74000 5.571111 6.0000 6.0000 6.0000 6.0000 6.0000 6.0000 6.0000 6.0000 6.0000 6.0000 5.844444 6.0000 6.0000 6.0000 6.0000 6.0000
5.406667 5.657778 2.731111 4.062222 5.946667 6.0000 6.0000 6.0000 6.0000 6.0000 6.0000 6.0000 5.768889 3.433333 3.422222 4.471111 5.097778 3.362222 5.977778 4.946667 4.797778 4.335556 2.784444 4.904444 4.015556 4.666667 5.906667 6.0000 5.468889 5.46000 5.4000 5.848889 5.946667 5.333333 3.84000 2.588889 4.004444 2.333333 4.866667 4.915556 3.466667 3.815556 5.246667 6.0000 6.0000 6.0000 6.0000 4.713333 0.393333 5.837778 6.0000 6.0000 6.0000 6.0000 6.0000 6.0000 6.0000 6.0000 5.377778 2.704444 1.755556 5.826667 5.993333 5.997778 5.553333 5.542222
5.493333 6.0000 6.0000 4.706667 5.04000 6.0000 6.0000 6.0000 6.0000 6.0000 6.0000 5.822222 5.113333 1.597778 4.524444 3.242222 2.206667 3.902222 4.842222 2.788889 3.6000 4.062222 4.466667 3.162222 4.526667 4.88000 6.0000 6.0000 5.768889 5.091111 4.051111 4.337778 5.946667 6.0000 4.613333 4.411111 2.115556 1.226667 5.175556 4.48000 5.186667 5.846667 6.0000 5.542222 5.944444 5.304444 5.993333 4.817778 2.075556 2.106667 3.842222 2.891111 5.991111 5.342222 6.0000 6.0000 6.0000 6.0000 4.026667 1.333333 4.497778 4.38000 5.846667 5.764444 5.377778 4.615556
3.391111 5.068889 6.0000 6.0000 6.0000 5.82000 5.966667 6.0000 6.0000 6.0000 6.0000 6.0000 5.191111 5.024444 4.646667 4.371111 4.248889 3.424444 2.655556 3.62000 3.077778 2.335556 3.308889 2.622222 2.693333 5.724444 5.946667 4.684444 5.482222 4.228889 3.742222 2.735556 5.062222 5.902222 6.0000 3.16000 3.971111 3.426667 3.855556 1.704444 2.311111 4.113333 5.655556 5.304444 5.348889 2.466667 5.935556 5.937778 2.96000 0.068888 0.448888 1.373333 4.88000 5.584444 5.946667 6.0000 6.0000 5.948889 5.266667 2.924444 4.235556 1.155556 5.735556 4.775556 3.533333 5.211111
1.424444 0.095555 1.384444 3.317778 4.888889 5.96000 5.473333 5.684444 6.0000 6.0000 6.0000 6.0000 6.0000 6.0000 3.755556 2.111111 4.013333 4.042222 2.875556 2.008889 0.682222 0.608888 0.022222 0.108888 1.673333 5.426667 5.155556 5.666667 5.704444 3.288889 3.755556 3.093333 4.235556 6.0000 6.0000 6.0000 5.655556 3.682222 1.951111 4.411111 4.346667 5.02000 5.206667 3.471111 4.084444 4.375556 5.182222 4.666667 5.224444 3.562222 0.008888 0.0000 0.104444 1.317778 3.766667 5.553333 6.0000 5.808889 5.055556 3.913333 1.746667 2.444444 4.337778 4.942222 4.355556 5.486667
1.1000 0.015555 0.117777 0.0000 0.0000 0.442222 1.962222 1.066667 4.98000 6.0000 6.0000 6.0000 6.0000 6.0000 4.886667 5.848889 4.742222 3.786667 5.446667 2.804444 0.831111 2.873333 0.017777 0.984444 0.168888 3.131111 5.9000 5.886667 5.922222 5.62000 3.595556 4.286667 5.428889 5.991111 6.0000 6.0000 3.162222 1.433333 1.126667 2.975556 2.844444 3.18000 4.595556 4.346667 5.424444 5.0000 5.166667 2.693333 2.26000 4.173333 0.544444 3.846667 4.957778 4.131111 3.817778 4.546667 3.98000 2.655556 0.493333 0.502222 3.662222 4.684444 0.915555 0.54000 2.166667 5.686667
0.937777 0.0000 0.0000 0.0000 0.0000 0.008888 0.0000 2.975556 3.18000 3.784444 6.0000 6.0000 6.0000 6.0000 6.0000 5.506667 4.74000 2.502222 2.015556 3.428889 4.755556 1.064444 0.031111 0.182222 0.004444 0.86000 2.628889 5.208889 5.8000 5.744444 6.0000 6.0000 6.0000 6.0000 6.0000 5.955556 5.571111 2.826667 2.313333 2.66000 2.057778 1.82000 2.5000 3.935556 4.742222 5.726667 4.36000 4.353333 4.551111 2.315556 0.031111 1.324444 5.991111 5.973333 5.388889 2.96000 4.206667 3.82000 2.204444 1.342222 0.131111 1.56000 0.955555 0.0000 0.446666 1.02000
1.471111 0.102222 0.0000 0.0000 0.0000 0.0000 0.0000 1.048889 5.013333 3.353333 3.171111 5.975556 6.0000 6.0000 6.0000 6.0000 5.882222 4.024444 1.153333 1.731111 3.415556 0.091111 1.057778 1.266667 0.417777 0.386666 0.064444 0.997777 2.888889 5.106667 4.908889 5.402222 5.802222 6.0000 6.0000 5.991111 6.0000 4.186667 0.92000 2.873333 1.953333 1.764444 1.568889 3.768889 5.453333 5.846667 4.473333 4.846667 3.78000 2.084444 0.615555 0.022222 2.824444 4.691111 1.875556 2.731111 4.082222 1.24000 2.637778 0.0000 1.548889 0.708888 0.024444 0.091111 5.128889 1.5000
1.495556 0.0000 0.0000 0.0000 0.0000 0.0000 0.0000 1.148889 6.0000 6.0000 5.388889 3.268889 5.773333 6.0000 6.0000 6.0000 6.0000 5.9000 2.611111 0.004444 0.346666 0.0000 1.048889 5.36000 4.473333 0.237777 0.051111 0.0000 0.0000 0.797777 3.173333 4.473333 5.162222 5.991111 6.0000 6.0000 5.991111 4.542222 5.831111 5.717778 2.104444 2.742222 3.791111 3.06000 1.024444 1.328889 5.964444 5.871111 2.633333 0.386666 0.04000 0.355555 0.591111 0.797777 3.195556 3.155556 0.571111 1.133333 1.268889 0.753333 0.735555 0.197777 0.0000 0.168888 1.755556 4.382222
0.557777 0.0000 0.0000 0.0000 0.0000 0.0000 0.0000 2.291111 5.973333 6.0000 6.0000 5.788889 3.128889 5.76000 6.0000 5.895556 4.306667 2.228889 0.6000 0.588888 0.631111 0.0000 0.0000 2.102222 4.546667 3.426667 0.142222 0.164444 0.968888 1.348889 1.657778 2.56000 3.151111 5.837778 5.991111 6.0000 6.0000 6.0000 5.735556 2.188889 0.066666 1.14000 3.737778 4.406667 4.253333 5.097778 5.226667 1.095556 0.297777 0.117777 0.108888 0.557777 0.071111 0.966666 3.433333 2.746667 1.451111 0.168888 0.471111 2.933333 1.231111 0.0000 0.0000 0.871111 3.842222 5.655556
5.391111 3.811111 0.735555 0.0000 0.0000 0.0000 0.0000 1.173333 3.613333 5.64000 5.9000 6.0000 5.822222 1.806667 1.382222 0.106666 1.788889 1.326667 0.626666 0.626666 0.013333 0.708888 0.726666 3.335556 5.8000 5.715556 4.513333 4.675556 4.957778 3.991111 2.662222 0.988888 2.671111 2.795556 5.808889 6.0000 6.0000 6.0000 6.0000 2.74000 0.137777 1.48000 3.331111 5.395556 5.822222 5.168889 0.991111 0.011111 0.0000 0.928888 3.704444 1.824444 0.048888 0.002222 0.004444 0.004444 3.64000 2.026667 0.0000 0.117777 2.742222 0.0000 0.0000 2.34000 4.2000 3.488889
5.591111 5.695556 5.871111 2.226667 0.231111 0.173333 3.353333 2.453333 1.668889 1.193333 4.095556 4.282222 1.837778 0.193333 0.988888 3.046667 4.006667 4.917778 4.317778 4.602222 3.608889 4.835556 5.955556 5.84000 5.066667 6.0000 6.0000 6.0000 6.0000 6.0000 5.264444 2.824444 1.748889 3.504444 6.0000 6.0000 6.0000 6.0000 6.0000 5.933333 3.722222 0.371111 1.408889 4.353333 4.406667 1.097778 0.095555 0.0000 0.0000 0.78000 4.257778 5.386667 1.313333 0.002222 0.0000 0.0000 1.775556 1.337778 1.395556 2.035556 0.222222 1.011111 2.753333 4.313333 3.764444 0.155555
5.162222 5.571111 5.375556 2.353333 2.344444 1.873333 2.864444 5.411111 5.704444 5.88000 6.0000 5.897778 5.491111 2.873333 3.088889 4.437778 2.588889 3.18000 3.642222 2.0000 0.993333 5.491111 5.715556 3.708889 4.66000 5.562222 5.166667 6.0000 5.866667 5.548889 3.057778 2.862222 2.828889 3.886667 4.922222 5.686667 5.96000 5.951111 6.0000 4.04000 3.157778 1.953333 1.173333 0.364444 2.395556 1.506667 2.088889 1.435556 2.502222 0.511111 1.415556 1.395556 0.231111 0.0000 0.688888 3.68000 0.62000 0.34000 1.364444 0.993333 0.362222 0.248888 3.255556 5.755556 5.988889 2.535556
4.071111 4.315556 4.395556 1.828889 2.448889 2.208889 2.411111 5.033333 5.348889 6.0000 5.351111 5.991111 3.517778 0.515555 2.553333 2.848889 1.357778 0.611111 0.071111 1.433333 5.028889 5.233333 6.0000 3.353333 2.0000 1.804444 2.777778 3.617778 2.913333 5.033333 5.002222 4.522222 3.908889 4.395556 4.5000 5.913333 5.768889 4.88000 4.98000 5.026667 4.388889 5.64000 1.484444 0.775555 4.948889 3.96000 4.408889 2.188889 2.22000 0.924444 1.577778 1.7000 0.668888 1.375556 2.648889 4.122222 2.56000 0.973333 0.246666 0.0000 2.051111 4.135556 2.733333 4.537778 3.315556 0.035555
4.877778 1.44000 1.044444 1.52000 0.504444 3.228889 5.486667 5.58000 5.253333 5.946667 6.0000 6.0000 5.855556 1.644444 0.353333 0.006666 0.0000 0.264444 1.037778 4.664444 5.766667 5.726667 5.937778 4.72000 1.122222 0.0000 0.0000 0.071111 0.16000 0.906666 5.848889 5.826667 5.597778 5.613333 5.235556 5.991111 5.055556 5.171111 4.18000 5.02000 5.388889 5.577778 3.197778 1.962222 2.831111 2.942222 0.76000 1.4000 0.817777 2.148889 0.291111 0.795555 0.426666 2.266667 1.373333 0.24000 2.26000 1.566667 0.242222 0.953333 2.86000 4.328889 0.577777 1.704444 4.086667 1.713333
5.6000 5.693333 3.262222 0.897777 1.122222 2.484444 2.548889 4.868889 5.48000 4.422222 5.691111 3.102222 1.96000 0.748888 0.66000 0.455555 0.433333 1.266667 0.735555 4.506667 4.657778 4.862222 5.011111 5.855556 4.213333 3.246667 0.286666 0.204444 2.133333 5.195556 5.991111 6.0000 6.0000 6.0000 5.848889 5.635556 5.368889 5.504444 4.926667 5.382222 4.391111 2.533333 2.724444 0.366666 0.311111 0.244444 0.0000 0.024444 3.315556 2.864444 0.622222 0.0000 0.0000 0.0000 0.0000 0.32000 0.995555 2.648889 1.664444 0.315555 0.724444 5.657778 0.273333 1.042222 1.564444 4.753333
5.6000 5.96000 3.408889 0.548888 3.808889 0.951111 0.0000 0.097777 1.971111 4.664444 4.902222 6.0000 5.684444 3.457778 2.295556 0.151111 2.9000 5.322222 2.204444 0.304444 1.815556 4.524444 4.306667 5.913333 4.006667 4.186667 2.513333 5.133333 5.915556 6.0000 6.0000 6.0000 6.0000 6.0000 5.946667 5.911111 2.626667 5.511111 3.342222 2.346667 4.551111 1.226667 1.822222 1.128889 2.988889 0.475555 0.0000 0.0000 1.193333 1.124444 0.78000 2.126667 0.193333 0.0000 0.0000 0.0000 1.364444 5.748889 2.553333 0.0000 0.022222 3.213333 0.655555 0.593333 1.324444 1.202222
5.6000 6.0000 2.035556 0.0000 0.06000 0.024444 0.0000 0.0000 3.691111 0.986666 1.008889 5.648889 2.095556 0.831111 1.568889 2.108889 5.04000 5.991111 5.148889 1.373333 2.042222 3.053333 1.493333 4.191111 3.022222 0.0000 2.262222 5.726667 5.706667 6.0000 6.0000 4.76000 5.293333 5.893333 4.962222 2.357778 3.873333 5.937778 5.991111 4.844444 2.733333 1.315556 0.255555 1.242222 1.286667 4.764444 2.277778 0.244444 0.488888 0.962222 3.926667 2.475556 4.362222 3.1000 0.615555 0.0000 4.271111 2.302222 2.364444 1.057778 0.0000 0.0000 0.337777 2.928889 5.42000 1.393333
5.6000 5.946667 3.502222 0.497777 0.008888 0.442222 0.486666 0.582222 3.026667 4.908889 3.135556 2.146667 0.862222 0.737777 1.395556 0.484444 3.404444 3.953333 3.046667 1.073333 0.462222 1.271111 1.946667 0.742222 2.231111 1.877778 2.944444 5.122222 4.2000 5.982222 5.991111 5.251111 5.908889 4.486667 0.117777 0.102222 1.173333 5.684444 4.868889 1.02000 0.004444 0.542222 0.422222 0.037777 0.0000 1.411111 2.24000 0.093333 0.0000 0.133333 4.833333 3.72000 3.468889 0.175555 0.008888 1.324444 1.202222 2.513333 0.726666 2.48000 2.4000 0.888888 0.72000 2.004444 3.004444 1.846667
5.6000 6.0000 6.0000 3.9000 2.468889 1.942222 4.546667 4.528889 4.982222 2.953333 2.526667 4.846667 5.291111 5.393333 4.571111 1.92000 5.402222 3.84000 4.997778 2.417778 0.98000 5.053333 5.835556 5.728889 1.951111 1.028889 0.004444 1.211111 5.124444 4.157778 4.535556 4.184444 5.688889 1.935556 0.017777 1.231111 0.124444 3.306667 3.093333 2.088889 0.0000 0.133333 0.846666 0.346666 0.026666 2.817778 1.175556 0.015555 0.786666 3.031111 5.831111 3.053333 1.102222 2.768889 0.217777 2.251111 2.302222 2.046667 1.308889 1.362222 1.653333 0.226666 0.146666 0.011111 0.055555 0.451111
5.6000 6.0000 5.926667 5.595556 3.193333 2.544444 3.602222 4.72000 5.902222 4.008889 5.32000 6.0000 6.0000 6.0000 5.602222 3.488889 5.755556 4.648889 5.964444 5.646667 1.737778 2.082222 2.813333 3.571111 0.48000 0.495555 0.671111 0.035555 0.144444 1.768889 3.406667 3.417778 5.573333 5.7000 3.742222 5.428889 2.088889 0.762222 2.106667 1.586667 1.777778 2.715556 2.48000 1.004444 1.064444 0.902222 0.102222 0.544444 0.0000 3.562222 2.566667 1.786667 1.575556 0.255555 2.773333 1.951111 0.38000 0.066666 0.04000 0.004444 0.433333 3.506667 4.595556 0.7000 0.271111 2.08000
5.6000 6.0000 5.768889 3.926667 0.357777 2.748889 5.115556 4.964444 5.628889 2.891111 5.682222 6.0000 6.0000 6.0000 5.94000 4.046667 6.0000 5.64000 5.275556 4.875556 1.375556 1.491111 0.051111 0.202222 1.417778 2.715556 1.755556 0.664444 0.0000 1.866667 1.842222 1.404444 1.842222 4.246667 4.064444 6.0000 3.713333 0.0000 0.073333 0.06000 0.428888 1.575556 1.222222 2.373333 1.797778 0.368888 2.935556 3.604444 0.0000 0.428888 0.428888 0.053333 0.0000 0.0000 0.255555 0.373333 0.168888 1.113333 1.924444 1.486667 1.188889 2.551111 2.906667 0.595555 0.0000 0.024444
5.6000 6.0000 6.0000 6.0000 2.728889 3.148889 4.964444 5.011111 4.793333 5.104444 6.0000 5.775556 5.124444 5.497778 3.164444 4.724444 6.0000 5.517778 1.568889 1.624444 2.722222 3.608889 0.268888 0.382222 0.993333 1.815556 2.013333 0.182222 2.395556 2.504444 5.295556 5.664444 4.304444 3.022222 3.008889 5.451111 4.177778 1.008889 1.797778 0.068888 0.226666 1.36000 4.806667 4.588889 3.873333 0.262222 0.788888 3.751111 2.242222 0.015555 0.0000 0.0000 0.0000 0.0000 0.0000 0.097777 1.244444 1.408889 2.062222 0.015555 1.211111 0.0000 0.337777 1.0000 0.0000 0.353333
5.6000 6.0000 6.0000 5.642222 5.171111 5.526667 5.664444 5.955556 5.902222 6.0000 6.0000 4.753333 3.442222 4.18000 1.408889 4.246667 6.0000 6.0000 2.368889 0.166666 2.151111 0.586666 0.0000 0.051111 0.022222 0.735555 1.202222 2.377778 1.733333 2.717778 5.873333 5.504444 5.262222 5.842222 5.8000 5.984444 5.931111 1.182222 3.502222 0.0000 0.0000 1.784444 4.066667 5.262222 2.375556 2.486667 5.857778 5.973333 4.468889 2.035556 0.082222 0.404444 0.097777 0.0000 0.386666 0.017777 0.055555 0.711111 1.953333 1.317778 0.04000 0.506666 0.257777 1.197778 2.046667 1.013333
5.6000 6.0000 6.0000 5.751111 5.206667 6.0000 6.0000 6.0000 6.0000 6.0000 5.991111 5.171111 4.653333 4.553333 1.626667 3.94000 6.0000 6.0000 5.897778 5.655556 4.622222 5.802222 2.12000 2.504444 3.326667 2.542222 1.828889 3.668889 1.648889 4.073333 5.942222 5.991111 5.924444 6.0000 5.782222 5.906667 5.997778 1.964444 1.893333 0.128888 0.026666 0.811111 2.613333 4.102222 2.34000 3.24000 5.875556 5.455556 1.744444 0.024444 0.0000 1.011111 2.82000 1.555556 0.008888 0.0000 0.606666 2.168889 2.697778 0.024444 0.782222 2.024444 0.177777 0.422222 0.482222 2.188889
5.6000 6.0000 6.0000 5.197778 5.782222 6.0000 6.0000 6.0000 6.0000 6.0000 5.946667 5.131111 2.468889 4.148889 1.28000 5.562222 5.402222 4.913333 5.071111 6.0000 6.0000 5.004444 1.742222 4.124444 2.933333 4.124444 2.222222 4.637778 3.795556 2.993333 2.82000 4.426667 5.924444 6.0000 6.0000 6.0000 5.991111 4.284444 0.873333 4.037778 5.351111 4.068889 3.002222 2.742222 0.24000 1.435556 5.371111 2.957778 0.815555 0.0000 0.0000 0.0000 0.217777 0.182222 0.0000 0.0000 0.0000 0.0000 0.0000 0.0000 0.635555 3.213333 0.095555 3.488889 3.375556 1.764444
5.6000 6.0000 6.0000 6.0000 6.0000 6.0000 6.0000 6.0000 6.0000 6.0000 6.0000 4.364444 4.331111 2.691111 0.217777 4.237778 2.782222 0.062222 1.251111 5.695556 5.791111 3.468889 0.36000 1.664444 0.988888 0.684444 0.364444 2.284444 1.455556 2.002222 2.195556 1.184444 2.666667 5.991111 6.0000 5.211111 1.331111 2.413333 1.74000 5.295556 5.466667 5.677778 4.973333 5.237778 1.066667 5.153333 3.591111 0.424444 0.0000 1.06000 0.0000 0.0000 0.0000 0.0000 0.0000 0.0000 0.0000 0.0000 0.0000 0.0000 0.0000 0.0000 0.0000 3.226667 5.877778 4.468889
