data/outputs/Sarzedas de Sao Pedro/2015/resolution_1/CONT_SPEC_1_25.asc
ncols         60
nrows         60
xllcorner     -8.224023584583
yllcorner      39.953368546911
cellsize       0.000224830400
NODATA_value  -9999
[rows 0 to 30 of 60, columns 0 to 59 of 60]
0.001600 0.092800 0.0000 2.886400 5.61600 5.42000 4.34800 2.777600 0.265600 0.411200 3.800800 5.740800 5.427200 4.97600 3.59200 2.749600 1.320800 0.44000 0.30800 0.135200 1.894400 4.423200 4.795200 3.105600 1.05600 0.430400 3.406400 1.896800 3.272800 2.89200 4.287200 5.588800 3.62000 2.707200 1.794400 5.397600 2.638400 1.10400 0.256800 1.981600 1.512800 0.972800 3.184800 3.691200 4.58800 4.965600 5.255200 5.443200 5.76000 5.76000 5.76000 5.172800 4.981600 2.084800 4.89200 1.380800 4.619200 2.369600 1.68800 5.358400
1.293600 0.948800 0.0000 1.363200 5.226400 4.781600 2.879200 2.010400 1.658400 2.35200 5.166400 5.4000 2.682400 0.355200 0.0000 0.3000 0.235200 0.076800 0.0000 0.08000 1.07200 4.79200 4.749600 0.084800 0.053600 0.114400 0.16400 0.581600 0.180800 2.5000 4.622400 1.751200 1.510400 1.776800 1.22400 2.295200 2.079200 0.387200 0.897600 1.90800 4.953600 4.478400 3.836800 4.947200 3.978400 5.623200 4.055200 2.924800 6.0000 6.0000 6.0000 6.0000 4.388800 5.527200 1.491200 2.052800 4.295200 0.829600 0.129600 3.305600
4.682400 1.246400 5.008800 3.285600 2.22800 3.409600 4.12400 4.078400 4.345600 2.354400 2.150400 2.40400 3.238400 3.377600 2.490400 1.609600 0.519200 0.082400 0.938400 0.435200 0.245600 3.858400 5.069600 0.469600 0.037600 0.136800 0.0000 0.38400 3.079200 1.024800 0.926400 0.483200 2.138400 1.37600 0.006400 0.047200 1.493600 3.748800 2.712800 2.428800 4.238400 4.287200 3.101600 3.306400 3.28800 4.090400 5.262400 5.996800 6.0000 6.0000 6.0000 5.91200 5.88800 5.90800 2.926400 4.342400 4.126400 3.81600 4.801600 5.609600
1.519200 2.671200 5.732800 1.93600 0.548800 2.125600 4.051200 2.805600 1.749600 2.909600 4.208800 3.028800 2.14800 0.400800 0.348800 0.0000 0.197600 2.709600 1.19600 2.225600 1.576800 1.796800 5.79600 3.9000 0.732800 0.525600 0.265600 0.0000 0.207200 0.0000 0.512800 1.37600 0.004800 0.32800 1.334400 2.704800 5.585600 6.0000 6.0000 5.506400 5.58400 5.167200 4.853600 3.718400 5.584800 6.0000 5.964800 5.704800 5.93600 5.936800 6.0000 6.0000 5.964800 4.427200 4.913600 2.734400 4.991200 6.0000 5.996800 5.76000
0.704800 1.95200 2.574400 0.419200 2.069600 2.678400 2.391200 1.63600 1.798400 3.628800 5.220800 4.468800 2.08800 1.99200 2.163200 3.152800 4.671200 4.989600 2.305600 2.27200 1.789600 3.598400 5.96000 3.47200 1.02000 0.410400 0.058400 0.197600 0.02000 0.167200 1.035200 3.350400 3.431200 3.16800 2.76800 4.832800 5.964800 4.927200 5.484800 6.0000 6.0000 6.0000 5.996800 5.961600 6.0000 5.931200 5.980800 5.521600 5.600800 5.952800 6.0000 4.398400 5.238400 3.95600 4.42800 5.996800 6.0000 6.0000 5.98400 5.76000
0.335200 2.910400 3.160800 1.781600 2.263200 3.12400 1.787200 3.761600 4.161600 6.0000 5.941600 5.837600 5.160800 5.790400 5.94800 4.224800 5.24000 4.12800 5.794400 4.09200 0.986400 3.723200 5.288800 1.363200 0.008800 0.0000 2.458400 3.478400 1.366400 1.58800 2.717600 5.519200 3.927200 4.880800 4.264800 3.939200 3.202400 3.960800 5.699200 6.0000 5.980800 6.0000 5.435200 3.431200 5.235200 5.705600 5.316800 5.330400 5.407200 5.531200 5.90800 5.996800 4.950400 4.438400 5.771200 5.991200 3.784800 3.32800 5.510400 4.792800
0.735200 0.387200 2.837600 4.947200 4.991200 5.381600 3.958400 4.933600 5.375200 6.0000 6.0000 6.0000 5.980800 6.0000 6.0000 6.0000 4.143200 3.400800 5.290400 4.70800 1.450400 0.028800 2.408800 4.32400 1.143200 0.249600 5.178400 3.410400 2.081600 2.39200 4.21200 3.838400 2.229600 1.958400 2.670400 4.213600 3.354400 5.980800 6.0000 5.98400 5.462400 5.820800 5.738400 3.206400 3.20800 5.785600 3.967200 5.174400 5.640800 4.17200 4.769600 5.412800 5.22400 6.0000 5.729600 3.690400 0.639200 4.350400 5.103200 1.878400
1.417600 1.373600 0.467200 4.240800 5.806400 5.859200 4.988800 5.121600 4.306400 4.88800 6.0000 6.0000 6.0000 6.0000 6.0000 5.948800 4.269600 5.369600 3.511200 3.567200 2.558400 0.159200 5.31600 5.953600 3.825600 2.64000 5.95600 5.687200 4.344800 1.28400 5.254400 5.970400 5.9000 3.141600 0.330400 0.578400 4.087200 6.0000 6.0000 5.919200 4.220800 5.155200 4.84400 2.394400 3.230400 4.184800 3.729600 4.635200 2.56000 2.353600 1.205600 2.77200 5.72800 5.567200 4.827200 1.39600 2.596800 5.693600 3.97600 0.663200
2.787200 1.879200 0.925600 0.349600 3.768800 5.996800 6.0000 5.361600 5.990400 6.0000 6.0000 6.0000 6.0000 6.0000 6.0000 5.993600 5.500800 5.961600 5.990400 2.454400 0.965600 3.365600 6.0000 5.817600 5.718400 5.473600 5.76400 6.0000 4.934400 4.58000 5.73600 6.0000 5.980800 6.0000 4.292800 1.258400 1.446400 5.974400 5.795200 5.686400 2.667200 1.057600 2.020800 3.656800 4.385600 5.736800 4.616800 4.599200 5.244800 4.179200 3.112800 2.111200 3.997600 5.578400 5.847200 1.377600 2.06400 1.215200 1.70400 0.67200
3.632800 0.805600 1.40800 2.291200 3.995200 4.79200 6.0000 6.0000 5.902400 5.929600 5.88000 6.0000 6.0000 6.0000 6.0000 6.0000 5.975200 6.0000 5.000800 3.296800 5.505600 3.294400 6.0000 6.0000 5.993600 5.80800 5.764800 5.947200 6.0000 5.324800 3.460800 5.425600 6.0000 6.0000 5.982400 5.706400 3.858400 3.712800 4.412800 1.632800 1.79600 5.22000 5.590400 3.950400 4.738400 5.584800 5.629600 1.862400 1.61600 3.662400 2.830400 4.14400 3.969600 5.859200 5.985600 1.726400 1.035200 0.190400 2.850400 3.585600
3.273600 5.95200 5.307200 5.891200 6.0000 5.939200 5.980800 6.0000 6.0000 6.0000 6.0000 6.0000 5.993600 5.299200 5.656800 6.0000 5.93200 6.0000 4.986400 4.665600 5.249600 4.801600 3.82800 5.98400 6.0000 6.0000 6.0000 5.927200 5.844800 3.589600 1.83600 1.319200 5.43200 5.026400 4.956800 6.0000 5.687200 1.628800 1.468800 1.490400 0.970400 3.170400 4.38800 5.181600 5.513600 5.997600 5.672800 3.71600 3.952800 2.433600 4.753600 6.0000 6.0000 6.0000 5.985600 4.04000 0.14800 0.107200 0.145600 4.532800
1.124800 5.98400 5.860800 5.977600 5.964800 5.981600 5.707200 6.0000 6.0000 6.0000 6.0000 6.0000 5.964800 5.84800 3.981600 3.625600 4.409600 4.176800 4.463200 5.398400 4.483200 5.107200 2.365600 5.018400 6.0000 6.0000 5.996800 5.347200 5.574400 5.393600 3.841600 5.63200 4.646400 5.274400 3.68400 5.74800 5.980800 4.328800 4.53600 5.849600 4.086400 1.830400 1.212800 4.371200 5.44800 5.986400 6.0000 5.316800 5.477600 5.497600 5.951200 6.0000 6.0000 5.418400 4.53600 5.44000 3.93600 3.508800 4.000800 5.707200
2.234400 4.753600 5.961600 6.0000 6.0000 6.0000 5.877600 6.0000 6.0000 5.993600 6.0000 6.0000 5.814400 5.806400 4.58400 4.46800 4.366400 2.472800 1.832800 0.72400 0.953600 5.72400 2.873600 3.218400 4.302400 6.0000 5.980800 3.42400 5.046400 5.857600 6.0000 5.627200 5.453600 5.465600 4.174400 5.155200 6.0000 2.86800 3.116800 3.42400 4.607200 5.364800 2.888800 5.944800 4.398400 2.977600 5.920800 1.51600 2.38000 2.326400 6.0000 6.0000 6.0000 5.607200 5.980800 6.0000 6.0000 6.0000 5.71600 5.59600
4.133600 2.947200 5.980800 5.996800 5.980800 5.825600 5.636800 5.996800 6.0000 5.731200 5.849600 5.566400 5.792800 3.455200 3.477600 5.945600 3.033600 0.035200 0.0000 0.0000 0.045600 1.853600 2.822400 3.258400 3.996800 3.761600 5.999200 5.469600 5.819200 4.990400 5.423200 5.117600 5.980800 5.950400 5.278400 6.0000 6.0000 5.818400 4.76400 2.630400 4.18400 5.58000 5.68400 5.42400 4.201600 0.606400 4.591200 4.696800 2.896800 3.057600 6.0000 6.0000 6.0000 5.580800 4.792800 3.404800 4.940800 4.61600 2.12800 1.638400
5.614400 0.68400 4.803200 4.475200 5.149600 5.335200 3.506400 5.612800 5.155200 5.54000 5.857600 4.984800 3.493600 5.378400 5.297600 5.870400 5.011200 3.625600 1.938400 0.012800 0.506400 1.802400 1.295200 4.1000 5.945600 4.139200 3.533600 5.626400 4.59200 5.652800 3.771200 5.174400 5.982400 5.93600 6.0000 5.951200 5.993600 4.422400 3.112800 4.257600 5.688800 5.44400 5.541600 4.91600 3.92800 4.35600 4.704800 5.960800 4.008800 5.78000 6.0000 5.996800 5.939200 2.798400 0.26800 0.0000 0.676800 1.15600 0.054400 1.339200
4.470400 0.075200 0.241600 2.971200 5.732800 5.316800 4.596800 5.81200 4.466400 2.357600 4.613600 5.119200 4.095200 3.710400 5.711200 5.755200 5.723200 4.068800 3.458400 1.086400 0.269600 1.28400 2.266400 5.627200 5.511200 5.348800 3.466400 3.013600 5.266400 4.176800 4.889600 4.302400 5.320800 5.169600 5.865600 4.057600 1.922400 5.404800 6.0000 5.958400 5.554400 5.810400 5.108800 5.757600 4.417600 3.438400 1.952800 4.159200 5.690400 6.0000 3.30400 2.123200 4.77600 2.66400 0.004800 0.167200 3.576800 0.88000 1.463200 2.750400
3.319200 0.098400 1.320800 3.17600 4.536800 3.31200 5.479200 4.020800 3.966400 2.540800 4.220800 5.77600 3.10400 4.797600 6.0000 5.929600 5.859200 4.350400 2.84400 1.437600 0.099200 2.910400 4.983200 3.713600 5.197600 5.293600 4.787200 2.051200 3.696800 4.84400 5.05200 5.88400 5.900800 5.971200 5.910400 5.991200 4.813600 5.83600 5.932800 6.0000 6.0000 6.0000 6.0000 6.0000 5.761600 5.315200 5.553600 2.412800 4.457600 5.594400 3.431200 0.850400 2.406400 1.0000 0.24400 2.179200 3.831200 2.608800 1.184800 3.81200
1.535200 2.97600 4.533600 4.006400 4.705600 3.297600 4.627200 3.612800 1.926400 4.31600 4.750400 5.739200 3.363200 3.01200 5.753600 5.828800 4.805600 1.402400 0.288800 0.0000 0.0000 0.034400 2.108800 1.326400 2.690400 2.285600 2.270400 1.119200 0.76800 4.040800 5.321600 5.90400 5.870400 6.0000 5.87200 5.3000 6.0000 6.0000 3.932800 4.881600 4.60800 5.44800 5.705600 5.939200 6.0000 5.982400 5.649600 1.985600 4.21200 4.56800 4.962400 5.64000 5.521600 1.96400 0.059200 0.74800 1.110400 1.223200 1.485600 5.694400
0.02400 4.759200 5.950400 5.844800 5.465600 4.690400 4.908800 4.806400 1.360800 3.894400 5.264800 5.803200 5.047200 5.345600 5.379200 4.873600 4.531200 1.68000 0.63200 3.01200 2.572800 0.04800 0.396800 1.916800 1.758400 3.608800 1.795200 1.287200 0.014400 1.669600 4.911200 5.926400 5.611200 5.486400 5.98400 6.0000 6.0000 6.0000 5.80800 5.910400 5.358400 5.16400 5.993600 6.0000 5.895200 5.671200 5.931200 3.185600 2.801600 3.790400 5.845600 5.96800 5.947200 5.508800 4.365600 3.412800 0.00800 0.082400 3.04000 5.756800
4.809600 3.640800 5.225600 6.0000 6.0000 5.996800 5.980800 5.605600 2.69200 4.568800 4.49200 4.956800 4.400800 3.703200 4.813600 5.44800 6.0000 5.28800 5.570400 5.330400 4.50400 3.61200 2.284800 5.123200 3.836800 5.222400 5.993600 5.94000 3.876800 3.652800 5.860800 5.851200 5.993600 6.0000 5.990400 3.59600 4.10400 5.93600 5.766400 5.045600 5.383200 4.330400 4.32400 5.929600 6.0000 5.756800 4.524800 4.31200 3.63600 1.206400 3.347200 5.295200 6.0000 5.964800 5.644800 5.09200 0.63600 1.814400 4.80800 5.76000
4.60800 5.983200 5.66400 5.923200 6.0000 6.0000 6.0000 4.81200 4.418400 3.740800 3.373600 3.293600 3.31600 3.382400 3.019200 5.497600 5.458400 4.99200 3.348800 5.146400 5.48800 3.473600 2.919200 3.198400 4.008800 5.515200 5.466400 4.45200 5.473600 0.831200 1.210400 4.817600 5.894400 6.0000 5.932800 3.290400 3.279200 5.217600 4.595200 4.681600 5.95600 4.843200 1.827200 5.625600 2.744800 1.121600 4.33200 5.92000 5.17600 1.460800 1.19200 0.58800 2.046400 5.54400 5.553600 4.583200 0.487200 1.244800 3.166400 5.047200
0.78000 0.897600 2.637600 4.074400 4.333600 6.0000 6.0000 6.0000 4.791200 3.639200 4.246400 3.17600 1.032800 0.205600 0.744800 5.011200 5.636800 4.801600 3.584800 4.272800 6.0000 5.789600 2.471200 2.680800 4.05200 4.626400 4.194400 4.995200 3.642400 4.123200 0.687200 1.830400 2.919200 4.865600 4.611200 2.696800 2.795200 3.282400 3.498400 5.794400 5.729600 3.472800 4.98400 5.836800 6.0000 6.0000 6.0000 5.431200 5.8000 5.25200 3.239200 5.987200 5.871200 5.832800 4.97200 1.772800 0.019200 0.040800 1.120800 4.431200
0.669600 0.0000 0.0000 0.003200 2.241600 3.749600 5.91200 6.0000 6.0000 5.532800 2.725600 2.996800 3.40800 0.099200 0.384800 1.726400 4.595200 5.792800 5.961600 6.0000 6.0000 5.723200 2.99200 2.441600 2.011200 2.901600 4.693600 5.038400 4.37600 3.620800 0.504800 5.387200 5.277600 3.650400 2.946400 1.525600 1.277600 0.869600 0.841600 2.357600 4.993600 4.65600 5.565600 5.82800 3.98800 3.754400 4.712800 4.663200 5.993600 5.381600 5.26000 5.980800 6.0000 5.929600 5.677600 5.254400 1.562400 0.109600 0.0000 1.241600
0.901600 0.0000 0.0000 0.0000 1.615200 5.37200 4.123200 5.652800 6.0000 6.0000 5.327200 0.620800 0.646400 1.663200 3.150400 0.152800 0.090400 1.88400 4.214400 5.234400 6.0000 6.0000 4.627200 4.634400 2.1000 2.790400 3.160800 4.222400 5.075200 1.20400 0.16400 0.84800 2.618400 2.854400 1.711200 0.56000 0.958400 0.0000 2.046400 3.283200 4.459200 5.124800 3.642400 3.26800 0.019200 3.46000 5.986400 6.0000 6.0000 5.980800 6.0000 6.0000 6.0000 6.0000 6.0000 5.828800 4.772800 2.97200 1.610400 0.132800
2.024800 0.097600 0.0000 0.0000 2.259200 5.971200 5.96400 4.352800 4.525600 3.425600 1.29600 0.23600 0.227200 0.092800 4.155200 3.384800 1.735200 2.132800 2.288800 3.372800 5.553600 6.0000 6.0000 3.627200 0.447200 3.732800 4.847200 4.784800 0.97600 0.34800 1.130400 0.047200 1.583200 1.817600 1.087200 1.221600 1.389600 0.0000 3.28400 4.392800 1.973600 4.20800 2.864800 4.240800 2.156800 3.213600 5.994400 6.0000 6.0000 6.0000 6.0000 6.0000 6.0000 6.0000 6.0000 6.0000 6.0000 6.0000 5.58400 5.074400
5.641600 4.769600 1.196800 1.077600 2.58800 2.630400 4.92000 3.195200 0.841600 2.937600 3.80400 3.957600 3.27200 5.185600 5.604800 5.92000 6.0000 5.892800 3.889600 1.943200 4.882400 5.94400 6.0000 5.443200 1.8000 1.771200 4.125600 1.26800 0.027200 0.421600 4.596800 1.150400 0.051200 0.9000 1.678400 1.583200 0.188800 2.37600 4.486400 0.698400 0.0000 2.175200 5.904800 6.0000 5.460800 5.542400 6.0000 6.0000 6.0000 5.678400 6.0000 6.0000 6.0000 6.0000 6.0000 6.0000 6.0000 6.0000 6.0000 5.74000
4.815200 4.247200 1.679200 2.156800 4.85200 5.921600 5.729600 4.33600 2.231200 3.449600 1.610400 1.3000 3.960800 5.646400 2.583200 3.240800 4.467200 4.736800 3.646400 3.659200 4.371200 5.908800 5.290400 5.03600 4.37600 1.732800 2.480800 3.31200 2.407200 1.811200 1.515200 0.296800 1.647200 3.303200 0.94000 0.070400 1.972800 3.035200 4.750400 0.78800 0.26000 2.696800 3.074400 6.0000 5.991200 5.957600 5.546400 5.999200 6.0000 6.0000 6.0000 6.0000 6.0000 6.0000 6.0000 5.889600 5.90400 5.673600 4.539200 3.622400
4.528800 2.03200 0.733600 3.806400 5.351200 5.337600 5.630400 4.004800 0.393600 0.077600 0.412800 3.23200 5.816800 5.813600 3.236800 0.562400 0.114400 1.758400 5.942400 5.792800 5.531200 5.741600 4.862400 5.022400 4.54800 3.19200 1.731200 1.19200 0.939200 2.14800 0.386400 0.373600 1.095200 0.69200 1.570400 0.62000 3.263200 1.436800 2.655200 3.109600 3.564800 2.495200 3.028800 5.243200 4.490400 2.669600 2.768800 5.88000 5.932800 6.0000 6.0000 6.0000 5.865600 6.0000 5.980800 5.999200 5.86800 5.626400 5.052800 4.713600
5.76000 3.074400 1.848800 0.403200 0.861600 3.654400 4.728800 4.240800 2.49600 0.833600 4.937600 1.40800 2.45200 4.257600 4.973600 2.787200 3.990400 5.862400 5.97200 5.913600 5.961600 4.943200 5.133600 3.677600 3.779200 0.99200 1.710400 0.88400 0.24400 1.633600 1.570400 0.86400 0.289600 0.487200 4.888800 0.686400 1.273600 1.04000 1.784800 1.86400 1.859200 1.474400 1.420800 2.552800 3.32000 2.499200 2.88400 4.68800 5.94400 6.0000 6.0000 6.0000 6.0000 5.974400 5.89600 5.964800 5.969600 5.686400 4.369600 3.627200
5.76000 3.048800 0.04800 0.273600 0.67600 3.80400 2.485600 1.670400 0.912800 2.415200 4.698400 2.100800 1.383200 1.961600 2.107200 1.340800 5.333600 5.529600 5.843200 5.226400 2.983200 0.876800 5.172800 3.387200 0.570400 0.360800 0.699200 3.019200 0.242400 0.471200 4.004800 3.384800 0.833600 1.292800 2.155200 1.688800 1.04800 0.69200 3.486400 1.36400 0.813600 0.201600 0.30800 0.570400 0.568800 3.173600 0.170400 1.16000 3.959200 4.857600 6.0000 6.0000 6.0000 5.98800 5.82400 5.980800 5.841600 6.0000 6.0000 5.646400
5.76000 5.81200 3.761600 2.63600 4.669600 4.32000 4.305600 5.681600 5.190400 3.858400 4.124800 4.598400 2.439200 5.239200 2.983200 0.390400 1.063200 3.297600 4.201600 5.517600 1.789600 1.945600 1.925600 2.67600 0.87200 1.633600 0.375200 1.748800 0.050400 2.473600 3.799200 1.258400 1.580800 2.08800 0.888800 0.816800 1.020800 1.341600 0.121600 1.051200 2.052800 0.006400 3.043200 0.57200 0.40400 1.07600 0.163200 0.364800 0.039200 3.754400 5.932800 6.0000 6.0000 5.967200 5.337600 5.82400 5.948800 5.963200 5.72000 4.504800
