data/outputs/Sarzedas de Sao Pedro/2015/resolution_1/CONT_NORM_1_20.asc
ncols         75
nrows         75
xllcorner     -8.224023584583
yllcorner      39.953368546911
cellsize       0.000179864320
NODATA_value  -9999
0 0 0 7 62 95 93 79 70 42 5 0 17 81 95 91 92 71 79 53 32 8 11 2 3 33 67 58 92 48 26 8 33 62 34 61 61 53 73 94 77 50 34 63 95 48 27 2 14 44 15 3 33 63 66 73 80 80 95 95 95 95 95 95 80 83 42 50 82 22 73 70 15 61 90
4 17 5 3 23 94 95 57 43 35 20 16 83 99 99 72 33 1 0 1 1 0 0 0 2 18 69 96 71 4 1 1 1 4 20 4 20 46 85 59 28 15 24 18 73 69 6 11 0 24 70 72 71 55 74 66 96 100 38 67 100 100 100 100 99 70 82 61 31 4 61 45 0 2 70
54 24 18 22 25 39 89 72 62 70 66 35 32 45 80 53 22 31 32 33 14 7 1 0 2 2 43 100 44 0 2 3 3 7 1 28 59 64 26 1 22 42 26 5 2 0 2 29 7 51 82 96 79 48 75 67 55 87 65 78 100 100 100 100 100 88 100 69 42 92 92 21 48 18 87
86 29 76 100 63 40 31 49 48 51 56 62 57 57 13 42 40 61 13 2 1 0 15 39 18 11 29 96 79 12 0 0 0 0 9 46 1 6 0 23 28 19 0 0 6 52 87 96 66 45 70 66 51 61 39 56 71 93 100 100 100 100 100 100 98 100 98 57 59 36 56 75 100 100 95
16 14 94 85 22 9 3 72 79 51 19 41 54 63 54 42 5 7 0 0 5 37 36 17 32 33 11 62 100 62 14 16 3 6 0 2 0 0 26 13 0 1 17 33 58 90 100 100 100 95 95 93 82 82 69 97 100 100 98 94 98 98 100 100 100 100 97 59 81 59 85 100 100 100 95
15 25 25 52 7 24 33 84 21 33 21 58 61 97 74 44 17 62 14 49 69 96 31 49 19 36 30 86 97 60 23 10 5 0 2 0 1 2 28 45 56 47 39 39 94 99 100 69 100 100 100 100 100 100 99 100 100 100 100 91 92 99 100 100 64 81 67 64 84 100 100 100 100 100 95
4 51 43 21 1 53 72 8 28 33 47 95 99 95 84 62 78 86 78 69 99 63 80 92 46 10 53 97 90 8 0 0 0 56 34 6 31 9 56 99 78 82 77 72 66 77 76 64 100 100 100 100 100 83 68 94 98 92 85 90 91 94 100 100 94 99 56 100 95 100 95 49 98 100 90
2 14 39 72 80 30 56 67 48 94 78 98 100 100 100 95 98 100 100 93 58 87 96 87 75 27 27 25 78 33 2 0 7 89 58 22 37 43 63 77 40 50 66 55 66 28 86 89 100 100 94 98 94 81 54 59 99 93 82 90 89 86 78 99 100 94 74 100 99 88 18 44 73 98 53
15 22 7 60 84 100 98 94 70 79 91 100 100 100 100 100 100 100 100 100 96 49 46 84 91 32 0 12 81 82 43 10 64 100 46 58 41 59 71 75 63 13 27 44 58 46 98 100 100 100 92 97 97 86 55 58 90 71 76 80 96 70 65 59 85 76 100 97 90 35 2 76 80 57 7
23 36 4 11 75 95 99 93 82 89 73 56 100 100 100 100 100 100 100 99 75 76 94 51 55 54 0 41 100 100 77 14 92 99 99 75 15 73 88 100 100 80 34 1 15 74 98 100 100 98 60 84 79 76 28 39 73 52 72 74 34 34 25 17 48 98 100 71 78 11 52 89 91 38 16
51 38 29 6 9 70 100 100 98 85 100 100 100 100 100 100 100 100 100 100 89 99 100 94 34 9 18 96 100 98 98 88 96 94 100 81 63 84 100 100 100 100 93 42 13 28 82 100 100 100 51 2 20 31 59 71 96 98 72 91 89 68 63 35 36 65 98 89 91 13 35 34 18 19 7
42 32 16 5 27 38 53 98 100 100 98 98 100 100 100 100 100 100 100 100 97 100 100 68 57 87 40 99 100 98 97 95 99 100 99 100 99 93 88 100 100 100 100 95 81 45 69 93 65 48 33 63 93 72 64 85 80 92 82 21 53 72 78 26 67 44 99 97 95 1 30 3 34 57 60
68 60 51 67 78 100 100 100 100 100 100 100 100 97 100 100 97 96 100 100 100 100 100 49 60 100 79 57 100 100 100 100 100 95 100 100 75 19 22 47 99 98 98 99 100 94 30 30 22 7 34 53 95 96 79 70 96 98 80 26 23 25 27 85 88 88 100 100 96 37 0 3 12 26 49
27 100 97 97 100 100 99 99 100 100 100 100 100 100 100 100 94 75 80 93 78 92 100 81 94 78 90 57 65 100 100 100 100 98 96 98 84 64 33 50 86 73 74 80 100 100 52 36 64 49 5 26 47 65 92 98 100 100 91 87 93 86 55 100 100 100 96 100 100 80 9 0 0 20 95
11 84 99 98 100 100 100 99 93 100 100 100 100 100 100 99 100 100 48 71 90 63 72 82 89 69 92 74 28 89 100 100 100 100 88 89 93 81 79 99 69 93 87 59 97 100 76 71 93 98 89 46 16 26 77 88 100 100 100 83 89 92 98 100 100 100 93 91 59 94 79 73 75 90 95
41 54 100 100 100 100 100 98 99 100 100 100 100 100 100 97 100 87 72 66 84 35 69 18 15 5 85 87 51 41 77 100 100 99 54 78 98 100 97 94 95 83 81 58 92 100 57 56 59 73 82 100 55 70 99 88 52 88 95 18 37 64 65 100 100 100 98 92 100 100 100 100 100 94 95
73 23 100 100 100 100 98 100 95 100 100 100 94 100 100 96 78 61 76 99 63 0 0 0 0 0 41 34 50 74 52 63 100 98 67 92 85 100 99 92 100 98 99 77 100 100 95 79 46 16 49 92 68 99 100 64 5 18 86 46 29 25 75 100 100 100 97 99 100 89 100 100 81 60 54
93 18 88 97 99 97 93 97 92 100 100 100 92 100 81 98 67 77 81 100 84 33 8 0 0 0 35 12 47 34 93 64 57 98 100 100 84 69 82 82 99 99 100 100 100 100 94 76 79 69 86 93 96 99 65 70 62 78 100 100 75 60 97 100 100 100 81 43 19 3 23 41 9 2 23
95 28 23 53 70 88 80 67 55 91 79 69 85 98 81 53 68 90 93 95 83 73 81 37 0 0 45 16 37 97 99 99 30 65 78 58 92 88 62 81 100 100 98 97 86 92 78 65 60 78 90 99 87 89 93 77 69 37 78 95 61 100 100 99 100 98 88 7 0 0 13 46 1 2 25
81 6 0 1 58 96 89 78 91 97 75 36 70 79 81 72 59 70 99 96 96 84 45 54 10 6 15 20 60 95 89 88 90 48 58 99 65 63 93 74 90 79 90 97 66 25 71 100 100 100 96 92 97 85 95 86 46 36 58 60 99 100 95 11 24 73 70 1 0 4 67 31 4 49 47
76 1 6 31 56 84 71 67 93 55 76 31 53 82 97 61 60 99 100 98 98 91 47 61 20 2 25 82 84 65 90 87 86 81 27 63 86 80 85 99 99 100 98 100 100 85 80 100 100 100 100 100 100 100 100 100 76 100 77 45 72 94 83 26 12 40 38 0 16 40 76 62 18 26 59
36 13 52 49 72 75 50 50 92 65 43 72 83 81 97 52 41 84 96 97 92 48 30 3 0 0 3 40 42 22 47 50 61 49 4 17 49 94 100 100 100 97 100 83 95 100 100 93 79 93 84 95 98 94 100 100 100 100 81 15 80 87 80 83 77 75 35 0 1 25 28 33 20 50 94
13 45 99 91 78 85 62 71 63 56 9 44 81 76 99 87 65 72 97 92 84 24 1 0 19 11 0 1 31 35 44 55 20 12 37 2 28 38 96 96 96 87 100 100 100 100 100 90 70 82 77 96 92 100 98 100 88 100 100 32 53 55 69 99 98 97 94 25 32 10 0 0 18 43 94
7 39 99 100 100 94 97 94 100 86 33 55 89 91 94 82 84 95 85 80 82 60 47 35 65 69 18 7 16 38 39 39 81 47 35 12 23 79 100 100 98 95 99 100 100 99 100 100 100 100 80 73 100 99 99 100 100 98 99 49 40 54 80 100 100 100 98 85 100 71 0 0 26 85 95
93 78 60 97 100 100 100 100 99 95 42 67 72 82 78 74 61 70 72 93 100 89 92 94 99 81 60 42 67 88 68 77 100 100 100 85 29 100 96 96 100 100 100 95 42 52 100 98 93 77 95 81 68 68 100 100 100 79 71 72 77 20 26 56 89 100 100 96 100 82 11 30 54 100 95
90 100 98 93 100 100 100 100 99 70 75 75 43 63 60 57 68 49 59 97 88 96 63 51 92 96 50 42 55 43 70 87 88 88 75 92 28 22 29 97 100 100 100 93 46 66 77 92 73 71 99 95 40 52 90 42 20 19 93 98 90 30 4 11 3 29 89 97 97 85 9 24 34 81 84
16 29 62 89 95 96 100 100 100 100 84 37 77 49 38 18 11 12 46 94 91 83 63 57 82 100 100 93 47 65 64 94 71 68 85 84 79 16 1 15 54 92 100 93 66 27 61 78 77 97 95 86 37 88 97 92 88 91 97 97 97 96 58 68 80 78 86 95 45 13 0 0 4 52 74
12 1 0 0 16 25 75 100 100 100 94 93 74 65 57 32 17 10 5 83 99 98 81 76 95 100 100 52 28 39 47 56 76 85 87 65 50 28 43 85 73 76 69 23 19 53 49 5 42 85 96 65 88 99 100 100 100 100 100 61 97 91 54 83 100 100 100 99 93 71 2 0 0 2 68
17 1 0 0 0 26 73 59 99 100 100 96 85 29 46 70 2 14 4 2 44 84 94 100 100 100 100 95 37 34 37 20 55 92 84 64 88 22 6 86 81 35 65 50 8 14 5 3 41 16 71 78 67 96 88 35 24 51 93 94 100 98 100 100 100 100 100 95 99 93 61 8 1 0 6
18 0 0 0 0 13 91 89 64 98 100 100 100 75 1 5 1 68 47 1 1 8 44 69 90 100 100 99 69 92 35 55 52 32 73 96 31 0 4 8 41 55 21 28 7 17 0 2 53 60 85 81 78 53 50 1 35 95 100 100 100 100 100 100 100 100 100 100 100 96 83 70 38 27 2
23 0 0 0 0 27 97 100 98 63 95 76 45 22 6 6 0 21 82 36 11 34 23 41 65 94 100 100 99 51 3 50 75 80 87 25 4 3 16 1 27 40 30 1 32 26 0 17 72 80 38 71 63 41 70 29 21 81 100 100 100 100 100 100 100 100 100 100 100 100 100 100 97 90 79
95 77 23 0 8 20 28 67 80 53 2 14 66 54 49 37 49 84 92 100 94 96 74 28 25 73 100 100 100 81 24 17 84 86 21 0 0 48 66 0 0 0 56 19 10 12 8 46 57 9 0 9 62 100 100 96 97 97 100 100 100 92 100 100 100 100 100 100 100 100 100 100 100 100 95
91 90 54 25 43 85 92 86 99 71 33 78 31 67 49 38 98 77 85 89 99 99 80 55 53 78 95 99 100 82 58 15 14 40 24 19 26 22 38 14 0 41 6 16 25 6 37 85 85 11 0 21 69 94 100 95 85 100 100 100 100 100 100 100 100 100 100 100 100 100 100 100 100 96 77
62 61 31 32 42 81 92 94 100 56 15 42 14 7 28 85 94 71 26 26 47 44 79 83 75 74 99 93 79 88 81 66 15 70 67 39 30 17 33 10 50 52 42 11 0 52 50 58 36 5 9 37 50 83 100 91 83 71 76 100 100 100 100 100 100 100 100 100 98 100 100 84 90 42 62
91 46 28 20 68 92 87 92 82 61 3 4 1 12 66 100 97 90 38 8 1 16 75 98 98 91 95 87 77 85 76 69 26 22 12 13 29 24 0 6 5 3 11 28 13 40 40 24 66 63 66 43 36 52 86 82 56 39 77 99 98 100 100 100 100 97 100 100 100 100 100 98 93 93 80
95 84 12 50 4 12 58 78 88 71 47 7 56 55 15 39 69 93 71 55 58 93 100 100 100 100 99 57 87 50 71 20 18 30 4 0 34 21 23 2 0 0 44 74 2 17 40 7 17 43 42 36 28 25 53 65 48 57 64 92 100 100 100 100 100 100 100 100 98 99 99 92 100 43 65
95 71 1 1 0 0 61 23 72 23 23 25 81 73 31 28 28 47 35 13 93 96 100 84 92 84 35 67 98 66 30 13 15 24 68 4 6 44 44 55 29 0 56 29 28 0 4 39 84 13 6 7 1 9 7 16 19 32 0 34 93 96 99 100 100 100 100 98 100 100 96 100 100 98 83
95 96 44 10 38 49 56 51 48 51 51 24 75 85 37 11 73 59 36 20 48 84 94 84 88 13 2 21 88 33 0 3 0 2 34 4 1 55 76 36 18 33 27 44 30 45 7 11 12 16 41 13 0 30 2 0 37 11 10 11 13 32 100 100 100 100 100 94 96 96 100 100 99 99 90
95 100 95 59 40 77 96 72 93 100 100 57 82 82 89 33 56 68 17 7 3 15 48 57 96 65 72 23 20 38 26 31 30 18 19 6 16 68 38 22 20 31 13 3 0 12 61 15 10 18 25 3 22 50 6 23 43 13 0 0 0 31 81 97 100 100 100 91 92 100 99 100 97 91 51
95 100 78 14 71 89 82 74 100 100 98 74 100 78 78 33 16 2 31 30 16 8 42 39 39 56 98 44 0 1 14 26 49 26 17 60 2 8 1 0 2 4 6 29 25 26 28 24 0 11 12 28 25 60 84 65 64 10 10 6 0 19 58 28 69 60 89 87 70 61 81 92 82 53 8
95 100 100 75 73 91 88 100 91 73 50 67 100 66 12 53 8 3 16 24 18 40 67 94 84 73 90 83 34 12 1 47 85 50 41 76 53 11 4 1 0 0 8 27 14 10 3 13 17 17 53 50 49 74 90 65 29 23 35 12 1 36 69 49 62 3 38 98 99 83 84 99 53 3 3
95 100 95 87 100 100 100 100 88 74 57 50 100 93 73 64 54 27 43 18 61 38 81 100 99 100 98 88 34 1 1 29 78 31 82 95 33 1 9 33 8 4 16 46 7 22 8 10 9 41 17 37 43 10 32 19 0 20 46 73 8 36 44 46 51 64 36 100 100 97 65 99 64 0 0
95 100 92 98 100 100 100 100 84 42 46 72 68 65 100 99 39 55 41 40 71 50 35 55 96 100 100 87 36 59 93 55 58 3 69 41 8 0 0 4 0 0 0 0 0 16 21 45 51 36 37 51 24 10 4 3 8 1 27 57 38 19 27 21 18 73 100 100 89 39 1 55 95 47 0
95 100 100 100 100 100 94 88 73 56 8 29 26 0 64 73 30 38 43 43 32 24 73 56 51 99 81 1 63 70 56 58 68 60 92 30 23 31 0 0 0 0 0 0 0 0 0 24 75 30 99 100 100 69 1 2 0 1 30 63 23 15 71 99 93 100 100 100 66 21 0 1 22 84 73
92 86 99 85 100 93 100 100 96 67 31 2 4 25 70 57 62 69 91 100 75 78 59 38 84 67 61 23 7 79 19 4 17 89 51 54 20 1 0 0 0 0 0 0 0 0 0 0 0 21 98 100 100 61 51 8 18 70 92 44 80 90 100 100 100 100 100 100 90 85 44 5 0 6 58
92 78 100 99 100 100 100 100 94 8 13 11 7 20 38 93 35 98 75 94 79 60 46 17 47 2 49 67 55 52 2 4 46 67 91 31 0 0 0 0 0 0 0 0 0 0 0 0 0 6 76 100 100 73 88 95 97 96 100 100 100 100 100 100 100 100 100 96 62 51 25 0 0 4 59
94 100 100 100 100 100 100 94 94 15 52 53 37 38 23 12 20 75 29 43 8 18 34 26 1 0 15 19 6 5 0 3 90 53 99 92 49 69 8 0 0 0 0 3 11 0 0 0 1 65 87 100 100 100 100 100 86 94 100 100 100 100 100 100 100 100 100 95 45 8 0 0 6 97 95
84 83 85 73 98 100 100 99 75 20 73 91 75 40 42 87 92 65 28 50 66 26 58 77 43 37 68 65 4 38 9 30 74 76 100 100 100 100 35 29 56 23 0 4 9 0 6 12 1 28 100 100 100 100 100 100 98 97 100 100 100 100 100 100 100 100 100 100 58 32 10 0 41 100 95
91 52 69 60 98 100 98 96 98 94 62 82 71 67 82 100 100 99 100 100 89 15 19 62 100 100 92 87 70 4 18 88 91 97 100 100 100 100 87 77 91 50 2 0 12 41 90 100 89 94 100 100 99 99 100 100 100 100 100 95 95 100 100 100 100 100 91 65 1 0 0 0 79 99 95
56 91 75 95 100 100 100 100 100 100 77 26 83 99 100 100 95 86 79 97 92 89 77 97 100 99 98 100 99 77 94 100 100 100 100 100 100 100 90 29 69 8 28 72 89 98 100 100 100 100 100 100 98 94 100 100 100 100 100 100 100 100 100 100 100 100 98 66 0 0 0 6 81 91 79
53 84 100 100 100 100 100 100 99 74 88 99 100 100 100 95 67 93 83 89 99 100 100 100 100 94 96 100 100 98 99 100 100 100 100 100 100 93 96 21 0 4 76 100 100 100 100 100 100 100 100 97 99 92 89 77 93 100 100 100 100 100 100 100 100 99 99 81 21 0 14 76 100 99 95
67 88 100 100 100 100 100 94 70 97 100 100 100 100 100 100 82 91 93 99 100 100 100 100 100 99 100 100 100 99 99 99 100 100 100 100 100 100 90 19 0 27 41 92 100 100 100 100 100 100 100 100 89 80 81 68 97 99 100 100 100 100 96 60 55 84 98 100 76 49 87 100 100 95 92
95 100 100 100 100 100 100 99 83 98 100 100 100 100 100 100 100 100 100 100 86 87 100 100 100 100 100 100 100 100 100 100 100 100 93 99 100 100 88 16 0 0 64 96 100 100 100 100 100 100 100 100 98 61 50 84 77 90 100 100 100 100 99 62 31 96 100 100 100 100 91 100 100 100 95
95 100 100 100 100 95 99 100 94 66 92 100 100 100 100 100 100 100 100 71 71 69 95 99 100 100 100 100 94 99 97 100 88 92 84 99 91 100 100 89 42 32 75 100 100 100 100 100 100 100 98 100 98 96 82 80 76 67 90 87 95 100 100 89 72 89 100 100 100 100 100 100 99 98 90
95 100 100 100 100 100 100 100 61 84 63 89 100 100 100 100 100 100 98 44 36 80 55 97 100 100 100 88 28 20 42 45 33 72 18 77 91 100 100 100 100 97 52 99 100 100 100 100 100 100 100 100 100 91 80 96 98 87 97 71 64 72 93 89 85 100 100 100 97 100 100 100 94 22 26
95 100 100 100 100 100 100 100 97 83 76 54 100 100 100 97 99 96 100 68 42 87 36 79 91 96 84 11 89 53 15 15 7 19 71 94 96 44 84 100 100 100 80 73 84 99 100 100 100 100 100 100 100 99 94 96 98 99 99 99 100 97 79 50 58 92 100 100 100 100 100 100 83 43 38
95 100 100 100 100 100 100 100 91 95 95 78 91 99 100 100 100 96 98 93 81 88 65 68 87 97 65 4 92 90 33 15 19 55 100 92 17 29 98 72 56 77 58 64 88 61 70 100 100 100 100 100 100 100 99 95 79 96 99 100 98 88 95 49 25 80 100 100 100 100 100 100 100 79 80
95 100 100 100 100 100 90 87 81 54 88 86 87 97 100 100 100 96 100 100 100 97 96 85 90 98 89 22 66 94 75 64 46 94 100 82 45 34 90 41 0 59 77 65 9 12 35 61 100 100 100 100 100 100 100 100 100 100 100 77 97 94 100 62 66 99 100 100 100 100 100 100 100 100 95
95 100 100 100 100 100 97 87 68 55 52 89 93 100 99 92 99 100 84 90 96 86 100 100 100 93 66 24 2 14 41 96 100 94 94 94 53 96 96 38 44 67 63 77 76 75 99 49 83 100 100 100 100 100 100 100 99 89 96 100 96 100 100 100 100 97 100 100 100 100 100 95 100 100 95
95 100 99 100 100 100 99 83 47 15 43 81 100 99 93 79 71 60 64 63 89 90 98 93 96 68 52 88 60 89 97 100 100 100 100 94 85 98 79 51 71 23 90 82 60 82 60 62 42 94 100 100 100 100 100 100 100 100 100 100 100 100 100 100 100 99 81 67 100 100 99 98 99 99 95
80 81 57 22 51 99 51 29 5 0 1 4 24 63 85 39 22 31 23 17 19 30 42 69 75 19 2 11 43 77 100 100 100 100 99 90 94 86 68 65 20 34 100 100 100 100 93 84 82 54 91 100 100 94 92 80 40 75 100 100 99 100 99 100 100 99 95 91 100 100 100 95 86 77 63
78 10 1 1 0 10 3 6 6 0 0 0 0 3 48 71 27 23 67 11 0 5 18 10 9 0 0 0 0 37 94 98 55 84 56 32 85 45 61 50 56 91 100 100 100 100 100 97 89 96 61 86 100 100 99 80 100 100 96 92 99 97 88 100 100 100 100 100 99 100 100 97 75 48 27
95 97 97 87 80 76 73 71 36 11 13 1 0 6 51 100 100 74 50 41 29 4 10 38 3 2 0 0 0 18 96 98 78 13 0 1 1 0 8 25 91 98 100 100 100 100 94 84 39 64 100 52 81 100 100 100 98 100 99 100 97 60 91 100 100 100 100 100 100 100 100 100 98 65 39
94 100 100 100 100 99 100 100 50 58 71 81 72 84 99 99 100 100 84 94 97 85 66 30 16 66 47 27 21 50 95 84 90 90 53 6 11 49 74 95 91 100 96 100 100 100 89 28 27 64 100 100 46 78 86 81 85 86 94 99 97 97 100 100 100 100 98 92 100 100 100 99 100 66 53
69 82 99 100 100 97 90 80 71 59 55 99 97 100 99 100 100 100 100 100 100 95 90 46 45 71 95 100 98 93 96 82 93 95 81 67 92 84 100 100 98 98 100 100 100 100 81 23 73 100 94 100 48 90 74 78 47 82 49 91 98 99 100 100 100 100 100 99 100 100 100 100 100 75 51
93 99 99 97 99 73 64 86 87 71 24 48 87 99 100 100 97 100 100 100 100 100 93 48 39 83 100 100 100 100 98 96 86 69 55 99 90 89 100 97 100 100 100 100 100 100 86 50 97 100 100 100 52 82 75 31 41 70 85 97 100 100 100 100 100 100 98 100 99 100 100 100 99 64 32
94 100 100 95 70 83 65 59 37 23 42 25 48 95 100 100 100 99 100 100 100 95 38 41 78 84 97 95 94 81 92 99 86 33 40 98 80 87 100 84 96 100 100 90 91 100 74 76 97 79 75 96 28 0 42 27 31 91 100 100 100 100 100 100 100 98 99 100 100 100 100 100 81 10 32
92 100 85 71 96 95 90 92 70 69 55 41 99 100 100 100 100 99 92 95 100 91 23 38 100 100 99 99 99 81 95 88 13 43 62 60 79 84 98 79 54 87 97 53 10 35 44 55 76 81 70 97 28 17 36 60 2 35 100 100 100 100 100 99 100 99 100 100 100 100 100 100 100 36 66
81 60 42 87 98 97 79 83 88 99 99 63 97 100 100 100 100 100 100 93 82 88 65 51 64 69 52 70 45 58 50 14 2 15 68 100 97 29 19 74 2 17 29 23 6 26 9 34 80 97 96 76 40 10 30 38 67 92 100 100 100 100 100 98 84 89 82 87 98 100 100 100 100 57 83
95 98 78 31 74 98 94 95 97 84 96 84 83 79 96 99 100 100 100 100 87 65 99 95 94 74 89 79 0 0 12 47 12 9 38 47 39 47 3 2 21 33 37 48 61 41 25 29 50 53 79 40 5 3 51 22 53 79 100 98 98 97 79 90 99 48 1 19 92 100 100 100 100 90 95
94 100 97 70 35 93 86 91 99 93 88 80 89 80 77 57 80 75 75 75 88 73 80 98 96 98 74 78 25 5 51 47 22 14 30 17 29 89 54 28 43 92 92 39 68 39 41 31 30 75 63 16 6 14 66 22 44 66 100 98 96 10 12 85 95 53 85 85 97 100 100 100 100 91 95
95 100 100 97 72 29 68 100 100 100 89 91 77 76 66 82 90 72 95 100 93 76 87 99 99 91 69 32 10 23 30 38 64 95 80 55 20 77 73 54 84 98 65 68 66 21 1 12 68 87 17 23 21 13 97 51 13 32 35 83 95 63 31 39 62 57 53 87 100 100 100 100 100 78 94
92 99 100 100 100 90 42 66 99 98 99 98 91 92 99 97 38 8 74 98 96 95 97 99 90 69 28 59 72 86 98 96 100 97 90 82 16 57 71 99 100 80 89 44 10 30 11 38 11 43 2 6 0 0 80 93 33 3 59 23 83 82 58 85 94 86 62 85 92 100 100 100 100 91 54
76 87 99 100 100 100 93 59 71 40 84 100 97 100 100 100 97 57 89 97 91 96 98 97 83 95 97 100 100 100 100 98 60 86 66 68 5 5 43 62 100 72 44 3 26 59 54 86 49 22 19 12 55 46 20 32 14 41 60 51 90 92 87 97 91 84 73 89 99 100 100 100 100 100 41
87 85 94 95 95 95 95 90 77 83 87 87 95 95 95 95 95 95 95 94 92 76 94 87 89 93 95 90 95 95 95 79 30 29 34 25 2 11 26 89 92 93 21 23 37 32 65 57 75 66 71 37 38 89 73 44 49 84 80 94 87 95 95 95 83 74 61 85 93 95 95 95 95 81 36
