data/outputs/Sarzedas de Sao Pedro/2015/resolution_1/CONT_TOTAL_1_35.asc
ncols         42
nrows         42
xllcorner     -8.224023584583
yllcorner      39.953368546911
cellsize       0.000314762560
NODATA_value  -9999
3011 1610 2156 5189 5271 3978 3034 4273 5301 2006 1759 988 197 179 486 5929 2173 48 165 320 2271 3831 892 2465 1444 1550 819 1479 4014 5914 4697 4991 5579 4425 7316 7350 7317 6444 5175 4223 4372 2241
2358 6098 3580 1543 4309 3208 3472 4547 2567 1859 590 109 1824 2125 1680 3981 5430 815 242 237 699 135 1483 434 1015 3225 7119 7029 5806 6062 5096 5112 7011 7196 7258 7311 7346 7287 5145 3928 6056 7348
1608 2554 850 3345 2625 1557 4874 6516 4633 3616 3515 5570 5050 4277 1563 5129 5363 873 240 1439 585 408 5125 4593 4103 5882 6714 6299 7350 7350 6861 6953 7161 6864 6877 7246 6810 5878 5360 7136 6900 7087
883 3217 4746 4689 4369 6059 7092 7350 7291 7235 7317 5871 5528 6629 2591 2105 4807 272 1564 5095 2175 3870 4705 3136 4520 4565 4926 7145 7248 7008 5758 4450 7098 5800 6674 6124 7089 6086 7003 6324 2334 6083
2487 1014 4702 7219 6555 6057 5714 7350 7350 7350 7350 6468 5671 4459 3196 1799 7253 4674 5358 6773 4302 5025 7010 5733 1648 2176 6443 7350 6055 5673 5065 3168 5392 5434 4392 2929 2805 6478 6469 3247 4157 5478
2953 1117 1086 4635 7299 7209 7247 7350 7350 7350 7350 7203 7326 4779 4163 5296 7338 7157 7049 7229 6429 6511 7245 7338 6637 3523 4746 6472 4806 2849 4340 5457 6612 5197 4697 5408 2863 4646 7053 2993 1601 1625
4695 5426 6356 7331 7319 7350 7350 7275 7350 6908 7136 7320 7338 5197 6582 4931 6890 7350 7348 7179 6729 3031 3148 6621 6589 7350 3698 2607 1360 3790 6028 6179 7235 5558 3762 3079 6843 6919 7350 5240 162 420
3041 7259 7324 7328 7079 7350 7350 7350 7328 7245 4042 5472 5311 5247 4417 6149 3724 7219 7350 6818 6595 5909 6732 5835 5223 6822 5838 6080 6807 3941 2987 6585 7286 6969 5229 6209 7350 7350 6392 6434 5418 5318
3249 7054 7350 7231 7191 7348 7316 7229 6907 5965 5596 6054 524 166 328 3627 4263 4307 6853 5519 6496 7106 6888 7208 6148 7193 6337 4148 2658 6628 5949 6115 1289 5204 3142 4252 7350 7350 7215 6244 7138 5664
5005 3620 5810 6531 5355 6832 6204 6892 5797 5557 6517 6814 4199 1358 338 2102 3523 7067 3842 6325 6080 5837 5821 7340 7307 6885 6320 4739 6008 6889 6867 5141 4751 6405 5712 6973 7330 7208 2218 19 2015 63
3695 261 3439 6303 5950 5945 3464 5507 6124 4376 7171 7129 5109 3569 428 2639 5587 6237 6465 3635 6152 5558 6376 6652 7024 5630 5092 7350 7299 7119 6816 7014 4434 4402 6301 6815 964 4762 1021 1081 4893 1476
1675 4224 4949 5003 5220 4199 4066 5681 6511 3437 7194 6796 2822 528 10 1757 2788 4170 3619 2077 2055 6294 7238 7237 7249 6907 7135 5894 5921 6987 7128 7350 7339 4920 3954 5821 5681 5119 671 1041 1657 1190
1718 6912 7209 6534 6362 5009 3522 6599 6687 5968 6359 6239 3458 3052 3720 1001 2593 2614 4800 3116 970 5362 7302 6802 7326 7056 7334 7141 6913 6304 7323 7328 7036 6843 2997 4792 7279 7295 5990 5386 5 2169
6990 6092 7344 7350 7350 5308 5320 4477 4813 4455 5045 7002 6392 5524 6829 3323 4642 5161 6906 6557 4634 3682 6448 7338 7310 3619 5838 6389 6087 5900 4162 5726 3478 5509 5967 944 2173 4834 7226 6526 1420 4126
1097 2731 4525 5940 7350 7308 4927 4953 2522 1172 2344 6941 5995 4829 7313 6181 3213 4632 5713 5931 4967 2008 3073 5497 5700 3270 3612 4314 7076 5296 6189 7120 6855 7003 6886 5282 5851 6489 7032 3270 26 441
689 0 2 3951 5736 7350 7166 4356 3296 927 864 2176 5405 6571 7346 7049 3293 2739 4075 6121 5401 1292 3837 4658 3504 1264 991 2129 3667 5693 5768 3719 3898 6446 7189 6954 7292 7350 7189 6963 2841 407
1540 0 0 5011 7011 5771 5517 3130 341 484 5139 1632 2148 3807 6654 7340 6347 1584 4845 4883 2169 720 443 2199 1673 1732 220 2976 4404 5132 4117 3444 4124 7350 7350 7350 7350 7350 7350 7350 7213 6496
6776 3246 1969 4114 5870 3780 3327 4479 3390 6184 6389 7098 6905 3138 5043 7260 7137 2723 2893 2631 1015 2821 1392 985 1657 1111 1716 5439 307 2081 6574 7198 6873 7350 7350 7149 7350 7350 7350 7338 7350 7331
4611 2171 4158 6660 7125 3783 1438 608 4619 7026 2329 1696 3279 6324 6280 6893 5944 6022 2785 3454 1936 1541 944 2398 1886 657 3936 3832 1901 2986 4387 6538 4801 5686 7344 7350 7350 7266 7338 7293 6943 6227
6883 1765 880 2942 4920 3940 1501 4722 2688 5054 5476 3426 6854 7214 7271 5652 6057 3976 1539 1784 1164 1854 1513 331 4191 768 1849 2104 3159 1672 2221 3843 3055 3729 7100 7320 7350 7350 7307 7290 7187 6665
6988 2772 1797 4128 3641 3650 3000 5248 2037 3993 2637 2864 6274 6193 3120 1413 4813 330 449 2144 334 4335 2948 1229 2351 1949 784 2157 1437 875 1662 149 2409 320 2271 5867 7350 7350 7071 7073 7251 7278
7140 5293 4069 6252 6197 7317 6070 6454 4445 2068 1814 1029 1574 3772 4984 4608 880 1860 2572 1078 1614 1703 696 1227 784 902 3359 632 1282 1435 3301 3635 2935 353 186 3619 4981 5963 6659 5856 6728 6484
7140 6688 6312 6877 7311 5296 4077 6366 2959 1810 1247 2070 3641 6952 6361 6494 1516 561 5291 3768 5484 485 656 110 1921 1126 548 1061 2223 3242 3773 4341 1492 2608 1044 4054 4105 2250 6332 6868 6518 3338
7140 7101 7340 7350 7176 4299 3966 4031 7010 3697 3357 2954 3249 4290 7202 5648 3400 5469 4187 3779 1836 239 732 11 0 103 1139 3946 3271 4216 1816 213 232 1774 2866 1977 3027 5643 7073 4043 1525 5495
6439 7103 7153 7041 6708 3188 504 1058 4817 3825 5839 6003 5168 4276 5414 2648 3620 1709 2078 5711 2874 840 0 0 0 0 0 730 3702 7350 5287 1977 2579 5567 4779 6480 7350 7350 7312 5488 1371 419
6832 7350 7350 7340 7092 2300 2649 1759 2505 3457 4433 3732 2178 1619 568 2755 1929 149 3726 6021 3502 2177 0 0 0 336 0 34 4060 7308 6961 7284 6808 7350 7350 7350 7338 7350 6960 2099 414 1284
6036 4844 6603 7303 6916 4076 6353 4019 5244 6756 4754 5652 2102 5120 5023 5316 2324 1335 5475 7077 7350 6941 3461 3822 53 420 2607 3118 5479 7350 7328 7350 7210 7350 7098 7350 7350 7316 6516 1595 243 4454
5167 6423 7346 7338 7350 7022 4330 7099 7338 7078 6051 6832 5597 6793 7093 7326 6255 6541 7304 7303 7350 7269 4013 2016 3656 6373 7350 7350 7350 7266 7111 7141 7350 7350 7350 7350 7350 7319 4741 0 361 6065
5443 7350 7350 7350 6438 6548 7350 7350 7346 5843 6915 7294 7350 7350 7328 7338 7328 7252 7348 7350 7350 7242 2108 727 4877 7350 7350 7350 7350 7350 6077 5377 7095 7277 7350 7239 4825 6893 7059 3545 6140 7253
7140 7350 7301 7257 7111 6139 7350 7350 7350 7350 7305 5655 6186 7313 7350 7350 7175 7283 7048 6596 7070 7350 4842 1473 6418 7350 7350 7350 7295 7350 6000 5567 5354 6710 7199 7350 4608 6693 7350 7350 7161 7327
7140 7350 7350 7350 6798 5608 5448 7350 7285 7309 7076 3212 4574 6765 7263 5316 3423 2275 2064 2974 6480 6064 7350 7277 5165 7121 7350 7350 7350 7350 6994 6820 7020 6933 5897 6172 5697 7225 7350 7279 7350 5688
7140 7350 7350 7350 7109 6511 6013 7123 7350 7324 7130 6038 6103 5262 7031 2224 6823 3295 1048 6395 4688 3318 5405 4786 4969 4728 4287 7296 7350 7350 7350 7004 6722 7256 6772 6951 3209 6146 7350 7350 7350 6875
7140 7350 7350 7024 5808 3805 6204 7022 7018 6909 6525 6745 6815 7256 6668 3750 1918 4950 7054 7047 5539 6341 4013 3776 5382 4425 5628 4873 7350 7350 7338 7350 7097 7139 7038 7330 6200 7276 7306 7350 7283 7276
6568 5165 5189 6150 2772 676 2395 5100 5630 3166 2901 3318 4431 5848 3282 2826 4945 7276 7348 7316 6626 6685 3850 2368 6952 5876 5842 5017 5873 7350 7203 6692 5312 7323 7329 7336 7350 7194 5931 7350 7301 6502
5141 3042 2320 2327 1983 408 50 68 4586 3917 3436 607 419 1078 57 2 585 6779 5377 2879 2344 2487 2729 6341 7350 7350 7203 5738 6088 5536 7350 6850 7346 7119 7099 6197 7350 7350 7326 7328 7350 5678
6600 7350 7338 7326 5611 3838 5213 5521 7288 7338 6842 7157 5607 2577 3745 3408 3011 6528 6415 4749 1411 4224 6307 7140 7236 7348 6126 2467 6070 6344 5195 6282 6128 6575 7160 7076 7350 7350 7092 7350 7339 7262
6587 7137 7009 5194 5874 4590 3897 6638 7350 7286 7350 7350 7107 3832 5132 7348 7346 7056 6656 4792 7188 6627 7288 7255 7344 7350 6230 5620 7230 6851 4125 3958 4014 5758 7276 7336 7350 7256 7326 7317 7350 6453
7041 6568 6180 6363 5060 3424 3099 6729 7350 7328 7033 7329 4772 3718 6939 7138 6296 6938 4296 3232 5668 6379 5968 6313 6559 3510 4250 5499 5349 6103 585 3327 1934 7310 7350 7350 7328 7295 7338 7350 7350 6081
6185 4330 6093 6588 6504 6911 5920 6933 7286 7350 7336 6614 5673 5282 5121 5471 2162 2269 765 2765 5758 2549 2138 1231 2189 2360 1177 4005 5875 4611 576 2528 5446 7338 7315 7230 6728 5072 4029 7330 7350 6596
7116 6786 3979 5850 7059 6742 6446 5727 5392 6206 6200 6307 5567 7302 6950 5060 1212 2535 2800 2800 1683 5647 2237 5478 5105 4643 1702 2644 4999 1351 1448 3588 2598 6348 6395 1539 5594 4577 5951 7324 7350 7102
6926 7319 7106 4563 6325 7047 7077 6464 6553 3792 4947 7072 6930 6923 5857 3474 4360 5773 6520 6762 3618 3650 6150 6696 4581 1997 1493 2772 2563 972 641 5964 1552 2617 5748 4837 5902 5098 6095 7133 7350 7350
6095 6992 7128 7081 5593 4633 6917 7128 7140 7059 6624 6937 6533 6588 6976 7005 7140 7128 4174 3529 1717 447 5435 6464 1369 2278 4833 4924 3575 2135 5317 3277 3682 5444 6642 6855 6873 5374 5981 7129 7140 7069
