data/outputs/Sarzedas de Sao Pedro/2015/resolution_1/CONT_SPEC_1_45.asc
ncols         33
nrows         33
xllcorner     -8.224023584583
yllcorner      39.953368546911
cellsize       0.000404694720
NODATA_value  -9999
1.230617 0.669382 4.280494 3.914074 2.468642 2.956296 5.02000 1.697531 1.120247 0.362222 0.044691 1.955556 4.348642 0.134074 0.368395 0.793086 2.893580 2.517284 1.494321 1.685185 1.176049 0.777530 4.081481 3.654074 4.079259 5.071852 4.561481 6.0000 5.898765 4.743457 2.642716 3.257037 1.301235
2.195309 4.745926 1.455802 3.598025 2.820988 3.440741 2.730617 1.915556 0.184444 1.332099 1.337284 1.437284 4.933827 1.276790 0.262963 0.680740 0.095555 0.860246 0.841728 1.530864 5.140988 5.148148 4.862222 4.347407 4.224938 5.697531 5.862716 5.962963 5.974815 5.340247 3.658272 4.692593 5.992099
1.423951 2.246667 2.091852 2.16000 2.827654 5.188642 4.592099 4.266173 4.111358 4.909383 4.170617 1.938272 5.008395 0.392345 0.810617 1.395556 1.122222 4.543704 4.000247 3.989877 4.548395 5.489630 5.994074 5.662222 5.133580 5.771852 5.380494 5.709630 5.360988 4.600988 5.611358 4.534568 5.803210
0.905925 2.359259 5.454074 4.788148 5.075556 5.656790 5.994074 6.0000 5.961728 4.017037 4.301481 1.756296 3.340494 2.791852 3.873827 3.895556 2.961728 4.436296 2.704691 2.085185 4.643457 6.0000 5.438765 5.396543 3.167654 4.235062 4.715556 3.256790 3.947407 5.808642 4.285679 2.483210 4.173827
2.342222 0.705679 3.578272 5.838765 5.605432 5.978272 6.0000 6.0000 5.970864 5.755062 4.177531 2.271852 5.821235 5.628642 5.501975 5.670617 4.940988 5.867901 5.965185 3.311358 3.807407 5.259506 2.780247 3.140247 3.862469 5.459012 3.868395 4.237531 2.590617 4.829877 3.957037 1.822469 2.000988
3.884691 4.828889 5.966173 5.969383 6.0000 5.962963 6.0000 5.558272 5.462469 5.28000 4.488642 5.172099 4.224938 6.0000 5.940741 5.863951 3.438519 3.293333 5.218765 5.467901 4.018765 2.562716 1.599506 4.153333 5.222716 5.935309 3.950617 3.214568 5.597037 5.809877 5.342469 0.445432 1.348889
3.202469 5.956543 5.995062 5.866173 6.0000 5.957778 5.937778 5.543210 4.325679 3.536790 2.531358 3.083210 3.533580 4.612593 5.994074 4.507654 5.761728 5.762222 5.324198 4.672593 4.931605 3.724691 4.625926 3.125926 4.850617 4.547654 2.956543 4.074815 6.0000 5.818272 5.429136 5.936790 5.674074
3.227407 5.057037 5.456049 4.975556 5.659259 5.724938 5.100247 4.422716 5.46000 2.832099 0.602222 0.953827 1.863951 4.709136 4.185926 5.401235 5.057778 5.177284 5.959012 5.810123 5.662469 4.202963 4.859506 5.685432 4.547901 3.492346 5.200988 4.732099 5.980247 4.893333 1.757037 2.516543 0.889135
2.319753 0.990617 5.174321 4.857778 4.488148 3.157778 5.122469 4.116790 5.845926 4.889630 2.620247 0.708888 3.703457 5.168395 4.713580 3.584444 4.568642 5.229630 5.525432 5.378765 4.143951 5.992099 5.830123 5.676790 5.380247 3.811605 4.074815 5.601235 1.764444 2.904198 0.483456 3.250123 1.494568
1.922963 4.436296 4.682222 4.191358 2.610370 4.426914 5.381235 3.950123 5.518765 2.733827 0.512345 0.519753 1.488889 2.465432 2.358272 0.910370 3.164691 5.940494 5.661728 5.737284 5.997037 5.163951 5.046914 5.791111 5.948889 5.809630 3.226173 4.270370 5.426914 3.933086 1.393827 0.783456 2.523210
4.056790 5.513086 5.941235 5.892840 3.843457 4.122222 4.771111 4.375062 5.072840 5.415062 4.506420 3.949136 2.578025 3.790617 5.344691 4.299506 3.618519 5.580494 6.0000 4.826914 5.127160 5.650123 5.148148 4.371358 5.636296 4.770370 4.489383 2.075556 4.113827 5.748642 5.76000 1.053333 4.387160
2.066420 3.603210 4.792593 6.0000 5.278272 4.065432 2.666914 1.431358 3.98000 5.164938 3.992840 5.672593 3.140494 3.434074 4.826420 4.602716 2.139012 2.910617 5.067901 3.618765 3.213086 4.077531 5.545679 4.065679 5.194074 4.750864 5.585185 4.08000 3.937037 5.041975 4.253086 0.231851 1.680247
0.445185 0.000987 2.151852 4.771358 5.974815 5.172840 2.162469 1.122469 1.013827 2.949383 5.213580 5.993086 4.242469 2.632593 3.316049 4.752346 1.826420 2.507901 3.129630 1.6000 0.651358 1.610370 4.284938 4.652840 2.801975 4.121481 5.736049 5.803951 5.971358 5.978272 5.867160 3.185185 0.804691
3.072593 0.292345 2.280741 4.988889 2.991111 3.069383 1.735062 2.611605 4.579012 3.789630 2.614321 5.326420 5.970617 1.975556 4.123951 2.087160 1.132840 1.130370 1.450617 1.165185 0.884444 3.181235 1.486667 4.168395 4.338025 5.035309 6.0000 5.900741 6.0000 6.0000 6.0000 6.0000 5.839753
4.028148 2.034568 4.788148 5.896296 2.877037 1.699506 2.737531 5.098519 2.565926 3.346420 4.383951 5.127160 5.327407 4.465926 2.125926 2.299012 1.378765 0.984444 2.021481 0.742222 2.283704 3.297037 0.904691 3.717778 5.437531 4.478025 5.852593 6.0000 6.0000 5.959506 5.96000 5.782222 4.674074
4.795556 1.099753 2.073086 4.047407 2.144691 2.629877 2.532099 4.356790 2.637531 4.668395 5.782716 5.395062 4.786914 3.258272 1.347407 0.892345 1.697531 1.361975 0.840740 2.072840 1.209383 2.246914 2.519506 1.188148 2.928642 2.441481 4.633333 5.983210 6.0000 5.991111 5.961975 5.858765 5.179753
5.575062 2.288148 3.597531 3.982963 3.983704 3.655309 2.925185 3.227160 1.298272 3.082963 4.884198 2.529136 2.578765 1.096543 0.692098 1.033580 2.304938 1.989630 1.379012 1.172099 1.619012 1.158272 1.237778 1.331111 0.704197 1.385432 0.614814 3.536790 5.967654 5.986173 5.635556 5.958519 5.794815
5.840988 3.916790 5.333333 5.356296 4.528642 5.352840 2.458765 0.738024 1.407901 1.604691 4.110370 4.824444 2.376296 0.611604 3.374074 2.892099 1.078025 0.061728 0.288888 1.332593 1.0000 0.692345 1.961481 3.014568 4.069136 1.624198 0.906172 2.339012 3.304691 3.483704 5.005926 5.163951 2.413086
5.866667 5.770864 6.0000 5.622716 2.885679 4.322222 5.109383 2.976790 2.112840 2.951111 4.119506 5.876790 2.943210 3.429383 2.924198 3.722716 0.404938 0.642963 0.068395 0.543456 0.769876 2.810617 2.477037 2.119012 0.558765 0.533333 2.543704 1.638272 2.577284 5.081235 4.700247 2.438765 3.237284
5.4000 5.786667 5.884444 5.473580 1.413333 0.314567 3.464444 3.553827 5.185679 4.166914 3.374321 3.331358 2.412099 1.999012 2.531111 3.638519 0.773580 0.0000 0.0000 0.0000 0.0000 0.370370 4.868395 5.145926 2.506667 3.641481 4.655802 5.193086 6.0000 5.994074 4.908395 1.244691 0.776790
5.488395 5.503951 5.994568 5.527901 2.458272 3.355309 2.223210 3.838765 2.609877 1.687901 2.332593 1.750123 1.530864 0.512839 3.58000 5.653086 4.124691 0.758518 0.675061 0.311604 0.106666 0.537037 5.080988 5.999012 6.0000 5.687901 6.0000 6.0000 5.994074 5.970864 3.002963 0.192098 3.547901
4.301728 5.003704 5.994074 5.912593 4.915309 4.257037 5.639259 5.749630 5.553086 3.985679 4.934815 5.818272 5.177037 3.720494 5.867901 5.984691 6.0000 4.084691 1.929136 2.866420 5.160494 5.808395 5.956049 5.865185 5.999012 6.0000 5.875556 6.0000 6.0000 5.623704 0.733333 0.183950 5.312840
4.845679 6.0000 6.0000 5.415556 5.658025 6.0000 5.998025 5.153580 5.714074 5.986173 6.0000 5.94000 5.983210 5.926914 5.999012 5.997037 5.907160 2.088148 1.385185 5.634568 6.0000 6.0000 6.0000 5.334321 4.557531 5.911852 6.0000 5.945185 4.455062 5.666173 3.871111 4.614815 5.913580
5.866667 6.0000 5.929383 5.427654 4.989136 5.936296 6.0000 6.0000 4.991111 4.128395 5.806173 6.0000 5.138272 4.839506 4.920988 4.403457 5.820494 4.840988 3.115062 6.0000 6.0000 6.0000 5.972840 5.536296 4.724198 4.853827 5.043951 5.671852 4.522963 5.957531 5.970370 5.931111 5.045185
5.866667 6.0000 6.0000 5.836543 4.982716 5.273580 5.967901 5.880247 5.121481 4.017037 4.524691 5.273580 3.090370 2.134815 1.160741 4.994074 3.258025 5.297778 4.922963 4.591358 5.171852 6.0000 6.0000 5.988148 5.751111 5.681481 5.955062 5.324938 3.055556 5.861975 5.994568 6.0000 4.274568
5.866667 6.0000 5.921481 4.904938 3.760247 5.528642 5.835802 5.710864 5.447901 5.657284 5.679753 5.144444 1.917037 3.986914 4.997778 5.601235 3.799012 3.481975 3.534321 3.705926 3.553827 4.750123 6.0000 5.994074 6.0000 5.843951 5.590123 5.930370 5.145679 5.930864 6.0000 5.931852 5.998025
4.641481 3.017778 4.298025 1.745926 0.551111 2.461975 4.487407 2.198272 2.177284 2.740988 3.904691 1.655556 2.465679 5.652593 5.893827 5.431111 5.288642 3.350864 3.451358 5.304691 5.142963 4.391111 5.258272 5.927407 5.181975 5.207654 5.923457 5.890123 6.0000 5.329136 5.893086 5.881235 4.889877
4.901481 4.416049 4.014074 3.224444 1.680494 1.429877 4.024691 4.882716 3.566667 2.091605 1.151111 0.976790 0.165185 4.520988 4.245432 0.914074 1.193580 3.174815 5.763951 5.988148 5.798765 3.067407 5.111358 4.892593 5.858765 5.725679 5.945432 5.209877 6.0000 5.988148 5.983210 5.989136 4.490123
5.297531 5.945679 5.230617 4.673086 3.209630 5.344444 5.979753 5.969383 6.0000 5.890617 3.150370 4.798519 5.716296 5.575062 5.361728 4.307407 5.269877 5.969383 5.948148 5.994074 4.994321 4.301481 5.921481 4.305926 3.809383 3.816543 5.432099 5.983210 6.0000 5.845926 5.983704 6.0000 4.678025
5.712099 4.993580 5.100988 4.008642 2.988148 4.147901 5.990123 5.973333 5.796543 5.152840 2.969383 5.599012 5.677531 5.430123 3.221728 3.707407 4.952593 4.869630 5.296049 3.609383 3.625432 4.838025 4.975556 1.683704 2.391358 3.509877 6.0000 6.0000 5.947160 5.952840 5.991111 6.0000 3.242469
5.082963 3.660247 5.504691 5.583951 5.505679 5.172099 5.342222 5.956296 5.635556 4.800247 5.163457 4.493827 2.343457 1.433580 1.073086 2.690370 2.738519 0.970864 2.350123 2.232346 1.583704 2.971605 4.438519 0.666913 1.908148 4.767654 5.924938 4.734815 5.662963 2.706173 5.388889 6.0000 5.562716
5.840988 5.525185 3.683704 5.529136 5.698765 5.128642 4.717778 3.529630 5.323457 4.977531 5.832346 4.205185 2.366173 3.051852 4.121728 4.035309 3.303210 4.315556 5.241975 3.239506 1.154815 2.694568 1.523210 0.736543 4.468148 2.121235 4.474321 2.912593 4.225679 4.085679 5.800741 6.0000 5.421481
5.172099 5.845432 5.778272 4.521975 4.667407 5.699506 5.866667 4.885926 5.517284 5.484444 5.392840 5.524691 5.811852 5.855802 3.641975 3.288642 0.505432 4.195556 4.28000 1.365432 3.013827 3.349877 2.306914 2.756790 2.620988 2.992346 4.248889 5.444444 5.416296 4.439259 5.753827 5.866667 5.473580
