data/outputs/Sarzedas de Sao Pedro/2015/resolution_1/CONT_NORM_1_35.asc
ncols         42
nrows         42
xllcorner     -8.224023584583
yllcorner      39.953368546911
cellsize       0.000314762560
NODATA_value  -9999
41 22 29 71 72 54 41 58 72 27 24 13 3 2 7 81 30 1 2 4 31 52 12 34 20 21 11 20 55 80 64 68 76 60 100 100 100 88 70 57 59 30
32 83 49 21 59 44 47 62 35 25 8 1 25 29 23 54 74 11 3 3 10 2 20 6 14 44 97 96 79 82 69 70 95 98 99 99 100 99 70 53 82 100
22 35 12 46 36 21 66 89 63 49 48 76 69 58 21 70 73 12 3 20 8 6 70 62 56 80 91 86 100 100 93 95 97 93 94 99 93 80 73 97 94 96
12 44 65 64 59 82 96 100 99 98 100 80 75 90 35 29 65 4 21 69 30 53 64 43 61 62 67 97 99 95 78 61 97 79 91 83 96 83 95 86 32 83
34 14 64 98 89 82 78 100 100 100 100 88 77 61 43 24 99 64 73 92 59 68 95 78 22 30 88 100 82 77 69 43 73 74 60 40 38 88 88 44 57 75
40 15 15 63 99 98 99 100 100 100 100 98 100 65 57 72 100 97 96 98 87 89 99 100 90 48 65 88 65 39 59 74 90 71 64 74 39 63 96 41 22 22
64 74 86 100 100 100 100 99 100 94 97 100 100 71 90 67 94 100 100 98 92 41 43 90 90 100 50 35 19 52 82 84 98 76 51 42 93 94 100 71 2 6
41 99 100 100 96 100 100 100 100 99 55 74 72 71 60 84 51 98 100 93 90 80 92 79 71 93 79 83 93 54 41 90 99 95 71 84 100 100 87 88 74 72
44 96 100 98 98 100 100 98 94 81 76 82 7 2 4 49 58 59 93 75 88 97 94 98 84 98 86 56 36 90 81 83 18 71 43 58 100 100 98 85 97 77
68 49 79 89 73 93 84 94 79 76 89 93 57 18 5 29 48 96 52 86 83 79 79 100 99 94 86 64 82 94 93 70 65 87 78 95 100 98 30 0 27 1
50 4 47 86 81 81 47 75 83 60 98 97 70 49 6 36 76 85 88 49 84 76 87 91 96 77 69 100 99 97 93 95 60 60 86 93 13 65 14 15 67 20
23 57 67 68 71 57 55 77 89 47 98 92 38 7 0 24 38 57 49 28 28 86 98 98 99 94 97 80 81 95 97 100 100 67 54 79 77 70 9 14 23 16
23 94 98 89 87 68 48 90 91 81 87 85 47 42 51 14 35 36 65 42 13 73 99 93 100 96 100 97 94 86 100 100 96 93 41 65 99 99 81 73 0 30
95 83 100 100 100 72 72 61 65 61 69 95 87 75 93 45 63 70 94 89 63 50 88 100 99 49 79 87 83 80 57 78 47 75 81 13 30 66 98 89 19 56
15 37 62 81 100 99 67 67 34 16 32 94 82 66 99 84 44 63 78 81 68 27 42 75 78 44 49 59 96 72 84 97 93 95 94 72 80 88 96 44 0 6
9 0 0 54 78 100 97 59 45 13 12 30 74 89 100 96 45 37 55 83 73 18 52 63 48 17 13 29 50 77 78 51 53 88 98 95 99 100 98 95 39 6
21 0 0 68 95 79 75 43 5 7 70 22 29 52 91 100 86 22 66 66 30 10 6 30 23 24 3 40 60 70 56 47 56 100 100 100 100 100 100 100 98 88
92 44 27 56 80 51 45 61 46 84 87 97 94 43 69 99 97 37 39 36 14 38 19 13 23 15 23 74 4 28 89 98 94 100 100 97 100 100 100 100 100 100
63 30 57 91 97 51 20 8 63 96 32 23 45 86 85 94 81 82 38 47 26 21 13 33 26 9 54 52 26 41 60 89 65 77 100 100 100 99 100 99 94 85
94 24 12 40 67 54 20 64 37 69 75 47 93 98 99 77 82 54 21 24 16 25 21 4 57 10 25 29 43 23 30 52 42 51 97 100 100 100 99 99 98 91
95 38 24 56 50 50 41 71 28 54 36 39 85 84 42 19 65 4 6 29 5 59 40 17 32 27 11 29 20 12 23 2 33 4 31 80 100 100 96 96 99 99
97 72 55 85 84 100 83 88 60 28 25 14 21 51 68 63 12 25 35 15 22 23 9 17 11 12 46 9 17 20 45 49 40 5 3 49 68 81 91 80 92 88
97 91 86 94 99 72 55 87 40 25 17 28 50 95 87 88 21 8 72 51 75 7 9 1 26 15 7 14 30 44 51 59 20 35 14 55 56 31 86 93 89 45
97 97 100 100 98 58 54 55 95 50 46 40 44 58 98 77 46 74 57 51 25 3 10 0 0 1 15 54 44 57 25 3 3 24 39 27 41 77 96 55 21 75
88 97 97 96 91 43 7 14 66 52 79 82 70 58 74 36 49 23 28 78 39 11 0 0 0 0 0 10 50 100 72 27 35 76 65 88 100 100 99 75 19 6
93 100 100 100 96 31 36 24 34 47 60 51 30 22 8 37 26 2 51 82 48 30 0 0 0 5 0 0 55 99 95 99 93 100 100 100 100 100 95 29 6 17
82 66 90 99 94 55 86 55 71 92 65 77 29 70 68 72 32 18 74 96 100 94 47 52 1 6 35 42 75 100 100 100 98 100 97 100 100 100 89 22 3 61
70 87 100 100 100 96 59 97 100 96 82 93 76 92 97 100 85 89 99 99 100 99 55 27 50 87 100 100 100 99 97 97 100 100 100 100 100 100 64 0 5 83
74 100 100 100 88 89 100 100 100 79 94 99 100 100 100 100 100 99 100 100 100 99 29 10 66 100 100 100 100 100 83 73 97 99 100 98 66 94 96 48 84 99
97 100 99 99 97 84 100 100 100 100 99 77 84 99 100 100 98 99 96 90 96 100 66 20 87 100 100 100 99 100 82 76 73 91 98 100 63 91 100 100 97 100
97 100 100 100 92 76 74 100 99 99 96 44 62 92 99 72 47 31 28 40 88 82 100 99 70 97 100 100 100 100 95 93 96 94 80 84 78 98 100 99 100 77
97 100 100 100 97 89 82 97 100 100 97 82 83 72 96 30 93 45 14 87 64 45 74 65 68 64 58 99 100 100 100 95 91 99 92 95 44 84 100 100 100 94
97 100 100 96 79 52 84 96 95 94 89 92 93 99 91 51 26 67 96 96 75 86 55 51 73 60 77 66 100 100 100 100 97 97 96 100 84 99 99 100 99 99
89 70 71 84 38 9 33 69 77 43 39 45 60 80 45 38 67 99 100 100 90 91 52 32 95 80 79 68 80 100 98 91 72 100 100 100 100 98 81 100 99 88
70 41 32 32 27 6 1 1 62 53 47 8 6 15 1 0 8 92 73 39 32 34 37 86 100 100 98 78 83 75 100 93 100 97 97 84 100 100 100 100 100 77
90 100 100 100 76 52 71 75 99 100 93 97 76 35 51 46 41 89 87 65 19 57 86 97 98 100 83 34 83 86 71 85 83 89 97 96 100 100 96 100 100 99
90 97 95 71 80 62 53 90 100 99 100 100 97 52 70 100 100 96 91 65 98 90 99 99 100 100 85 76 98 93 56 54 55 78 99 100 100 99 100 100 100 88
96 89 84 87 69 47 42 92 100 100 96 100 65 51 94 97 86 94 58 44 77 87 81 86 89 48 58 75 73 83 8 45 26 99 100 100 100 99 100 100 100 83
84 59 83 90 88 94 81 94 99 100 100 90 77 72 70 74 29 31 10 38 78 35 29 17 30 32 16 54 80 63 8 34 74 100 100 98 92 69 55 100 100 90
97 92 54 80 96 92 88 78 73 84 84 86 76 99 95 69 16 34 38 38 23 77 30 75 69 63 23 36 68 18 20 49 35 86 87 21 76 62 81 100 100 97
94 100 97 62 86 96 96 88 89 52 67 96 94 94 80 47 59 79 89 92 49 50 84 91 62 27 20 38 35 13 9 81 21 36 78 66 80 69 83 97 100 100
83 95 97 96 76 63 94 97 97 96 90 94 89 90 95 95 97 97 57 48 23 6 74 88 19 31 66 67 49 29 72 45 50 74 90 93 94 73 81 97 97 96
