data/outputs/Sarzedas de Sao Pedro/2015/resolution_1/CONT_TOTAL_1_50.asc
ncols         30
nrows         30
xllcorner     -8.224023584583
yllcorner      39.953368546911
cellsize       0.000449660800
NODATA_value  -9999
1461 2656 13153 7510 2930 12568 8401 4151 1296 327 7614 7960 1034 3781 5529 10156 6009 6695 3881 3153 7449 9788 11972 11049 14700 14333 10614 6136 7571 6551
6325 9977 5195 9412 7100 7370 5728 2781 2193 2997 4674 9522 896 406 2695 2062 2405 2558 10518 10405 12048 9363 11852 14331 14921 14945 13868 9323 11834 13855
3689 4960 6335 5985 9743 13418 9395 9681 11893 9040 6311 10053 900 3871 1964 7889 9630 9878 11285 14490 14988 13016 14295 13844 14058 13940 11615 13867 11946 13780
2446 7808 13774 11877 12856 15000 14988 14968 10740 10673 2623 11252 4912 12645 6314 12047 8269 4871 12139 14940 12912 10115 10256 10942 9204 8850 14075 9777 8300 7263
5691 3109 11596 14601 14889 14925 15000 14996 14649 10464 8207 14886 14371 14673 13025 12889 14988 10775 9370 10955 6713 9512 12779 10443 9189 7624 12128 9336 2816 5508
10209 14398 14929 14805 15000 15000 14441 12040 12824 12196 12276 10748 15000 14545 12752 7893 12737 12743 11016 8341 6286 9471 14341 12941 10851 14191 14637 12501 4813 8992
8793 14962 14879 14695 14828 14635 13043 11547 6193 1598 5361 7608 11288 13046 13571 13855 14282 12880 12929 8710 12335 12464 7615 10453 6663 15000 14493 12612 13473 9424
6778 7807 13459 12205 10950 12860 10424 14147 11518 4060 2414 8306 13091 9775 12305 11336 14006 13672 11090 12081 14061 13328 10088 10486 13425 10890 10111 275 3931 3505
4956 8148 9908 11088 7969 12804 8923 14695 10261 2857 1903 7583 9667 6393 8344 13851 14839 14421 14156 12967 13785 14778 14412 9751 11770 9303 6808 2019 5484 7611
8271 14388 13846 13314 7823 12823 11561 12822 10937 9091 6711 6076 9017 9385 5759 14094 14432 13482 13775 14082 12648 13905 14577 11221 7147 12785 14638 11572 1588 12103
7668 11437 13959 14258 10369 8806 4961 8921 13056 10221 12970 7044 11377 11943 8794 5341 12300 10332 9109 11606 12501 11421 9917 13552 11056 6879 12059 10551 1120 8604
982 2 8112 13555 14708 7294 3636 3384 7727 13382 14827 9185 6127 10697 8923 4315 9001 4215 1941 5331 12021 11440 7014 13352 14598 14526 14956 14226 5886 1866
7834 1422 8406 11520 7332 5809 5486 11916 9851 7184 13988 13169 4845 9391 1108 4328 2720 3482 2472 8039 5223 11882 10234 14997 14799 15000 15000 15000 15000 13999
9765 5235 13414 12313 3845 4097 13274 6015 6923 11901 13471 12632 8656 5448 4566 1608 4211 2001 6068 7065 5636 10842 11943 12622 14958 15000 14916 14919 14420 11205
11027 1609 5623 8204 4161 8216 6284 7006 12948 14347 9228 10857 3564 3946 1620 6140 1815 5887 2534 5312 2718 3033 5976 5564 12976 15000 14977 14791 14686 12277
14377 7615 11591 13536 12323 11871 6041 3954 3867 9142 8550 3002 3663 2952 3386 3861 3027 2376 4329 1233 3070 5969 5181 785 3648 11919 13728 12445 14037 9822
14688 13130 14490 12550 9814 11040 6872 4547 6685 13948 14006 5509 5855 7788 7525 1242 387 2744 2179 3714 4995 6289 3310 6177 4386 7080 8180 14159 11887 2021
14280 14562 14517 11154 3899 5872 8201 8943 8534 8262 10698 6764 6790 9271 3864 48 0 0 69 5260 14068 7285 1551 6909 7476 12161 14855 10289 2108 7024
13911 14793 14911 8980 6285 4112 8200 8340 6112 4896 3477 5195 3005 11884 7937 2181 731 411 0 2100 14107 14059 14123 14963 15000 14988 14929 8608 763 8849
10956 12521 14865 13628 10287 12070 14601 13295 9396 11873 13755 8987 9967 14370 15000 10803 6611 4880 10578 12078 14986 14770 15000 14870 14878 15000 14260 2246 1947 13954
12325 15000 15000 13126 14704 15000 13429 13940 14972 14996 14745 14902 14922 14994 15000 9176 2030 13820 15000 15000 14930 12301 13305 14914 14930 11831 14302 8655 11994 14485
14700 14988 14869 12541 13668 15000 15000 12917 10136 14454 14951 10941 10985 10919 13961 13885 7724 14761 15000 15000 14945 12540 12106 13294 13235 11879 14654 14929 14839 10858
14700 15000 14988 13554 12274 14801 14868 13835 11295 11572 10869 10017 3407 8759 9614 11049 11043 10245 11108 15000 15000 14798 14182 14478 14269 8783 14296 15000 14879 10818
14694 14981 13995 8500 11115 14619 13089 12039 13932 14569 10807 6808 12824 14587 12114 10494 7939 10226 10001 11528 15000 14984 14902 14502 14790 13850 13800 14853 14789 14665
9368 4809 5801 1348 427 5390 7064 4110 2027 4898 520 4343 14274 10233 9269 7175 9946 14988 14587 11969 12851 14647 12243 14464 14296 14891 14712 14897 14191 8777
13607 14966 14448 9133 9568 12269 14912 14079 12148 5705 8211 8003 13515 10649 5597 11284 14603 14964 12560 7898 13367 11247 12055 12906 13900 14998 14742 14996 14978 10431
14437 13456 11244 9247 5865 14208 14914 14938 13480 8162 14032 14028 14052 7543 12885 14316 14670 13102 11548 12809 12911 5184 5195 14231 15000 15000 14827 14971 15000 6751
12326 10983 13895 13074 12727 14250 14964 14557 12551 10771 11649 7063 5212 4922 9853 5663 4624 4937 3802 10115 10078 3698 7110 14716 14761 13895 9330 13859 15000 12299
14650 11877 10663 14412 13197 12019 10735 12345 12496 14504 10004 4867 8124 8803 6343 9932 12702 8411 3326 8436 3452 5732 5998 9754 9000 9942 9945 14535 15000 13555
13241 14676 13075 11208 13922 14474 12901 12728 13755 13717 13123 14688 12679 9500 3608 7866 12169 3845 7277 7421 4114 7918 6071 9535 13233 13402 11371 14420 14700 10618
