data/outputs/Sarzedas de Sao Pedro/2015/resolution_1/CONT_TOTAL_1_45.asc
ncols         33
nrows         33
xllcorner     -8.224023584583
yllcorner      39.953368546911
cellsize       0.000404694720
NODATA_value  -9999
2492 1356 8668 7926 4999 5987 10166 3438 2269 734 91 3960 8806 272 746 1606 5860 5098 3026 3413 2382 1575 8265 7400 8261 10271 9237 12150 11945 9606 5352 6596 2635
4446 9611 2948 7286 5713 6968 5530 3879 374 2698 2708 2911 9991 2586 533 1379 194 1742 1705 3100 10411 10425 9846 8804 8556 11538 11872 12075 12099 10814 7408 9503 12134
2884 4550 4236 4374 5726 10507 9299 8639 8326 9942 8446 3925 10142 795 1642 2826 2273 9201 8101 8080 9211 11117 12138 11466 10396 11688 10896 11562 10856 9317 11363 9183 11752
1835 4778 11045 9696 10278 11455 12138 12150 12073 8135 8711 3557 6765 5654 7845 7889 5998 8984 5477 4223 9403 12150 11014 10928 6415 8576 9549 6595 7994 11763 8679 5029 8452
4743 1429 7246 11824 11351 12106 12150 12150 12091 11654 8460 4601 11788 11398 11142 11483 10006 11883 12080 6706 7710 10651 5630 6359 7822 11055 7834 8581 5246 9781 8013 3691 4052
7867 9779 12082 12088 12150 12075 12150 11256 11062 10692 9090 10474 8556 12150 12030 11875 6963 6669 10568 11073 8138 5190 3239 8411 10576 12019 8000 6510 11334 11765 10819 902 2732
6485 12062 12140 11879 12150 12065 12024 11225 8760 7162 5126 6244 7156 9341 12138 9128 11668 11669 10782 9462 9987 7543 9368 6330 9823 9209 5987 8252 12150 11782 10994 12022 11490
6536 10241 11049 10076 11460 11593 10328 8956 11057 5735 1220 1932 3775 9536 8477 10938 10242 10484 12067 11766 11467 8511 9841 11513 9210 7072 10532 9583 12110 9909 3558 5096 1801
4698 2006 10478 9837 9089 6395 10373 8337 11838 9902 5306 1436 7500 10466 9545 7259 9252 10590 11189 10892 8392 12134 11806 11496 10895 7719 8252 11343 3573 5881 979 6582 3027
3894 8984 9482 8488 5286 8965 10897 7999 11176 5536 1038 1053 3015 4993 4776 1844 6409 12030 11465 11618 12144 10457 10220 11727 12047 11765 6533 8648 10990 7965 2823 1587 5110
8215 11164 12031 11933 7783 8348 9662 8860 10273 10966 9126 7997 5221 7676 10823 8707 7328 11301 12150 9775 10383 11442 10425 8852 11414 9660 9091 4203 8331 11641 11664 2133 8884
4185 7297 9705 12150 10689 8233 5401 2899 8060 10459 8086 11487 6360 6954 9774 9321 4332 5894 10263 7328 6507 8257 11230 8233 10518 9621 11310 8262 7973 10210 8613 470 3403
902 2 4358 9662 12099 10475 4379 2273 2053 5973 10558 12136 8591 5331 6715 9624 3699 5079 6338 3240 1319 3261 8677 9422 5674 8346 11616 11753 12092 12106 11881 6450 1630
6222 592 4619 10103 6057 6216 3514 5289 9273 7674 5294 10786 12091 4001 8351 4227 2294 2289 2938 2360 1791 6442 3011 8441 8785 10197 12150 11949 12150 12150 12150 12150 11826
8157 4120 9696 11940 5826 3442 5544 10325 5196 6777 8878 10383 10788 9044 4305 4656 2792 1994 4094 1503 4625 6677 1832 7529 11011 9068 11852 12150 12150 12068 12069 11709 9465
9711 2227 4198 8196 4343 5326 5128 8823 5341 9454 11710 10925 9694 6598 2729 1807 3438 2758 1703 4198 2449 4550 5102 2406 5931 4944 9383 12116 12150 12132 12073 11864 10489
11290 4634 7285 8066 8067 7402 5924 6535 2629 6243 9891 5122 5222 2221 1402 2093 4668 4029 2793 2374 3279 2346 2507 2696 1426 2806 1245 7162 12085 12122 11412 12066 11735
11828 7932 10800 10847 9171 10840 4979 1495 2851 3250 8324 9770 4812 1239 6833 5857 2183 125 585 2699 2025 1402 3972 6105 8240 3289 1835 4737 6692 7055 10137 10457 4887
11880 11686 12150 11386 5844 8753 10347 6028 4279 5976 8342 11901 5960 6945 5922 7539 820 1302 139 1101 1559 5692 5016 4291 1132 1080 5151 3318 5219 10290 9518 4939 6556
10935 11718 11916 11084 2862 637 7016 7197 10501 8438 6833 6746 4885 4048 5126 7368 1567 0 0 0 0 750 9859 10421 5076 7374 9428 10516 12150 12138 9940 2521 1573
11114 11146 12139 11194 4978 6795 4502 7774 5285 3418 4724 3544 3100 1039 7250 11448 8353 1536 1367 631 216 1088 10289 12148 12150 11518 12150 12150 12138 12091 6081 389 7185
8711 10133 12138 11973 9954 8621 11420 11643 11245 8071 9993 11782 10484 7534 11883 12119 12150 8272 3907 5805 10450 11762 12061 11877 12148 12150 11898 12150 12150 11388 1485 373 10759
9813 12150 12150 10967 11458 12150 12146 10436 11571 12122 12150 12029 12116 12002 12148 12144 11962 4229 2805 11410 12150 12150 12150 10802 9229 11972 12150 12039 9022 11474 7839 9345 11975
11880 12150 12007 10991 10103 12021 12150 12150 10107 8360 11758 12150 10405 9800 9965 8917 11787 9803 6308 12150 12150 12150 12095 11211 9567 9829 10214 11486 9159 12064 12090 12011 10217
11880 12150 12150 11819 10090 10679 12085 11908 10371 8135 9163 10679 6258 4323 2351 10113 6598 10728 9969 9298 10473 12150 12150 12126 11646 11505 12059 10783 6188 11871 12139 12150 8656
11880 12150 11991 9933 7615 11196 11818 11565 11032 11456 11502 10418 3882 8074 10121 11343 7693 7051 7157 7505 7197 9619 12150 12138 12150 11834 11320 12009 10420 12010 12150 12012 12146
9399 6111 8704 3536 1116 4986 9087 4452 4409 5551 7907 3353 4993 11447 11935 10998 10710 6786 6989 10742 10415 8892 10648 12003 10494 10546 11995 11928 12150 10792 11934 11910 9902
9926 8943 8129 6530 3403 2896 8150 9888 7223 4236 2331 1978 335 9155 8597 1851 2417 6429 11672 12126 11743 6212 10351 9908 11864 11595 12040 10550 12150 12126 12116 12128 9093
10728 12040 10592 9463 6500 10823 12109 12088 12150 11929 6380 9717 11576 11290 10858 8723 10672 12088 12045 12138 10114 8711 11991 8720 7714 7729 11000 12116 12150 11838 12117 12150 9473
11567 10112 10330 8118 6051 8400 12130 12096 11738 10435 6013 11338 11497 10996 6524 7508 10029 9861 10725 7309 7342 9797 10076 3410 4843 7108 12150 12150 12043 12055 12132 12150 6566
10293 7412 11147 11308 11149 10474 10818 12062 11412 9721 10456 9100 4746 2903 2173 5448 5546 1966 4759 4521 3207 6018 8988 1351 3864 9655 11998 9588 11468 5480 10913 12150 11265
11828 11189 7460 11197 11540 10386 9554 7148 10780 10080 11811 8516 4792 6180 8347 8172 6689 8739 10615 6560 2339 5457 3085 1492 9048 4296 9061 5898 8557 8274 11747 12150 10979
10474 11837 11701 9157 9452 11542 11880 9894 11173 11106 10921 11188 11769 11858 7375 6660 1024 8496 8667 2765 6103 6784 4672 5583 5308 6060 8604 11025 10968 8990 11652 11880 11084
