data/outputs/Sarzedas de Sao Pedro/2015/resolution_1/CONT_NORM_1_5.asc
ncols         300
nrows         300
xllcorner     -8.224023584583
yllcorner      39.953368546911
cellsize       0.000044966080
NODATA_value  -9999
[rows 171 to 227 of 300, columns 96 to 191 of 300]
100 66 88 100 100 100 100 100 100 100 100 100 76 60 63 33 25 21 4 0 29 100 100 100 100 100 100 99 57 100 76 72 52 100 100 72 7 0 0 8 75 100 100 37 0 0 0 0 0 0 0 0 0 0 0 0 0 0 0 0 0 0 0 0 0 0 0 0 0 0 0 0 0 0 0 0 0 0 0 0 0 0 0 0 0 0 0 0 0 0 0 0 0 0 93 100
19 2 21 99 100 100 100 100 100 100 97 37 0 0 0 0 59 57 14 0 33 100 100 100 100 100 100 100 100 96 48 97 100 100 100 47 9 0 14 90 100 100 100 56 0 0 0 0 0 0 0 0 1 0 0 0 0 0 0 0 0 0 0 0 0 0 0 0 0 0 0 0 0 0 0 0 0 0 0 0 0 0 0 0 0 0 0 0 0 0 0 0 0 0 56 100
0 10 95 100 100 100 100 100 100 100 100 48 0 0 0 0 82 85 89 45 46 96 45 53 61 73 86 100 100 100 100 100 100 100 100 67 15 27 88 100 100 100 100 93 54 52 11 0 0 0 0 40 86 32 0 0 0 0 0 0 0 0 0 0 0 0 0 0 0 0 0 0 0 0 0 0 0 0 0 0 0 0 0 0 0 0 0 0 0 0 0 0 0 0 35 100
32 58 64 63 85 100 100 100 100 100 100 27 0 0 0 7 85 100 100 40 60 90 16 0 0 0 2 13 21 37 54 72 83 97 86 40 28 79 100 100 98 89 100 100 100 95 26 0 0 11 44 48 100 86 24 0 0 0 0 0 0 0 0 0 0 0 0 0 0 0 0 0 0 0 0 0 0 0 0 0 0 0 0 0 0 0 0 0 0 0 0 0 0 0 5 81
43 45 72 90 100 100 100 100 100 100 85 2 0 0 0 2 36 92 87 30 80 100 100 94 93 60 1 0 0 0 0 0 0 49 24 0 27 99 100 88 78 58 99 100 66 5 1 68 64 5 63 97 99 65 7 0 0 0 0 0 0 0 0 0 0 0 0 0 0 0 0 0 0 0 0 0 0 0 0 0 0 0 0 0 0 0 0 0 0 0 0 0 0 0 0 0
36 74 100 100 100 100 100 100 100 100 54 0 6 0 0 0 0 0 5 0 73 100 100 100 100 43 0 0 0 0 0 0 0 3 15 4 21 99 100 79 92 100 93 56 0 14 11 63 90 29 0 13 20 0 0 0 0 0 0 0 0 0 0 0 0 0 0 0 0 0 0 0 0 0 0 0 0 0 0 0 0 0 0 0 0 0 0 0 0 0 0 0 0 0 0 0
55 91 99 100 100 100 93 85 100 100 51 5 86 5 0 0 0 0 0 0 50 100 100 100 96 5 0 0 0 0 0 0 0 0 8 2 64 100 100 71 91 64 15 55 78 88 96 63 37 61 52 0 0 0 0 0 0 0 0 0 0 0 0 0 0 0 0 0 0 0 0 0 0 0 0 0 0 0 0 0 0 0 0 0 0 0 0 0 0 0 0 0 0 0 0 0
99 78 94 96 96 95 59 31 93 99 42 64 86 7 0 0 1 0 0 0 0 57 100 100 50 0 0 0 0 0 0 0 0 4 13 63 100 100 100 100 62 44 0 7 61 100 100 66 5 20 5 0 0 0 0 0 0 0 0 0 0 0 0 0 0 0 0 0 0 0 0 0 0 0 0 0 0 0 0 0 0 0 0 0 0 0 0 0 0 0 0 0 0 0 0 0
100 100 100 21 4 1 0 8 47 33 25 60 42 39 38 61 85 18 0 0 25 65 100 96 8 0 0 0 0 0 7 52 17 17 24 100 100 100 100 96 92 35 0 5 18 59 40 12 0 0 0 0 0 0 0 0 0 0 0 0 0 0 0 0 0 0 0 0 0 0 0 0 0 0 0 0 0 0 0 0 0 0 0 0 0 0 0 0 0 0 0 0 0 0 0 0
100 100 100 27 0 0 0 16 71 52 61 0 0 31 96 100 81 35 17 5 78 100 100 92 29 0 0 0 0 0 2 13 21 4 24 61 88 100 90 9 95 97 79 95 100 89 12 0 0 0 0 0 0 0 0 0 0 0 0 0 0 0 0 0 0 0 0 0 0 0 0 0 0 0 0 0 0 0 0 0 0 0 0 0 0 0 0 0 0 0 0 0 0 0 0 0
51 100 99 15 0 0 0 0 7 32 57 37 63 98 87 100 100 100 92 71 100 100 92 80 0 0 0 0 0 0 0 0 29 0 0 0 72 92 68 72 100 100 100 94 84 29 0 0 0 0 0 0 0 0 0 0 0 0 0 0 0 0 0 0 0 0 0 0 0 0 0 0 0 0 0 0 0 0 0 0 0 0 0 0 0 0 0 0 0 0 0 0 0 0 0 0
26 37 64 31 7 0 0 0 3 27 60 81 81 93 70 99 100 100 83 5 24 21 29 10 0 0 0 0 0 0 0 29 69 53 64 44 59 43 43 100 85 69 100 93 15 0 0 0 0 0 0 0 0 0 0 0 0 0 0 0 0 0 0 0 0 0 0 0 0 0 0 0 0 0 0 0 0 0 0 0 0 0 0 0 0 0 0 0 0 0 0 0 0 0 0 0
0 0 0 0 0 0 0 12 90 100 46 53 32 0 16 99 51 26 11 0 0 0 0 0 0 1 0 0 0 0 0 29 76 99 100 99 50 15 74 100 91 66 100 100 91 52 19 0 0 0 0 0 0 0 0 0 0 0 0 0 0 0 0 0 0 0 0 0 0 0 0 0 0 0 0 0 0 0 0 0 0 0 0 0 0 0 0 0 0 0 0 0 0 0 0 0
0 0 0 0 0 0 0 1 48 57 46 78 24 0 16 80 15 2 0 0 0 0 0 0 1 0 0 0 0 0 0 8 90 93 100 72 0 13 96 96 100 90 100 100 100 100 98 25 0 0 0 0 0 0 9 0 0 0 0 0 0 0 0 0 0 0 0 0 0 0 0 0 0 0 0 0 0 0 0 0 0 0 0 0 0 0 0 0 0 0 0 0 0 0 0 0
0 0 0 0 0 0 0 0 0 0 0 5 18 0 0 5 15 55 11 0 0 0 0 0 0 0 0 0 0 0 0 12 46 98 100 99 23 4 8 56 100 100 100 100 100 100 100 91 7 0 2 20 55 80 98 57 0 0 0 0 0 0 0 0 0 0 0 0 0 0 0 0 0 0 0 0 0 0 0 0 0 0 0 0 0 0 0 0 0 0 0 0 0 0 0 0
2 0 0 0 0 0 1 1 0 0 0 4 11 45 45 30 0 4 0 0 0 0 0 0 0 0 0 0 0 0 0 3 54 94 100 100 72 25 60 100 100 100 100 93 63 100 100 100 86 76 95 100 100 100 100 99 31 0 0 0 0 0 0 0 0 0 0 0 0 0 0 0 0 0 0 0 0 0 0 23 48 70 4 0 0 0 0 0 0 0 0 0 0 0 0 0
19 0 0 0 0 0 0 0 0 0 0 6 6 6 13 10 0 0 0 0 50 32 0 0 0 0 4 0 0 2 4 24 100 100 100 98 22 70 100 100 100 100 100 100 100 100 100 100 100 100 100 100 100 100 100 100 91 11 0 0 0 0 0 0 0 0 0 0 0 0 0 0 0 0 0 0 0 0 0 18 50 11 0 0 0 0 0 0 0 0 0 0 0 0 0 0
66 0 0 0 0 0 18 71 51 4 2 0 18 14 70 66 26 1 0 28 99 83 62 1 0 15 17 9 55 23 61 96 97 80 100 100 54 45 100 100 100 100 100 100 100 100 100 100 100 100 100 100 100 100 100 100 100 53 0 0 0 0 0 0 0 16 24 13 0 0 0 0 0 0 0 0 0 0 0 6 0 0 0 0 0 0 0 0 0 0 0 0 0 0 0 0
3 11 2 0 0 11 16 80 99 50 52 81 87 100 92 14 0 0 0 6 96 65 5 0 0 37 12 34 40 10 17 26 96 93 100 96 35 68 100 100 100 100 100 100 100 100 100 100 100 100 100 100 100 100 100 100 83 85 2 0 6 0 1 28 68 100 100 100 68 0 0 0 0 0 0 0 0 0 0 40 0 4 0 0 0 0 0 0 0 0 0 0 0 0 0 0
30 84 68 34 14 0 10 62 100 100 100 96 92 100 95 4 0 0 0 0 38 71 3 0 0 10 6 1 0 8 10 25 17 72 74 84 40 30 98 100 100 100 100 100 100 100 100 100 100 100 100 100 100 100 100 100 82 19 9 0 13 70 86 99 84 61 93 100 98 20 0 0 0 0 0 0 0 0 0 12 14 81 10 0 1 2 0 0 0 0 0 0 0 0 0 0
84 100 100 100 98 73 55 89 100 100 89 63 85 92 97 15 0 0 0 0 39 46 0 0 0 1 1 4 11 24 33 36 34 50 43 44 54 99 100 100 100 100 100 100 100 100 100 100 100 100 100 100 100 100 100 100 96 16 10 0 0 0 62 100 28 0 25 94 100 76 2 0 0 0 0 0 0 0 0 0 0 25 4 1 4 0 0 0 0 7 32 53 45 41 74 24
100 100 100 100 100 100 100 100 100 100 88 8 11 86 100 78 53 41 33 34 59 2 0 0 0 0 17 7 14 55 100 100 100 92 96 80 100 100 100 100 100 100 100 100 100 100 100 100 100 100 100 100 100 100 100 100 100 94 39 5 0 32 87 100 85 61 79 42 43 69 20 0 0 0 0 0 0 0 0 0 0 5 3 0 0 0 0 2 4 87 100 100 100 100 100 100
100 100 100 100 100 100 100 100 100 100 100 79 45 73 100 100 100 100 100 68 5 0 0 0 0 1 16 71 77 81 100 100 81 44 91 100 100 100 100 100 100 100 100 100 100 100 100 100 100 100 100 100 100 100 100 100 100 100 100 75 24 95 100 100 100 100 100 83 50 85 82 39 2 0 0 0 0 0 0 0 0 0 0 0 0 0 27 56 80 76 100 100 100 100 100 100
100 100 100 100 100 100 100 100 100 100 100 100 100 100 100 100 100 100 85 2 0 0 0 0 0 1 0 37 98 100 100 100 100 100 100 100 100 100 100 79 100 100 100 100 100 100 100 100 100 100 100 100 100 100 100 100 100 100 100 100 100 100 100 100 100 100 100 100 100 99 78 31 33 1 0 0 0 0 0 0 0 0 10 10 20 28 71 100 100 100 100 100 100 100 100 100
100 100 100 100 100 100 100 100 100 100 100 100 100 100 100 100 100 100 90 7 0 0 0 0 0 36 53 57 94 100 100 92 79 100 100 100 100 77 92 100 100 100 100 100 100 100 100 100 100 100 100 100 100 100 100 100 100 100 100 72 24 77 100 100 100 100 100 99 76 23 0 0 2 0 0 0 0 0 0 0 17 57 65 27 56 98 100 100 100 100 100 100 100 100 100 100
100 100 100 100 100 100 100 100 100 100 100 100 100 100 100 100 100 100 100 90 32 0 7 32 53 76 75 100 100 100 100 99 100 100 100 100 100 100 100 100 100 100 100 100 100 100 100 100 100 100 100 100 100 100 100 100 100 100 100 20 0 4 47 100 100 100 100 68 1 0 0 0 0 8 0 0 0 0 5 40 98 85 31 15 63 100 100 100 100 100 100 100 100 100 100 100
100 100 100 100 100 100 100 100 99 100 100 100 100 100 100 100 100 100 100 100 98 85 97 100 100 100 100 100 100 100 100 100 100 100 100 100 100 100 100 100 100 100 100 100 100 100 100 100 100 100 100 100 100 100 100 100 100 100 98 32 0 0 13 100 100 100 100 94 0 0 0 18 49 7 0 8 38 69 95 100 100 100 100 98 100 100 100 100 100 100 100 100 100 100 100 100
100 100 100 100 100 100 100 100 93 99 92 100 100 100 100 100 100 100 100 100 100 100 100 85 100 100 100 100 100 100 100 100 100 100 100 100 100 100 100 100 100 100 100 100 100 100 100 100 100 100 100 100 100 100 100 100 100 100 100 98 42 0 6 71 100 90 72 66 7 0 9 76 15 0 38 96 100 100 100 100 100 100 100 100 100 100 100 100 100 100 100 100 100 100 100 100
100 100 100 100 100 100 100 90 97 93 100 100 100 100 100 100 100 100 100 100 100 100 100 100 100 100 100 100 100 100 100 100 100 100 100 100 100 100 100 100 100 100 100 100 100 100 100 100 100 100 100 100 100 100 100 100 100 100 100 100 85 0 0 0 13 2 7 0 0 0 0 22 0 25 99 100 100 100 100 100 100 100 100 100 100 100 100 100 100 100 100 100 100 100 100 100
100 100 100 100 100 100 89 74 53 100 100 100 100 100 100 100 100 100 100 100 100 100 97 100 100 100 100 100 100 100 100 100 100 100 100 100 100 100 100 100 100 100 100 100 100 100 100 100 100 100 100 100 100 100 100 100 100 100 100 100 100 24 0 0 0 0 0 0 0 0 0 14 0 76 100 100 100 100 100 100 100 100 100 100 100 100 100 100 100 100 100 100 100 100 100 100
100 100 100 100 100 100 93 54 86 100 100 100 100 100 100 100 100 100 100 100 100 100 67 100 100 100 100 100 100 100 100 100 100 100 100 100 100 100 100 100 100 100 100 100 100 100 100 100 100 100 100 100 100 100 72 74 100 100 100 100 100 50 0 0 0 0 0 0 0 0 0 0 10 99 100 100 100 100 100 100 100 100 100 100 100 100 100 100 100 100 100 100 100 100 100 100
100 100 100 100 100 100 100 100 100 100 100 100 100 92 100 100 100 100 100 100 100 100 100 100 100 100 100 100 100 100 100 100 100 100 100 100 100 100 100 100 100 100 100 100 100 100 100 100 100 100 100 100 100 100 74 70 100 100 100 100 63 5 0 0 0 0 0 0 0 0 0 0 13 100 100 100 100 100 100 100 100 100 100 100 100 100 100 100 100 100 100 100 100 100 100 100
100 100 100 100 100 100 100 100 100 100 100 100 100 100 100 100 100 100 100 99 99 100 100 99 92 99 100 100 100 100 100 100 100 100 100 100 100 100 100 100 100 100 100 100 100 100 100 100 100 100 100 100 100 100 100 100 100 100 99 31 0 0 0 0 0 0 0 0 0 0 12 46 21 100 100 100 100 100 100 100 100 100 100 100 100 100 100 100 100 100 100 100 100 100 100 100
100 100 100 100 100 100 100 100 100 100 100 100 100 100 100 100 100 100 100 94 94 100 100 87 86 98 93 100 100 100 100 100 100 100 100 100 100 100 100 100 100 100 100 100 100 100 100 100 100 100 100 100 100 100 100 100 100 100 100 95 67 50 0 0 0 0 0 0 0 0 71 73 37 100 100 100 100 100 100 100 100 100 100 100 100 100 100 100 100 100 100 100 100 100 100 100
100 100 100 97 88 100 100 100 100 100 100 100 100 100 100 100 100 100 100 100 100 100 100 100 100 100 100 100 100 81 99 100 100 100 100 100 100 100 100 100 100 100 100 100 100 100 100 100 100 100 100 100 100 100 100 100 94 99 100 100 99 55 1 0 0 0 0 0 0 9 94 73 37 97 93 88 96 100 100 100 100 100 100 100 100 100 100 100 100 100 100 100 100 100 100 100
100 100 100 100 100 100 100 100 100 100 100 100 100 100 100 100 100 100 100 100 100 100 100 100 100 100 100 100 100 100 100 100 100 100 100 100 100 100 100 100 100 100 100 100 100 100 100 100 100 100 100 100 100 100 100 100 92 100 100 88 36 2 0 0 0 0 0 0 0 8 71 27 4 7 0 0 49 100 100 100 100 100 100 100 100 100 100 100 100 100 100 100 100 100 100 100
100 100 100 100 100 100 100 100 100 100 100 100 100 100 100 100 100 100 100 100 100 100 100 100 100 100 100 100 100 100 100 100 100 100 100 100 100 100 100 100 100 100 100 100 100 100 100 100 100 100 100 100 100 100 100 100 99 100 61 8 0 0 0 0 0 0 0 0 0 0 0 0 0 0 0 0 32 100 100 100 100 100 100 100 100 100 100 100 100 100 100 100 100 100 100 100
100 100 100 100 100 100 100 100 100 100 100 100 100 100 100 100 100 100 100 100 100 100 100 100 100 100 100 100 100 100 100 100 100 100 100 100 100 100 100 100 100 100 100 100 100 100 100 100 100 100 100 100 100 100 100 100 100 100 47 0 0 0 0 0 0 0 0 0 0 0 0 0 5 17 13 13 28 100 100 100 100 100 100 100 100 100 100 100 100 100 100 100 100 100 100 100
100 100 100 100 100 100 100 100 100 100 100 100 100 100 100 100 100 100 100 100 100 100 100 100 100 100 100 100 100 100 100 100 100 100 100 100 100 100 100 100 100 100 100 96 100 100 100 100 100 100 100 100 100 100 100 100 100 100 100 53 12 0 0 0 0 0 0 0 0 0 0 0 32 100 100 100 100 100 100 100 100 100 100 100 100 100 100 100 100 100 100 100 100 100 100 100
100 100 100 100 100 100 100 100 100 100 100 100 100 100 100 100 100 100 100 100 100 100 100 100 100 100 100 100 100 100 100 100 100 100 100 100 100 100 100 100 100 100 81 9 78 100 100 100 100 100 100 100 100 100 100 100 100 100 100 100 77 5 0 0 0 0 0 0 0 0 0 0 29 100 100 100 100 100 100 100 100 100 100 100 100 100 100 100 100 100 100 100 100 100 100 100
100 100 100 100 100 100 100 100 100 100 100 100 100 100 100 100 100 100 100 100 100 100 100 100 100 100 100 100 100 100 100 100 100 100 100 100 100 100 100 100 100 100 100 96 99 100 100 100 100 100 100 100 100 100 100 100 100 100 100 100 100 61 0 0 0 0 0 0 0 0 0 0 13 100 100 100 100 100 100 100 100 100 100 100 100 100 100 100 100 100 100 100 100 100 100 100
100 100 100 100 100 100 100 100 100 100 100 100 100 100 100 100 100 100 100 100 100 100 100 100 100 100 100 100 100 100 100 100 100 100 100 100 85 100 100 98 93 92 87 100 100 100 100 100 100 100 100 100 100 100 100 100 100 100 100 100 100 100 65 0 0 0 0 0 0 0 0 0 13 100 100 100 100 100 100 100 100 100 100 100 100 100 100 100 100 100 100 100 100 100 100 100
100 100 100 100 100 100 100 100 100 100 100 100 100 100 100 100 100 100 100 100 100 100 100 100 100 91 78 100 100 100 100 100 100 98 100 100 100 99 87 83 94 99 92 100 100 100 100 100 100 100 100 100 100 100 100 100 100 100 100 100 100 100 99 57 4 0 0 0 0 0 0 0 13 100 100 100 100 100 100 100 100 100 100 100 100 100 100 100 100 100 100 100 100 100 100 100
100 100 100 100 100 100 100 100 100 100 100 100 100 100 100 100 100 100 100 100 100 100 100 100 100 99 88 100 100 100 100 100 90 26 77 99 100 100 100 80 65 76 99 100 99 100 100 100 100 94 94 100 100 100 100 100 100 100 100 100 100 100 100 100 96 72 53 41 28 52 53 14 0 94 100 100 100 100 100 100 100 100 100 100 100 100 100 100 100 100 100 100 100 100 100 100
100 100 100 100 100 100 100 100 100 100 100 100 100 100 100 100 100 99 79 22 83 100 100 100 100 100 100 100 100 100 100 99 97 81 56 90 100 100 97 37 35 40 75 91 87 100 100 100 98 18 48 100 100 100 100 100 100 100 100 100 100 100 100 100 100 100 100 100 100 100 100 67 0 85 100 100 100 100 100 100 100 100 100 100 100 100 100 100 100 100 100 100 100 100 100 100
100 100 100 100 100 100 100 100 100 100 100 100 100 100 100 100 100 83 32 0 14 71 65 83 77 92 100 100 93 99 86 50 19 6 67 100 100 100 72 4 0 4 13 38 100 83 73 84 99 71 68 100 100 100 100 100 100 100 100 100 100 100 100 100 100 100 100 100 100 100 100 85 0 73 100 100 100 100 100 100 100 100 100 100 100 100 100 100 100 100 100 100 100 100 100 100
100 100 100 100 100 100 100 100 100 100 100 100 100 100 100 100 99 28 0 0 0 0 0 0 9 23 93 98 81 45 52 71 17 0 25 93 100 92 62 5 1 0 0 6 62 99 97 94 99 100 100 100 100 100 100 100 100 100 100 100 100 100 100 100 100 100 100 100 100 100 100 86 2 43 100 100 100 100 100 100 100 100 100 100 100 100 100 100 100 100 100 100 100 100 100 100
100 100 100 100 100 100 100 100 100 100 100 100 100 100 100 99 81 17 0 0 0 0 16 1 3 2 4 11 3 10 4 2 0 8 18 83 93 100 40 20 5 6 16 0 20 80 82 71 70 100 100 100 100 100 100 100 100 100 100 100 100 100 100 100 100 100 100 100 100 100 100 81 0 2 77 100 100 100 100 100 100 100 100 100 100 100 100 100 100 100 100 100 100 100 100 100
100 100 100 100 100 100 100 100 100 100 100 100 99 69 24 24 0 0 0 5 31 12 26 0 4 9 24 19 71 43 7 0 31 12 14 34 95 100 91 75 24 61 41 70 72 58 88 74 51 100 100 100 100 100 100 100 95 99 100 100 100 100 100 100 100 100 100 100 100 100 100 100 49 0 13 72 100 100 86 92 100 100 100 100 100 100 100 100 100 100 100 100 100 100 100 100
100 100 100 100 100 100 100 100 100 100 100 92 74 53 14 0 29 82 60 87 100 89 25 3 2 2 21 94 74 24 0 5 26 0 0 0 22 82 64 2 15 67 32 73 99 43 96 91 100 100 100 100 100 99 75 32 2 72 100 100 100 100 100 100 100 100 100 100 100 100 100 100 100 36 5 0 40 85 100 100 100 100 100 100 100 100 100 100 100 100 100 100 100 100 100 100
99 100 100 79 100 100 100 100 100 100 100 34 17 0 0 3 68 100 100 100 100 69 0 0 0 0 7 27 4 1 0 11 40 15 0 7 4 2 20 3 32 93 73 35 100 100 100 100 100 100 100 100 99 64 58 20 25 93 100 100 100 100 100 100 100 100 100 100 100 100 100 100 100 100 87 47 8 2 59 100 100 100 100 100 100 100 100 100 100 100 100 100 100 100 100 100
92 86 85 88 100 100 91 100 100 100 94 42 1 0 0 8 97 100 100 100 99 79 18 0 23 23 0 0 15 2 33 0 0 0 1 24 0 0 0 29 81 99 89 44 98 100 100 100 100 100 100 100 39 1 14 12 46 99 100 100 100 100 100 100 100 100 100 100 100 100 100 100 100 100 100 100 97 92 67 19 44 92 100 100 100 100 100 100 100 100 100 100 100 100 100 100
85 88 65 96 87 93 73 99 100 100 68 7 1 0 0 3 96 100 100 100 100 100 59 3 7 27 3 6 18 35 14 0 0 0 0 0 0 4 2 65 100 100 99 99 83 99 92 100 100 97 80 68 51 2 1 44 100 100 100 100 100 100 100 100 100 100 100 100 100 100 100 100 100 100 100 100 100 100 100 95 74 32 41 57 90 100 100 100 100 100 100 100 100 100 100 100
87 67 91 85 93 96 85 100 100 100 72 14 1 0 0 6 65 100 100 100 100 100 62 16 6 27 14 7 18 14 0 0 0 0 0 0 0 9 29 78 100 100 100 100 100 100 100 99 54 10 15 36 14 10 0 55 89 100 100 93 100 100 100 93 100 100 100 100 100 100 100 100 100 100 100 100 100 100 100 100 100 94 56 4 5 49 76 100 100 100 100 100 100 100 100 100
65 56 96 100 100 99 100 92 100 98 11 2 2 0 0 0 72 100 100 100 100 100 100 100 90 39 6 25 39 54 4 0 0 0 0 2 2 35 77 99 100 100 100 100 100 100 100 64 23 40 13 5 18 2 15 59 95 100 100 99 99 81 87 74 40 90 100 100 100 100 100 98 100 100 94 52 75 99 100 100 100 100 100 95 58 15 0 27 76 100 100 100 100 100 100 100
71 96 100 100 100 94 99 100 100 96 69 36 17 0 0 0 57 100 100 100 100 100 100 70 54 60 11 66 24 35 0 0 0 2 35 52 14 30 61 100 100 100 100 100 100 100 100 73 26 0 2 1 9 4 1 45 100 100 100 100 79 29 49 1 0 23 49 95 93 100 78 7 36 68 71 0 0 32 94 100 100 100 100 100 100 97 74 22 0 35 90 100 100 100 100 100
71 99 100 100 100 100 100 100 76 45 66 49 29 0 0 3 80 100 100 100 100 100 100 100 73 23 17 8 47 12 0 0 7 32 86 92 50 91 99 100 100 100 100 100 100 100 100 37 1 16 29 5 10 69 76 81 96 100 100 100 52 91 97 13 0 0 0 4 27 69 59 5 0 0 4 0 0 0 2 29 67 100 100 100 100 99 76 71 41 0 5 76 100 100 100 100
