data/outputs/Sarzedas de Sao Pedro/2015/resolution_1/CONT_NORM_1_25.asc
ncols         60
nrows         60
xllcorner     -8.224023584583
yllcorner      39.953368546911
cellsize       0.000224830400
NODATA_value  -9999
0 2 0 48 94 90 72 46 4 7 63 96 90 83 60 46 22 7 5 2 32 74 80 52 18 7 57 32 55 48 71 93 60 45 30 90 44 18 4 33 25 16 53 62 76 83 88 91 96 96 96 86 83 35 82 23 77 39 28 89
22 16 0 23 87 80 48 34 28 39 86 90 45 6 0 5 4 1 0 1 18 80 79 1 1 2 3 10 3 42 77 29 25 30 20 38 35 6 15 32 83 75 64 82 66 94 68 49 100 100 100 100 73 92 25 34 72 14 2 55
78 21 83 55 37 57 69 68 72 39 36 40 54 56 42 27 9 1 16 7 4 64 84 8 1 2 0 6 51 17 15 8 36 23 0 1 25 62 45 40 71 71 52 55 55 68 88 100 100 100 100 99 98 98 49 72 69 64 80 93
25 45 96 32 9 35 68 47 29 48 70 50 36 7 6 0 3 45 20 37 26 30 97 65 12 9 4 0 3 0 9 23 0 5 22 45 93 100 100 92 93 86 81 62 93 100 99 95 99 99 100 100 99 74 82 46 83 100 100 96
12 33 43 7 34 45 40 27 30 60 87 74 35 33 36 53 78 83 38 38 30 60 99 58 17 7 1 3 0 3 17 56 57 53 46 81 99 82 91 100 100 100 100 99 100 99 100 92 93 99 100 73 87 66 74 100 100 100 100 96
6 49 53 30 38 52 30 63 69 100 99 97 86 97 99 70 87 69 97 68 16 62 88 23 0 0 41 58 23 26 45 92 65 81 71 66 53 66 95 100 100 100 91 57 87 95 89 89 90 92 98 100 83 74 96 100 63 55 92 80
12 6 47 82 83 90 66 82 90 100 100 100 100 100 100 100 69 57 88 78 24 0 40 72 19 4 86 57 35 40 70 64 37 33 45 70 56 100 100 100 91 97 96 53 53 96 66 86 94 70 79 90 87 100 95 62 11 73 85 31
24 23 8 71 97 98 83 85 72 81 100 100 100 100 100 99 71 89 59 59 43 3 89 99 64 44 99 95 72 21 88 100 98 52 6 10 68 100 100 99 70 86 81 40 54 70 62 77 43 39 20 46 95 93 80 23 43 95 66 11
46 31 15 6 63 100 100 89 100 100 100 100 100 100 100 100 92 99 100 41 16 56 100 97 95 91 96 100 82 76 96 100 100 100 72 21 24 100 97 95 44 18 34 61 73 96 77 77 87 70 52 35 67 93 97 23 34 20 28 11
61 13 23 38 67 80 100 100 98 99 98 100 100 100 100 100 100 100 83 55 92 55 100 100 100 97 96 99 100 89 58 90 100 100 100 95 64 62 74 27 30 87 93 66 79 93 94 31 27 61 47 69 66 98 100 29 17 3 48 60
55 99 88 98 100 99 100 100 100 100 100 100 100 88 94 100 99 100 83 78 87 80 64 100 100 100 100 99 97 60 31 22 91 84 83 100 95 27 24 25 16 53 73 86 92 100 95 62 66 41 79 100 100 100 100 67 2 2 2 76
19 100 98 100 99 100 95 100 100 100 100 100 99 97 66 60 73 70 74 90 75 85 39 84 100 100 100 89 93 90 64 94 77 88 61 96 100 72 76 97 68 31 20 73 91 100 100 89 91 92 99 100 100 90 76 91 66 58 67 95
37 79 99 100 100 100 98 100 100 100 100 100 97 97 76 74 73 41 31 12 16 95 48 54 72 100 100 57 84 98 100 94 91 91 70 86 100 48 52 57 77 89 48 99 73 50 99 25 40 39 100 100 100 93 100 100 100 100 95 93
69 49 100 100 100 97 94 100 100 96 97 93 97 58 58 99 51 1 0 0 1 31 47 54 67 63 100 91 97 83 90 85 100 99 88 100 100 97 79 44 70 93 95 90 70 10 77 78 48 51 100 100 100 93 80 57 82 77 35 27
94 11 80 75 86 89 58 94 86 92 98 83 58 90 88 98 84 60 32 0 8 30 22 68 99 69 59 94 77 94 63 86 100 99 100 99 100 74 52 71 95 91 92 82 65 73 78 99 67 96 100 100 99 47 4 0 11 19 1 22
75 1 4 50 96 89 77 97 74 39 77 85 68 62 95 96 95 68 58 18 4 21 38 94 92 89 58 50 88 70 81 72 89 86 98 68 32 90 100 99 93 97 85 96 74 57 33 69 95 100 55 35 80 44 0 3 60 15 24 46
55 2 22 53 76 55 91 67 66 42 70 96 52 80 100 99 98 73 47 24 2 49 83 62 87 88 80 34 62 81 84 98 98 100 99 100 80 97 99 100 100 100 100 100 96 89 93 40 74 93 57 14 40 17 4 36 64 43 20 64
26 50 76 67 78 55 77 60 32 72 79 96 56 50 96 97 80 23 5 0 0 1 35 22 45 38 38 19 13 67 89 98 98 100 98 88 100 100 66 81 77 91 95 99 100 100 94 33 70 76 83 94 92 33 1 12 19 20 25 95
0 79 99 97 91 78 82 80 23 65 88 97 84 89 90 81 76 28 11 50 43 1 7 32 29 60 30 21 0 28 82 99 94 91 100 100 100 100 97 99 89 86 100 100 98 95 99 53 47 63 97 99 99 92 73 57 0 1 51 96
80 61 87 100 100 100 100 93 45 76 75 83 73 62 80 91 100 88 93 89 75 60 38 85 64 87 100 99 65 61 98 98 100 100 100 60 68 99 96 84 90 72 72 99 100 96 75 72 61 20 56 88 100 99 94 85 11 30 80 96
77 100 94 99 100 100 100 80 74 62 56 55 55 56 50 92 91 83 56 86 91 58 49 53 67 92 91 74 91 14 20 80 98 100 99 55 55 87 77 78 99 81 30 94 46 19 72 99 86 24 20 10 34 92 93 76 8 21 53 84
13 15 44 68 72 100 100 100 80 61 71 53 17 3 12 84 94 80 60 71 100 96 41 45 68 77 70 83 61 69 11 31 49 81 77 45 47 55 58 97 95 58 83 97 100 100 100 91 97 88 54 100 98 97 83 30 0 1 19 74
11 0 0 0 37 62 99 100 100 92 45 50 57 2 6 29 77 97 99 100 100 95 50 41 34 48 78 84 73 60 8 90 88 61 49 25 21 14 14 39 83 78 93 97 66 63 79 78 100 90 88 100 100 99 95 88 26 2 0 21
15 0 0 0 27 90 69 94 100 100 89 10 11 28 53 3 2 31 70 87 100 100 77 77 35 47 53 70 85 20 3 14 44 48 29 9 16 0 34 55 74 85 61 54 0 58 100 100 100 100 100 100 100 100 100 97 80 50 27 2
34 2 0 0 38 100 99 73 75 57 22 4 4 2 69 56 29 36 38 56 93 100 100 60 7 62 81 80 16 6 19 1 26 30 18 20 23 0 55 73 33 70 48 71 36 54 100 100 100 100 100 100 100 100 100 100 100 100 93 85
94 79 20 18 43 44 82 53 14 49 63 66 55 86 93 99 100 98 65 32 81 99 100 91 30 30 69 21 0 7 77 19 1 15 28 26 3 40 75 12 0 36 98 100 91 92 100 100 100 95 100 100 100 100 100 100 100 100 100 96
80 71 28 36 81 99 95 72 37 57 27 22 66 94 43 54 74 79 61 61 73 98 88 84 73 29 41 55 40 30 25 5 27 55 16 1 33 51 79 13 4 45 51 100 100 99 92 100 100 100 100 100 100 100 100 98 98 95 76 60
75 34 12 63 89 89 94 67 7 1 7 54 97 97 54 9 2 29 99 97 92 96 81 84 76 53 29 20 16 36 6 6 18 12 26 10 54 24 44 52 59 42 50 87 75 44 46 98 99 100 100 100 98 100 100 100 98 94 84 79
96 51 31 7 14 61 79 71 42 14 82 23 41 71 83 46 67 98 100 99 99 82 86 61 63 17 29 15 4 27 26 14 5 8 81 11 21 17 30 31 31 25 24 43 55 42 48 78 99 100 100 100 100 100 98 99 99 95 73 60
96 51 1 5 11 63 41 28 15 40 78 35 23 33 35 22 89 92 97 87 50 15 86 56 10 6 12 50 4 8 67 56 14 22 36 28 17 12 58 23 14 3 5 10 9 53 3 19 66 81 100 100 100 100 97 100 97 100 100 94
96 97 63 44 78 72 72 95 87 64 69 77 41 87 50 7 18 55 70 92 30 32 32 45 15 27 6 29 1 41 63 21 26 35 15 14 17 22 2 18 34 0 51 10 7 18 3 6 1 63 99 100 100 99 89 97 99 99 95 75
96 95 36 60 89 70 94 100 97 80 89 82 29 4 13 36 11 19 36 46 71 95 1 2 28 28 31 12 43 5 10 9 7 13 15 20 31 45 2 12 13 34 30 69 67 47 7 5 3 31 51 68 69 97 76 70 87 89 75 16
96 100 82 79 92 95 100 68 47 85 90 12 41 3 5 20 25 45 95 88 80 96 41 21 5 70 66 41 82 35 1 2 2 3 25 15 9 7 18 17 58 40 62 79 48 26 31 32 1 45 61 71 9 69 100 88 83 89 12 2
96 100 89 100 100 100 98 69 45 85 96 96 92 47 55 41 57 52 90 98 99 99 64 22 36 44 35 66 81 4 1 29 5 0 23 10 33 10 28 36 7 28 13 14 12 3 33 69 24 47 27 30 66 75 100 90 48 97 40 0
96 100 99 100 100 92 87 48 19 57 16 70 88 26 29 25 43 43 39 62 99 66 41 56 74 83 43 79 16 18 1 0 0 0 0 0 0 2 85 38 86 91 62 6 4 1 3 42 19 23 61 63 96 100 87 14 0 24 79 42
91 94 90 100 95 99 98 65 20 7 9 61 46 58 85 99 66 74 40 80 76 44 17 67 18 6 62 63 48 21 0 0 0 0 0 0 0 0 2 16 99 100 89 38 6 31 80 59 71 87 100 100 100 100 92 81 31 0 7 59
88 92 100 100 100 100 97 23 16 17 23 28 72 59 82 88 60 52 28 35 10 48 63 36 1 25 59 89 33 0 0 0 0 0 0 0 0 0 0 5 83 100 92 83 96 92 100 100 100 100 100 100 100 98 71 42 16 0 13 58
93 97 95 100 100 98 97 22 61 73 32 26 40 47 32 20 25 25 57 11 14 20 18 21 9 45 71 98 94 85 56 1 19 0 0 11 0 0 0 51 94 100 100 100 100 88 99 100 100 100 100 100 100 100 83 34 4 0 69 96
86 57 55 91 100 97 91 72 70 89 52 72 96 100 84 92 80 20 56 83 84 84 60 15 15 66 85 99 100 100 83 62 77 25 0 7 20 66 59 63 100 100 99 100 100 100 100 97 97 100 100 100 100 96 44 0 2 17 100 96
67 82 88 100 100 100 100 100 76 39 98 100 99 95 81 97 84 66 77 100 99 99 100 65 86 99 99 100 100 100 100 44 64 10 46 77 97 100 100 100 100 100 95 99 100 100 100 100 100 100 100 100 100 84 16 0 0 33 93 83
47 99 100 100 100 100 99 78 92 100 100 100 91 73 88 90 99 100 100 100 94 100 100 97 99 100 100 100 100 100 96 35 0 31 100 100 100 100 100 100 100 98 93 84 68 100 100 100 100 100 97 95 99 94 53 0 32 93 100 95
83 99 100 100 100 100 74 100 100 100 100 100 100 93 99 95 100 100 100 100 100 100 100 100 100 99 100 100 100 100 96 18 0 23 69 100 100 100 100 100 100 100 82 69 89 98 98 100 100 98 82 40 89 100 98 80 95 100 97 93
96 100 100 100 97 100 99 78 98 100 100 100 100 100 100 91 64 83 99 100 100 100 100 100 98 97 98 90 99 99 100 71 12 27 100 100 100 100 100 100 100 100 86 70 75 60 90 97 100 100 90 44 91 100 100 100 96 99 100 96
96 100 100 100 100 100 83 74 73 93 100 100 100 100 100 53 46 77 86 100 100 99 63 29 57 42 77 27 82 92 100 100 100 67 94 100 100 100 100 100 99 100 94 85 96 92 94 74 70 83 97 86 100 100 99 100 100 100 61 33
96 100 100 100 100 100 98 87 72 74 100 100 97 99 94 75 50 63 61 88 97 51 53 64 17 9 11 68 94 67 61 99 100 97 76 80 93 100 100 100 100 100 99 96 95 92 100 99 100 94 69 41 89 100 100 100 100 97 61 38
96 100 100 100 100 100 95 81 91 91 95 100 100 100 100 100 98 91 74 86 98 44 51 99 53 12 55 100 68 26 67 67 29 68 53 65 41 62 100 100 100 100 100 100 97 94 97 90 93 94 82 41 92 100 100 100 100 100 97 92
96 100 100 100 99 78 81 58 68 86 95 100 99 100 94 93 98 92 99 97 94 66 11 42 54 95 95 94 89 53 91 41 23 77 59 51 47 68 70 100 100 100 100 100 100 98 92 95 95 99 87 82 98 100 100 100 100 99 100 96
96 100 99 100 100 96 63 25 50 92 100 95 75 74 70 64 88 94 99 94 60 69 60 69 93 100 100 100 94 87 94 54 64 48 96 67 86 65 49 88 100 100 100 100 100 100 100 100 100 100 100 100 99 71 96 100 98 97 99 96
84 54 33 37 84 28 17 0 0 9 34 82 39 20 34 11 16 35 50 67 12 1 31 60 100 97 100 99 82 97 67 66 19 73 100 100 99 91 83 65 86 100 97 94 64 65 93 97 99 99 99 100 97 96 98 100 100 88 76 59
74 38 35 24 21 21 16 3 2 0 0 27 78 51 52 13 0 4 6 8 0 0 0 24 95 88 46 29 23 45 30 28 80 93 100 100 100 99 88 83 75 81 100 100 97 100 98 98 99 84 98 100 100 100 99 100 100 91 62 38
95 100 100 100 100 99 76 47 48 42 45 86 99 98 93 83 75 54 38 13 43 12 7 25 94 86 79 29 3 7 35 68 94 98 99 100 99 80 29 41 100 65 73 91 99 95 91 100 92 81 100 100 100 100 100 100 100 99 90 46
74 94 99 100 98 89 69 51 69 96 97 99 100 100 100 100 100 95 56 44 72 93 97 85 91 89 93 83 58 82 98 100 97 100 100 100 99 56 42 99 96 96 57 78 70 58 68 85 98 100 100 100 100 93 100 100 100 100 92 49
94 100 98 96 69 66 81 71 33 57 88 100 100 98 100 100 100 100 62 42 85 100 100 100 95 100 73 49 99 86 100 98 100 100 100 100 100 71 84 98 97 89 45 75 31 47 93 95 100 100 100 100 99 98 100 99 100 100 70 29
94 98 88 77 89 76 56 39 21 45 90 100 100 99 98 100 100 60 23 91 93 96 95 80 93 87 40 39 80 78 100 84 91 100 92 57 89 47 78 81 76 82 0 18 30 29 92 100 100 100 100 100 99 100 100 100 100 100 52 29
84 61 71 99 92 87 80 84 84 84 98 100 100 100 98 90 91 91 27 68 76 73 80 80 77 20 27 59 88 66 45 85 12 61 42 5 15 40 75 90 88 67 20 40 53 49 96 100 100 100 99 93 99 99 99 100 100 100 69 74
94 90 54 69 95 97 96 89 96 75 87 95 99 100 100 100 79 73 96 96 76 86 29 0 12 30 9 36 56 53 15 5 22 29 31 53 30 17 49 56 80 34 1 38 24 63 98 99 98 96 83 96 41 9 71 100 100 100 89 96
95 100 86 39 78 93 95 95 84 82 82 78 62 85 80 79 88 63 96 96 95 60 58 8 42 47 19 37 18 60 78 31 50 98 61 68 35 18 40 63 40 18 5 67 17 46 81 99 81 4 51 92 62 85 95 100 100 100 93 96
95 100 99 92 47 67 94 100 99 88 89 71 89 50 72 98 99 84 99 96 78 33 26 37 54 74 93 85 62 29 79 77 96 94 53 43 32 4 37 85 12 22 1 79 74 22 32 49 97 58 54 69 55 62 94 99 100 100 93 79
84 97 100 100 98 61 83 61 93 100 94 100 98 54 50 98 93 98 100 84 84 79 100 100 99 84 82 89 66 6 39 75 100 67 41 18 34 51 60 13 10 16 29 30 46 8 52 31 82 85 81 95 86 82 96 98 100 100 100 43
84 87 96 96 96 93 80 74 85 93 96 96 96 96 96 96 89 87 92 90 94 93 96 96 96 60 47 36 23 1 14 82 94 64 7 37 42 68 58 66 64 20 85 68 48 60 77 94 91 95 96 85 71 64 94 96 96 96 91 48
