data/outputs/Sarzedas de Sao Pedro/2015/resolution_1/CONT_NORM_1_5.asc
ncols         300
nrows         300
xllcorner     -8.224023584583
yllcorner      39.953368546911
cellsize       0.000044966080
NODATA_value  -9999
[rows 114 to 170 of 300, columns 96 to 191 of 300]
100 100 100 100 100 100 100 100 100 99 100 100 100 100 100 96 61 28 11 0 1 3 35 16 60 13 25 43 25 23 11 26 58 41 45 61 100 100 99 94 100 100 86 2 16 95 88 87 100 100 100 100 74 66 69 14 0 0 0 3 91 100 94 76 100 81 50 54 5 33 9 70 43 78 26 31 7 0 73 99 32 0 0 0 0 6 23 42 9 0 0 0 4 0 0 0
100 100 100 100 100 100 100 100 100 100 100 100 100 100 100 100 100 38 19 7 9 42 53 38 21 48 32 38 1 0 4 18 41 45 74 99 100 99 94 100 84 100 100 83 85 47 97 62 78 95 45 53 14 4 4 4 1 0 0 0 32 53 53 83 100 100 16 0 0 17 34 59 35 99 85 13 15 57 88 70 6 0 0 0 13 29 45 31 0 0 0 0 0 0 0 0
72 99 100 100 100 100 100 100 100 100 100 100 100 100 100 100 91 14 10 17 64 84 100 60 4 23 67 83 16 36 11 41 26 28 74 100 100 95 31 99 100 100 100 100 100 87 88 77 13 22 14 1 0 0 0 0 0 0 0 0 0 0 0 5 59 100 81 46 29 16 93 79 100 99 47 1 11 52 22 6 0 0 0 0 6 38 71 25 0 0 0 0 0 0 0 14
99 73 98 100 100 100 100 100 100 100 100 100 100 100 100 98 35 44 96 99 100 100 100 97 43 59 54 66 71 25 36 45 50 44 85 91 88 38 0 31 54 68 100 100 100 100 100 100 84 36 61 56 0 0 0 0 6 42 11 0 0 0 0 0 4 72 100 100 94 56 88 71 57 28 0 0 0 4 2 6 0 0 3 1 38 15 4 7 6 0 0 0 0 0 0 25
72 81 93 99 100 100 100 100 100 100 100 100 100 100 99 94 51 59 80 100 100 100 100 92 89 63 5 0 65 73 92 69 38 78 84 16 28 0 0 0 0 14 98 100 100 100 100 100 94 44 28 0 0 0 0 0 0 0 0 0 0 1 67 31 0 5 40 52 85 91 35 17 1 0 0 0 43 63 86 15 0 0 9 19 6 20 27 17 0 0 0 0 0 0 0 0
91 73 94 100 100 100 100 100 100 100 100 100 100 100 100 100 100 100 100 100 100 100 100 69 2 0 0 0 25 86 90 92 57 40 21 0 0 0 0 0 4 28 97 100 100 100 97 84 22 2 24 2 0 0 0 0 0 0 0 0 0 0 21 8 0 0 0 0 9 82 34 0 0 0 0 8 33 19 64 17 1 0 24 57 0 0 0 0 0 0 0 0 0 0 0 0
26 36 95 100 100 100 100 100 100 100 100 100 100 100 100 100 100 100 100 92 100 100 99 52 0 0 0 0 0 27 97 70 77 62 22 13 20 2 24 46 49 99 100 100 100 96 28 0 0 4 40 18 0 0 0 0 0 0 0 0 0 0 0 1 34 2 0 25 86 100 47 4 23 7 0 14 9 0 4 0 0 0 40 91 16 3 0 0 0 0 0 0 0 0 0 2
18 17 67 97 100 93 99 100 100 100 100 100 100 100 100 100 100 100 100 88 88 43 9 0 0 0 0 0 0 47 99 47 17 97 92 89 98 95 100 100 84 93 100 99 97 26 7 0 0 0 0 0 0 0 0 0 0 0 0 0 0 0 0 0 20 72 83 99 100 100 89 12 58 86 21 0 0 0 0 4 44 21 20 100 45 0 0 0 0 0 0 0 0 0 0 22
82 57 74 99 86 100 100 100 100 100 100 100 100 100 100 100 100 100 100 100 93 26 0 0 0 2 8 1 11 85 72 36 47 100 99 87 100 100 100 93 100 100 85 60 42 7 0 0 0 0 0 0 0 0 0 0 16 45 39 0 0 7 3 0 0 15 36 40 46 53 7 0 11 9 2 2 0 0 0 0 19 73 46 50 80 36 5 0 0 0 0 0 0 0 11 96
77 82 49 71 48 94 99 79 100 100 100 100 100 100 100 100 100 100 100 100 100 95 7 7 0 8 0 22 91 62 16 46 97 99 100 100 100 100 100 99 100 100 81 37 2 0 0 0 0 0 0 0 5 28 7 4 53 46 53 1 0 6 1 0 0 0 0 0 0 0 0 0 46 30 92 79 5 0 0 0 0 0 0 2 69 100 59 0 0 0 0 0 0 0 33 100
68 57 53 32 49 73 93 100 100 100 100 100 100 100 100 100 100 100 100 100 100 98 6 11 8 0 5 17 13 8 17 53 96 81 95 86 99 100 100 100 100 60 8 0 0 0 0 0 0 0 0 0 8 43 64 48 79 15 1 0 0 0 0 0 0 0 0 0 0 0 0 0 21 54 100 100 25 0 0 0 0 0 0 0 30 99 38 0 0 0 0 0 0 0 18 91
1 5 10 0 3 50 100 100 100 100 100 100 100 100 100 100 100 100 100 100 100 100 76 12 0 0 0 0 0 8 34 55 85 100 50 99 97 77 100 100 74 43 10 7 3 2 0 0 0 0 0 0 0 57 100 100 100 79 53 25 0 0 0 0 0 0 0 0 0 0 0 0 8 95 100 94 2 0 0 0 0 0 10 6 5 12 0 0 0 0 0 0 0 0 16 93
13 0 26 16 7 87 100 100 100 100 100 100 100 100 100 100 100 100 100 100 100 100 100 91 66 10 0 0 0 0 1 56 99 100 94 91 99 95 85 86 16 4 12 0 0 0 0 0 0 0 0 0 0 36 100 90 77 100 100 91 0 0 0 0 0 0 0 0 0 0 0 0 31 96 100 53 8 33 21 8 0 0 59 53 0 0 0 0 0 0 0 0 6 8 40 100
29 13 9 64 36 64 100 100 100 100 100 100 100 100 100 100 100 100 100 100 100 100 100 100 100 99 75 4 2 4 0 20 29 67 99 65 99 81 31 26 2 0 0 0 0 0 0 0 0 0 0 8 4 35 58 25 70 100 100 64 2 2 4 0 0 0 0 0 0 0 0 0 0 11 29 9 8 73 83 42 6 0 14 8 1 0 0 0 12 50 13 51 88 76 96 100
44 58 70 89 64 98 100 100 100 100 100 100 100 100 100 100 100 100 100 100 100 100 100 99 99 57 52 17 0 29 2 0 4 18 56 63 45 66 61 21 0 10 2 1 0 0 0 0 0 0 0 0 0 34 34 96 89 100 99 55 46 81 62 0 0 0 0 0 0 0 0 0 0 0 0 0 0 16 33 17 0 21 65 85 32 0 0 0 17 73 77 94 85 73 56 99
23 63 59 82 91 62 88 100 85 92 100 85 100 100 100 100 100 100 100 100 100 100 65 25 23 26 73 47 0 0 0 0 0 27 21 2 6 53 85 46 34 29 0 8 0 3 4 0 0 0 0 0 0 2 56 22 17 74 76 13 13 17 5 0 0 0 0 0 21 55 64 14 0 0 15 0 0 2 21 48 69 65 56 28 0 0 0 0 0 7 61 80 83 67 96 100
11 57 58 38 99 79 83 99 91 93 99 100 100 100 100 100 100 100 100 100 100 100 48 50 12 39 78 92 42 0 40 78 28 4 0 0 45 8 1 13 32 16 26 29 2 1 6 0 8 43 35 2 0 13 19 59 34 11 18 0 0 0 0 0 0 0 0 1 69 90 20 40 32 0 0 0 0 7 36 25 5 0 0 0 0 0 0 0 0 0 25 60 39 100 100 100
58 64 31 44 42 47 56 45 92 99 93 92 100 100 94 93 100 100 100 100 100 93 76 49 66 66 91 86 26 0 0 26 4 0 0 0 21 86 55 26 7 23 71 100 79 54 65 84 89 100 100 43 13 4 0 2 3 15 2 0 0 0 0 0 0 0 0 1 12 77 91 100 47 0 0 0 10 32 1 0 0 0 0 0 0 1 53 8 12 11 37 35 69 100 100 100
7 19 50 57 19 17 25 17 92 87 100 100 100 100 73 37 88 74 85 100 100 91 64 60 56 91 86 100 87 79 8 0 0 0 0 2 40 97 96 68 77 57 24 99 100 91 38 40 39 89 54 0 32 49 47 0 0 4 39 2 0 0 0 0 0 0 0 0 0 7 84 43 37 0 0 0 31 72 0 0 0 0 0 0 0 22 91 77 93 85 24 92 98 100 100 100
82 74 97 89 96 82 66 76 100 100 100 100 100 100 100 100 80 66 100 77 99 92 93 92 84 53 78 88 100 100 81 21 4 31 0 2 65 100 100 74 88 100 92 99 94 36 13 31 11 0 0 0 4 49 23 6 13 5 42 18 0 0 0 0 4 53 43 17 37 48 99 46 31 0 36 2 0 37 29 0 0 0 0 0 0 0 43 55 29 6 0 61 99 72 51 100
81 77 99 100 100 100 99 100 100 100 100 100 100 99 93 99 100 87 34 77 75 100 88 75 47 100 65 92 100 100 93 16 0 9 12 61 80 64 98 25 30 76 79 51 24 21 31 27 19 66 54 0 1 4 0 48 100 91 51 3 34 62 4 0 49 100 100 100 100 97 95 100 100 94 87 3 0 0 8 0 0 0 0 0 7 60 85 93 93 89 11 2 23 27 44 87
73 94 100 100 99 93 88 99 100 100 100 100 100 93 100 100 93 91 22 87 100 93 99 86 89 75 92 100 100 100 63 2 0 0 26 100 81 14 71 42 90 78 29 5 43 34 2 0 24 44 49 22 0 0 0 2 42 64 54 2 6 45 2 6 65 100 94 73 37 17 2 17 82 99 88 21 0 0 0 0 0 0 0 0 2 90 100 100 100 100 20 0 0 0 5 29
100 87 100 100 61 92 94 58 100 100 100 100 100 94 59 93 79 48 26 74 100 100 100 100 99 87 97 100 100 100 68 43 10 0 23 84 100 65 12 23 92 54 1 1 36 92 49 0 0 0 3 12 29 21 0 0 0 0 0 0 0 0 12 83 45 40 2 0 0 0 0 0 8 15 42 2 0 22 2 0 0 0 4 3 0 60 100 100 90 46 18 21 0 0 46 94
99 87 100 100 97 100 100 63 84 99 100 100 100 87 25 90 89 93 86 61 71 86 47 43 98 92 81 42 95 100 100 100 94 38 1 21 32 31 18 34 24 5 0 0 0 13 20 0 0 0 2 88 100 50 0 0 0 0 0 0 0 0 0 0 0 0 0 0 0 0 0 0 0 1 5 4 87 100 34 0 0 0 57 78 4 2 70 42 34 38 13 1 13 49 29 5
100 100 100 100 100 100 100 96 82 79 100 100 99 89 100 100 94 98 64 55 58 87 91 97 93 58 73 19 2 69 100 100 94 50 0 1 0 0 0 5 15 0 0 0 0 0 0 0 0 0 0 30 90 2 0 0 0 0 0 0 0 0 0 0 0 0 0 0 0 15 25 8 0 0 0 0 31 36 12 0 0 0 13 35 0 0 48 95 100 92 17 1 16 82 57 0
100 100 100 100 100 100 100 100 99 75 100 100 87 90 100 85 100 93 97 79 85 99 100 96 65 49 95 61 35 51 33 14 2 0 0 0 0 5 34 0 0 0 0 0 0 0 0 2 77 92 74 87 77 21 0 0 0 0 0 0 0 0 0 0 0 0 0 0 0 0 0 0 0 0 38 57 20 22 32 58 10 0 0 0 0 0 22 100 100 68 3 0 0 0 0 0
100 100 100 100 100 100 100 100 100 99 100 92 100 80 61 56 100 100 100 100 100 100 91 47 69 58 99 95 48 0 7 28 31 0 0 3 3 0 4 3 11 2 0 0 0 0 0 2 54 100 100 85 31 7 23 39 31 0 0 0 0 0 0 0 0 0 0 0 0 0 0 0 0 13 98 99 55 78 71 59 7 0 0 0 0 0 39 99 100 95 3 0 1 6 12 0
100 100 100 100 100 100 100 100 100 100 100 100 100 72 58 72 98 100 99 65 34 24 76 97 99 100 100 69 18 0 55 100 83 4 22 54 87 45 6 0 0 0 0 0 0 0 0 0 17 85 70 21 2 31 42 8 2 0 0 0 0 0 0 0 0 0 0 0 0 0 0 0 0 10 68 100 100 100 78 5 0 0 0 0 0 0 2 85 98 100 18 0 0 1 15 0
100 100 100 100 100 100 100 99 100 100 100 97 27 0 23 75 100 100 68 4 0 3 9 9 78 96 93 71 10 0 10 20 5 0 19 68 100 85 78 9 0 5 0 0 0 0 0 0 0 0 0 0 2 25 41 6 0 4 60 11 0 0 0 0 0 0 0 0 0 0 0 0 0 0 7 97 100 100 69 10 0 0 0 0 0 0 1 37 60 89 66 4 0 0 0 0
100 100 100 100 100 100 100 93 100 100 100 89 26 29 61 82 100 100 88 73 69 44 42 48 38 76 2 0 3 13 0 0 0 0 0 2 13 0 35 14 26 17 0 0 0 0 0 0 7 0 0 10 42 35 6 0 13 76 76 92 29 0 0 0 0 0 0 0 0 0 0 0 0 42 77 100 93 72 99 99 24 0 0 0 0 0 0 2 8 3 1 3 6 2 21 50
100 100 100 100 100 100 100 100 92 97 68 90 98 96 99 100 100 100 100 100 100 100 98 100 100 94 67 38 53 50 6 0 0 0 8 32 7 30 10 52 100 94 35 0 0 15 4 0 3 7 1 3 23 0 2 51 97 52 26 92 98 39 0 0 18 68 35 0 0 0 0 0 38 99 100 100 72 33 72 36 46 1 0 0 0 0 0 0 0 0 0 0 19 17 94 100
92 98 89 87 99 100 100 100 90 18 0 25 61 81 100 100 100 100 100 100 100 100 100 100 95 53 0 0 1 11 0 0 0 0 41 90 77 14 38 97 100 100 94 46 0 1 9 9 3 4 41 19 0 2 59 100 59 2 36 77 100 100 36 28 92 84 33 0 0 0 0 0 40 85 83 77 46 18 36 47 82 29 0 0 0 0 0 0 0 0 0 0 0 0 5 66
95 39 82 99 100 100 98 56 8 0 36 20 0 23 23 91 100 100 100 100 99 72 37 21 2 0 0 28 0 15 32 0 0 0 14 1 4 0 12 14 71 87 94 74 0 0 0 0 0 1 13 0 9 87 100 92 30 34 32 21 83 99 100 67 28 80 24 0 0 0 0 0 38 98 60 0 0 0 0 2 34 21 76 32 0 0 0 0 0 0 0 0 32 81 13 64
97 97 100 100 100 80 18 0 0 0 0 15 12 63 38 81 100 100 100 72 24 0 2 5 0 0 1 2 24 0 8 1 49 4 0 0 0 0 0 32 96 28 56 17 19 0 0 0 0 0 0 0 0 18 67 99 84 29 20 13 0 79 53 0 0 4 1 0 0 0 0 0 0 28 49 1 39 41 16 1 4 3 65 52 4 0 0 0 0 43 15 0 0 6 28 97
100 100 100 100 100 37 0 0 0 0 0 0 0 8 11 74 100 100 100 99 45 0 68 31 0 0 0 0 32 17 0 0 5 2 0 0 0 0 0 15 36 5 63 60 34 4 0 0 0 0 0 0 0 0 8 92 100 100 100 60 4 75 95 22 0 0 0 0 0 5 37 5 2 1 1 6 23 72 54 0 0 0 8 64 26 16 17 18 0 13 68 9 1 4 43 42
92 100 100 99 48 8 0 0 0 0 0 0 0 4 41 97 100 100 100 100 91 40 5 3 0 0 0 0 1 6 0 0 0 0 0 0 0 0 0 0 0 0 22 52 13 10 0 0 0 0 0 0 0 2 76 100 100 79 72 84 93 89 32 0 0 0 0 0 0 33 53 66 16 32 51 67 64 64 31 4 0 1 80 99 99 100 99 59 0 0 11 4 0 0 30 50
100 100 98 37 6 0 0 0 0 0 0 5 5 0 0 68 100 100 100 100 31 8 18 9 0 0 0 0 0 0 0 0 0 0 0 0 0 0 1 0 4 11 67 36 8 2 0 0 0 0 0 0 0 59 100 100 100 63 43 29 21 2 0 45 71 33 0 0 2 43 62 98 60 25 1 36 65 93 51 48 8 0 39 93 85 66 78 34 0 0 0 0 0 0 0 0
100 100 55 26 6 0 0 0 3 26 3 0 0 0 0 35 88 67 17 39 52 81 49 1 0 0 0 0 0 0 0 0 1 0 0 0 0 0 1 11 81 60 2 38 0 0 0 0 11 0 0 0 47 100 100 100 100 99 29 58 0 15 36 46 93 83 8 1 5 61 42 10 82 33 1 18 56 39 7 37 8 6 27 40 18 1 0 0 0 0 0 0 0 0 0 0
100 100 100 100 87 27 0 0 0 73 70 8 0 0 14 0 28 10 0 47 78 93 51 4 0 0 0 0 6 14 10 38 79 47 5 0 0 0 2 83 100 72 25 0 0 0 0 1 0 45 62 52 97 100 99 76 100 94 42 2 0 25 67 10 11 25 11 5 0 0 0 21 91 52 0 0 0 0 4 30 4 0 0 0 0 0 0 0 0 0 5 17 0 0 0 2
100 100 100 100 100 55 5 0 2 70 100 56 0 0 0 28 47 2 38 98 100 91 5 6 18 0 7 16 29 39 24 92 99 82 14 0 1 0 1 37 64 34 2 0 0 0 0 0 0 0 0 72 100 100 79 8 78 85 1 44 57 1 20 13 0 0 31 46 42 0 8 64 57 0 0 0 0 0 0 0 1 0 0 0 0 0 0 0 2 55 82 89 2 0 0 2
100 100 100 100 100 100 89 83 82 100 100 89 70 37 2 16 21 0 21 16 43 33 10 52 26 47 88 61 66 8 0 57 84 8 0 0 47 67 17 0 0 0 0 0 0 0 0 0 0 0 0 27 72 97 36 33 16 2 0 15 15 5 0 0 21 0 34 82 56 28 27 5 0 0 0 0 0 0 0 0 0 0 0 0 0 0 18 73 51 91 100 86 31 2 0 0
92 68 76 100 100 100 100 100 100 100 100 100 100 97 7 0 0 0 0 0 0 16 24 0 4 29 47 74 83 33 0 1 15 30 16 2 2 22 2 0 0 0 0 0 13 42 36 4 0 0 0 0 0 66 92 35 7 0 42 79 90 48 0 1 4 0 1 45 79 99 62 0 0 0 0 0 0 10 5 0 0 0 0 1 0 0 47 60 98 97 100 100 100 91 10 0
14 64 74 100 100 100 100 100 100 100 100 100 100 92 6 0 0 0 0 7 4 9 0 0 0 26 35 27 16 10 8 0 3 11 25 0 0 0 0 0 0 0 4 68 100 100 97 16 0 0 0 0 0 64 60 2 0 0 4 4 0 0 0 0 0 0 11 28 0 44 10 0 0 0 0 0 0 82 76 17 39 32 0 0 0 0 53 92 72 13 48 97 100 76 5 0
17 12 43 84 98 97 77 51 99 100 100 100 100 89 1 0 0 0 0 0 0 0 0 0 0 0 4 6 20 2 0 2 32 34 16 46 35 2 1 0 0 0 2 82 100 100 84 0 0 0 0 0 0 0 3 0 0 0 0 0 0 0 0 0 0 0 0 0 0 1 0 0 0 0 0 1 56 27 40 41 75 67 18 29 21 0 56 97 59 2 2 82 83 7 0 0
21 28 3 0 18 39 14 6 63 100 100 100 100 68 0 0 0 0 0 0 0 0 0 0 0 0 0 38 100 18 0 38 100 100 67 58 99 86 46 32 21 3 5 32 48 71 65 7 0 0 0 0 0 0 0 0 0 0 0 0 0 0 0 0 0 0 0 0 0 0 0 0 16 10 0 0 0 1 0 0 0 6 8 62 47 1 0 10 29 9 0 11 11 1 0 0
55 44 48 15 46 17 6 31 100 100 100 100 100 34 9 0 0 0 0 0 0 0 0 0 0 0 31 60 91 25 5 81 99 60 70 67 85 26 5 0 8 14 6 30 0 0 94 72 27 0 0 0 0 0 0 0 0 0 0 0 0 0 0 0 0 0 0 0 0 0 0 15 24 40 0 0 0 28 51 43 55 1 0 1 25 9 0 0 0 0 0 21 10 62 25 0
100 95 88 64 89 64 51 25 62 78 100 100 100 75 10 13 0 0 0 53 92 10 0 0 1 0 0 0 0 8 73 100 92 85 99 78 67 89 31 2 0 0 0 0 7 20 88 94 65 41 51 2 0 0 0 0 0 0 0 0 0 0 0 0 0 0 0 0 0 0 0 0 31 28 15 0 3 74 64 16 15 0 0 0 42 63 12 0 0 0 0 0 7 49 14 0
100 65 51 87 54 17 47 46 83 47 93 100 100 100 99 100 37 2 6 57 62 0 0 0 2 0 0 0 2 17 71 100 100 88 100 41 80 100 99 15 0 1 21 38 17 19 76 100 100 49 4 0 0 0 0 0 0 0 0 0 0 0 0 0 0 0 0 0 0 0 0 0 0 5 45 4 23 80 60 6 0 0 0 0 5 21 4 0 0 0 5 8 0 0 0 0
61 45 97 98 93 94 100 84 87 98 100 100 100 100 100 91 8 0 82 96 21 0 0 0 0 0 0 16 93 85 20 80 100 87 83 29 21 45 52 0 5 24 79 100 100 98 100 99 62 13 62 73 29 0 0 0 0 0 0 0 0 0 0 0 0 0 0 0 0 0 0 0 0 0 4 0 0 21 55 0 0 0 25 30 4 0 0 0 0 0 9 0 0 0 0 0
94 100 100 93 99 100 100 100 100 100 100 100 100 100 100 35 0 20 100 77 0 0 0 0 0 0 0 0 19 27 21 36 88 92 99 100 78 56 36 26 85 100 100 100 100 100 100 100 95 96 88 49 92 51 12 0 0 0 16 45 15 0 0 0 0 0 0 0 4 0 0 0 0 0 0 0 0 13 13 0 15 25 66 47 2 0 0 6 17 1 2 0 6 46 39 54
93 100 100 100 100 100 100 100 100 100 100 100 100 100 90 2 0 21 98 52 0 0 0 0 0 0 0 0 0 28 96 82 87 100 100 100 42 24 2 0 35 98 100 100 100 100 100 100 100 100 54 3 4 5 0 0 0 0 0 0 0 0 0 0 0 0 0 0 54 3 0 0 0 0 5 46 0 27 84 94 33 6 0 0 0 0 0 45 7 0 0 0 22 10 5 26
100 100 100 100 100 100 100 99 99 99 100 100 100 100 100 79 4 0 27 21 0 0 17 1 0 0 0 0 0 70 37 33 63 77 60 63 93 56 21 46 87 85 100 100 100 100 100 100 100 79 7 2 2 0 0 0 0 0 0 0 0 0 29 21 0 0 0 0 0 0 0 0 0 5 76 99 60 53 97 100 52 0 0 0 0 0 19 66 8 0 0 0 26 18 8 31
100 100 100 100 100 100 100 93 78 87 100 100 100 100 100 35 0 0 33 16 0 0 0 0 0 0 0 0 0 4 9 2 88 77 81 86 45 51 44 13 47 99 100 100 100 100 100 100 69 5 0 0 0 0 0 0 0 0 20 92 66 56 29 5 44 11 1 0 0 0 0 0 0 0 10 17 41 57 70 60 25 0 0 1 0 0 19 58 5 11 1 0 0 0 6 0
89 100 100 100 100 100 100 100 99 100 100 100 100 100 100 99 31 47 100 88 0 0 0 1 4 0 0 13 29 5 8 56 96 61 74 36 11 2 28 22 55 31 81 100 100 100 74 45 2 0 0 0 0 0 0 0 0 0 0 39 65 80 99 79 66 7 0 0 0 0 0 0 0 0 0 0 0 0 0 0 0 0 0 3 15 46 18 62 73 20 0 0 0 0 0 0
89 100 100 100 100 100 100 100 100 100 100 100 100 100 100 100 96 99 95 30 0 41 54 59 94 81 57 86 99 39 0 66 59 42 23 2 19 1 6 4 20 91 100 100 100 100 99 72 24 0 0 0 0 0 0 0 0 0 0 0 0 0 32 27 0 0 0 0 0 0 0 0 0 0 0 0 0 0 0 0 0 0 0 0 0 5 73 100 100 48 0 0 0 0 38 42
100 100 100 100 100 100 100 100 100 100 100 100 100 100 100 100 100 45 5 0 0 33 89 98 84 100 100 100 61 2 5 13 93 96 37 25 6 4 0 0 0 57 100 100 99 63 41 69 62 0 0 0 0 0 0 0 0 0 0 0 0 0 0 0 0 0 0 0 0 0 0 0 0 0 0 0 0 0 0 0 0 0 0 0 0 0 17 60 73 90 13 0 0 15 95 100
100 100 100 100 100 100 100 100 100 100 100 100 100 100 99 53 42 8 0 0 2 45 88 99 87 100 100 96 46 81 91 76 48 100 79 8 0 0 0 0 0 43 100 86 21 0 0 0 32 4 0 0 0 0 0 0 0 0 0 0 0 0 0 0 0 0 0 0 0 0 0 0 0 0 0 0 0 0 0 0 0 0 0 0 0 0 0 0 0 11 2 0 0 33 100 100
