data/outputs/Sarzedas de Sao Pedro/2015/resolution_1/CONT_TOTAL_1_15.asc
ncols         100
nrows         100
xllcorner     -8.224023584583
yllcorner      39.953368546911
cellsize       0.000134898240
NODATA_value  -9999
[rows 0 to 40 of 100, columns 0 to 91 of 100]
0 1 0 0 0 596 1260 1260 1260 1151 828 856 641 320 10 0 27 589 1260 1260 1260 1099 1258 1004 1228 1013 700 264 57 140 191 0 28 220 448 1013 633 941 1258 512 585 52 161 675 1032 342 828 1017 1162 765 797 974 1235 1260 1025 824 791 418 1258 1260 700 256 438 0 161 524 908 18 0 222 680 990 1155 842 1162 986 926 1234 1260 1260 1260 1260 1260 1260 1260 1140 1186 1031 590 577 996 1174
7 0 202 0 0 0 981 1262 1344 1166 733 729 534 272 0 60 727 1299 1340 1348 1291 976 821 162 248 101 219 202 77 47 2 1 21 211 619 1036 1328 1261 907 143 58 15 45 59 407 337 334 124 363 124 1058 1348 1264 859 256 163 25 141 491 1256 1240 275 29 31 0 8 463 625 673 653 1012 497 739 362 1265 1295 1350 1193 620 1311 1350 1350 1350 1350 1350 1305 1222 1180 845 451 968 623
270 366 271 0 0 312 561 1321 1289 908 812 437 379 531 333 437 1074 1330 1135 1305 1058 4 35 0 0 0 0 0 0 1 0 0 24 59 316 973 1310 1219 179 2 0 2 0 10 61 97 26 0 129 658 1099 701 219 449 141 300 636 370 493 601 636 79 8 610 9 23 927 1218 1226 743 777 1020 1180 1042 1036 1232 1350 1004 2 950 1350 1350 1350 1350 1350 1350 1327 681 1330 1304 436 80
873 500 4 437 498 110 211 518 1182 1123 1206 816 1066 1060 827 476 241 345 771 1100 819 405 430 606 493 703 506 211 157 40 0 6 37 5 87 656 1350 1171 82 9 18 26 126 29 10 10 147 533 973 519 939 108 0 151 516 644 347 62 0 0 0 0 116 244 110 541 730 1122 1282 1188 834 678 955 1082 601 714 1167 966 1072 1234 1350 1350 1350 1350 1350 1346 1346 1159 1350 1306 436 948
1208 1026 14 1272 1350 1158 832 698 433 454 679 886 891 633 1083 606 741 662 412 74 429 839 873 778 226 98 25 20 0 6 306 337 99 101 79 511 1297 1229 575 2 5 2 0 0 0 0 414 834 32 120 24 2 267 287 607 284 0 0 0 30 412 862 1326 1251 785 513 372 1179 960 612 585 825 616 694 579 898 1277 1263 1350 1350 1350 1350 1350 1350 1350 1321 1328 1350 1329 1314 341 991
518 432 521 1319 1350 864 359 151 132 715 709 576 380 114 460 523 492 711 469 148 76 163 20 408 12 0 0 20 121 493 480 493 420 730 43 214 1082 1350 1256 233 30 14 9 1 18 0 1 129 0 0 0 460 441 117 0 0 11 7 124 625 1204 1350 1350 1350 1350 1350 883 1286 1144 1102 840 983 582 925 1277 1350 1350 1350 1330 1350 1350 1350 1350 1350 1350 1350 1350 1348 1328 902 921 895
0 0 728 962 1204 133 167 41 136 961 1157 1151 1124 474 555 785 1118 1332 1348 1342 1234 480 293 26 0 0 14 255 746 1038 78 232 266 738 151 346 507 1350 1346 1251 522 529 287 84 135 0 2 0 0 12 6 160 0 10 60 264 479 518 623 1175 1215 1350 1342 1128 1350 1350 1334 1350 1340 1274 1282 1303 1229 1332 1323 1350 1350 1350 1305 1208 1279 1275 1350 1350 1350 1350 1350 1350 1331 563 1181 916
356 19 618 151 736 139 85 386 312 860 818 107 365 139 564 717 693 1104 1324 750 411 252 327 1055 195 686 898 1193 1348 889 186 937 406 99 503 575 1192 1350 1219 458 118 33 38 40 0 22 29 7 29 36 2 679 715 1123 706 696 665 499 777 1340 1350 1350 1287 908 1350 1350 1350 1350 1350 1350 1350 1350 1350 1350 1350 1350 1350 1350 1297 1168 1249 1313 1350 1350 1350 1137 445 1153 991 915 731 1325
100 493 441 537 216 2 110 1008 971 175 0 345 262 144 1058 1294 1332 1319 1239 994 579 1089 810 1172 1087 662 1325 1324 723 896 1263 1228 744 19 459 625 1285 1350 828 64 2 0 0 0 492 792 112 28 517 75 50 936 1350 1274 1026 1137 1092 1015 877 833 1281 1307 853 964 1350 1350 1350 1350 1350 1350 1350 1038 1015 1134 1346 1332 1183 1216 1201 1217 1274 1254 1316 1350 1350 1346 1191 1350 680 1348 1350 1338
0 328 531 1119 802 850 259 223 884 673 348 1050 1342 762 1092 1350 1350 1350 1350 1349 1305 1235 1350 1350 1350 1237 888 1177 1344 1051 1309 1240 1134 521 226 900 915 1066 939 115 6 0 0 10 1062 1203 144 490 305 460 799 906 1254 965 635 947 1198 804 959 976 251 774 759 1145 1350 1350 1350 1338 1350 1350 1259 1069 669 947 1235 1334 1289 1285 1068 1230 1194 1108 1234 1288 1338 1350 1350 1196 335 1350 1301 1269
10 186 137 64 1017 937 1273 871 1073 1183 959 507 1318 991 1350 1350 1350 1350 1350 1350 1338 1350 1350 1350 1350 1350 1307 630 606 1299 1350 1141 944 769 7 0 0 350 1289 581 36 39 0 426 1346 1162 334 266 733 180 1023 789 821 371 511 543 801 409 894 938 411 1022 1338 1350 1350 1350 1337 1204 1313 1262 1312 1010 729 688 969 1348 1243 844 1259 1150 1170 1305 792 1113 1317 1345 1345 1223 1350 1350 1350 1350
296 99 299 103 704 1106 1289 1350 1296 1330 1252 942 951 1187 1338 1350 1350 1350 1350 1350 1350 1350 1350 1350 1350 1350 1350 1289 887 354 542 1184 1281 1050 27 3 85 821 1350 1116 740 403 269 1102 1350 843 853 811 478 593 1108 873 1184 1058 765 13 230 376 664 673 670 1117 1350 1350 1350 1350 1234 1292 1277 1350 1324 1128 491 959 792 1202 1166 568 1223 1065 1320 1207 812 732 661 867 857 1214 1350 1350 1177 1224
115 463 232 86 61 701 1270 1297 1326 1338 1035 1152 1121 1316 708 665 1340 1350 1350 1350 1350 1350 1350 1350 1350 1340 1326 938 789 1344 1006 397 868 1306 390 7 208 1312 1350 1338 1254 148 671 1332 1350 1328 1350 942 250 376 1258 1201 1350 1338 1327 890 398 6 44 220 1046 1101 1350 1350 1350 1350 1083 1053 1223 1269 1161 1113 474 594 721 958 475 775 1029 1016 318 164 302 169 225 831 548 1350 1350 1227 981 874
657 967 570 293 93 101 905 1350 1350 1350 1350 1237 990 1273 1063 1350 1350 1350 1350 1350 1350 1350 1350 1350 1350 1350 1344 908 1343 1338 1350 1319 318 57 0 59 1005 1350 1350 1304 1309 870 784 1290 1204 1350 1350 875 621 1046 1213 1311 1350 1350 1350 1350 1292 447 19 104 834 1061 1350 1350 1350 1350 1266 213 329 311 289 460 385 618 768 1312 1313 1272 1221 1169 1102 740 854 885 546 123 1136 1350 1350 1083 1280 1134
301 610 131 360 158 0 3 513 1280 1350 1350 1350 1338 1350 1350 1350 1350 1350 1350 1350 1350 1350 1350 1350 1350 1350 1309 1333 1337 1350 1350 1061 343 921 86 651 1350 1350 1348 1284 1268 1340 1266 1336 1339 1350 1350 1181 982 1096 1265 1350 1350 1350 1338 1350 1350 1167 652 451 15 515 1350 1350 1222 1166 1338 789 80 449 759 524 1165 873 1128 1216 1322 914 579 886 1324 1318 1116 787 500 350 748 287 1308 1207 1350 1222
689 666 154 233 40 152 792 600 456 1137 1350 1350 1350 1348 1291 1306 1350 1350 1350 1350 1350 1350 1350 1350 1350 1350 1339 1347 1350 1350 1247 815 659 1350 1041 437 1336 1350 1350 1350 1346 1328 1253 1321 1350 1327 1350 1350 1338 1323 1124 1122 1350 1350 1350 1350 1350 1350 1350 1167 991 375 1220 1315 967 581 439 223 956 1287 1272 1010 633 1146 1108 1173 1216 1318 1097 66 393 717 1092 1074 233 828 784 585 1350 1262 1350 1312
888 925 529 564 894 674 1304 1350 1350 1350 1350 1350 1350 1350 1350 1350 1350 1275 1350 1350 1350 1348 1336 1350 1350 1350 1350 1350 1350 1350 1330 525 560 1350 1350 845 703 1350 1350 1350 1350 1350 1350 1350 1232 1350 1338 1350 1278 574 66 473 720 1294 1350 1350 1350 1328 1350 1350 1348 699 239 534 521 13 290 588 634 1240 1348 1263 1072 948 827 1335 1324 1294 824 141 283 157 575 340 987 1292 956 1228 1350 1350 1350 1250
323 1350 1350 1153 1204 1294 1350 1350 1350 1312 1340 1350 1350 1350 1350 1350 1350 1350 1350 1350 1350 1310 1204 1267 1350 1350 1350 1350 1350 1350 1275 897 1182 1326 1348 1350 539 1116 1289 1350 1350 1350 1350 1350 1350 1350 1350 1338 847 800 619 109 135 1015 1196 905 1222 1160 1350 1350 1350 985 238 340 296 337 10 98 509 1029 790 1101 1299 1285 1348 1350 1350 1326 717 1079 1012 882 418 466 1350 1350 1350 1350 1350 1350 1350 1350
49 1103 1350 1319 1329 1350 1350 1350 1328 1350 1348 1338 1350 1350 1350 1350 1350 1350 1350 1350 1350 1317 1240 884 896 878 1188 766 868 959 989 1014 1319 828 1005 1072 1036 110 1064 1350 1350 1350 1350 1350 1348 1242 1238 1319 1326 1036 419 650 1042 1234 1045 1072 1079 601 1234 1350 1350 1339 593 555 1248 1348 868 244 0 135 660 847 1181 1269 1348 1340 1350 1350 1292 1320 1334 1308 1294 1072 1350 1350 1350 1350 1194 1244 1322 1257
202 530 1350 1324 1328 1336 1350 1350 1350 1339 1265 1265 1350 1350 1350 1350 1350 1350 1350 1350 1328 1350 1350 1348 688 442 1279 1286 939 1238 1241 1085 1231 669 1273 1328 1169 665 354 1291 1350 1350 1350 1350 1350 1328 977 1249 1294 1324 1155 1204 1350 1276 853 1287 1305 694 1040 1297 1350 1331 784 1112 1185 1338 1350 1316 855 598 68 188 888 1016 1336 1350 1350 1350 1338 957 1108 1271 1199 1350 1350 1350 1350 1350 1350 1250 1029 674
660 155 1320 1350 1348 1350 1350 1350 1350 1350 1309 1315 1350 1350 1350 1350 1350 1350 1350 1350 1332 1338 1332 1220 804 781 897 1126 514 1155 1010 164 332 31 345 1234 1348 650 833 337 1169 1350 1350 1350 1338 1132 871 973 1348 1350 1350 1287 1257 1328 1009 1170 1214 772 663 1320 1350 1330 397 924 1029 1206 1280 1132 1350 1322 464 1043 1328 1350 1097 953 1319 1350 1216 106 279 966 596 1092 1350 1350 1350 1350 1350 1105 1350 1350
1150 26 1093 1336 1340 1350 1350 1349 1342 1350 1350 1338 1350 1350 1350 1350 1265 1350 1350 1350 1264 1350 1134 804 1202 1320 1348 868 15 24 65 0 0 0 249 1116 919 219 1001 1170 363 962 1350 1350 1350 636 674 1290 1147 1350 1350 1338 1280 1350 1350 1310 1286 1119 1210 1350 1350 1350 746 651 94 5 199 591 1296 908 436 1305 1350 1277 182 0 315 1223 553 161 271 388 296 1096 1350 1350 1350 1350 1350 1328 1350 1338
1199 280 640 1350 1338 1350 1350 1350 1333 1257 1314 1239 1350 1350 1350 1350 1281 1350 1350 1089 1272 1230 558 894 750 1348 1339 573 2 0 0 0 0 0 7 291 226 723 670 812 1154 439 853 1350 1350 1328 1300 1301 995 1335 1121 1250 1138 1341 1350 1319 1338 1061 1285 1350 1350 1350 1348 1338 1216 971 198 1164 1227 1336 1348 1350 1295 1312 888 114 101 1087 1251 1189 712 651 524 1350 1350 1350 1350 1350 1350 1244 1343 1044
1238 812 179 1326 1350 1270 1316 1298 1246 1348 1276 1213 1350 1350 1350 1350 1204 1326 1350 1151 1312 954 1203 1034 1091 1350 1350 1272 646 227 108 0 0 2 118 639 119 508 269 496 1284 1338 534 769 1320 1326 1350 1340 1310 1025 956 1037 1039 1287 1350 1350 1348 1350 1350 1350 1350 1350 1182 812 918 1087 995 1311 1295 1141 1350 1328 874 492 1188 804 1166 1350 1350 1350 1310 600 1186 1350 1350 1350 1350 1350 1137 443 375 17
1260 929 0 557 963 738 989 1172 997 1226 491 712 1273 1093 995 1084 1333 1316 1350 905 550 631 1254 1200 1229 1299 1301 1012 1002 1003 966 146 0 0 219 658 43 349 870 1350 1350 1316 1151 224 927 1280 1007 707 1328 1350 824 762 1281 1350 1350 1350 1312 1350 1350 1320 1350 1346 842 724 617 830 1091 1211 1350 1247 1152 1262 1346 835 981 1126 458 868 1338 1338 695 1223 1350 1350 1350 1350 1310 1350 1224 463 0 0
1233 757 0 0 151 387 1231 1326 1183 1214 827 1306 1307 1218 938 267 636 909 1301 1347 1283 614 1052 1203 1292 1266 1240 1320 1256 616 927 993 126 0 13 290 208 286 993 1338 1321 1318 1249 760 386 827 911 1251 631 1121 1265 1184 565 1114 1052 1056 1111 1308 1019 466 456 627 1219 1350 1350 1334 1338 1222 1217 1287 1029 1084 1233 1350 687 575 419 42 965 688 1172 1338 1350 1322 673 643 831 1103 1216 376 2 1
1172 211 0 0 0 269 1182 1320 1200 908 1062 1223 1160 902 1004 468 1081 1127 1086 948 715 695 683 1114 1350 1326 1350 1289 1212 910 627 733 244 199 77 332 459 1098 1097 1005 1194 1019 1272 1342 1128 290 951 1317 1258 801 539 1350 1300 1290 1305 1324 1350 1350 1350 1350 827 568 1350 1350 1350 1350 1350 1306 1323 1350 1350 1346 1350 1350 924 981 1034 976 994 1041 1347 1350 1350 1199 89 0 684 1262 1127 69 0 0
1023 304 0 144 526 530 996 1085 956 797 1247 1255 791 903 868 325 590 994 1206 1286 1203 400 1227 1350 1350 1350 1314 1309 1157 834 569 804 286 12 3 510 1206 1017 1138 896 1243 1134 1291 1010 1107 797 38 880 1019 1350 1269 1098 1350 1340 1350 1350 1291 1350 1350 1350 1282 716 1348 1350 1350 1350 1350 1350 1350 1350 1350 1350 1350 1350 1301 1053 1346 1293 599 657 791 1100 1277 1058 536 6 113 298 425 7 0 389
640 10 170 606 509 770 1079 1036 887 299 1060 1217 938 893 502 1053 1168 998 1212 1304 726 448 701 1290 1256 1350 1307 1244 843 643 297 10 0 0 7 56 522 970 442 462 683 715 576 1117 995 258 0 408 484 1129 1350 1350 1350 1350 1274 1344 1350 1350 862 1350 1350 1344 1350 1249 1119 1350 1327 1323 1280 1292 1319 1307 1350 1350 1350 1350 1350 1181 705 273 1056 1295 1194 1067 1113 873 1081 958 480 0 0 25
528 7 1108 1300 1213 596 1107 1109 808 889 862 1141 892 81 478 855 996 1073 1105 1318 1309 456 560 1103 1340 1346 1233 1087 455 73 5 0 0 0 0 0 0 347 222 272 585 916 433 96 146 496 197 4 761 939 939 1329 1299 1350 1319 1350 1350 1350 1306 1350 1350 1350 1350 1079 620 1167 475 892 1278 1203 1316 1275 1312 1350 1350 1339 1350 1350 1009 215 856 731 885 927 1317 1250 1328 1215 1237 264 2 32
3 249 1182 1350 1350 1290 1311 1199 948 1033 1022 967 1118 217 170 574 1169 1080 1224 1350 1350 994 1253 1196 1102 1234 1008 965 227 0 0 32 695 921 69 0 0 135 380 433 573 356 988 424 2 420 63 0 0 139 670 1348 1328 1326 1109 1043 1326 1350 1350 1350 1350 1350 1350 1322 1258 1294 1350 1111 1185 1316 1350 1350 1350 1350 1285 1147 1348 1350 1334 314 774 709 770 1072 1350 1330 1348 1319 1350 1144 583 1117
141 69 966 1321 1348 1350 1308 1282 1342 1187 1336 1350 1198 736 481 912 1158 1265 1350 1226 1021 1062 1189 1273 1260 1100 1165 1328 1073 962 723 602 706 979 706 286 176 71 537 589 497 355 879 1256 874 747 381 193 167 1254 1350 1350 1350 1350 1350 1350 1350 1350 1350 1350 1315 1350 1350 1350 1350 1350 1337 1050 912 1246 1350 1328 1332 1350 1350 1350 1307 1333 1341 418 528 523 741 1217 1350 1350 1350 1350 1306 1294 1098 1350
1217 1273 615 914 1338 1350 1350 1350 1350 1350 1350 1350 1298 773 770 1006 1147 757 1345 1113 1080 976 627 1104 904 1050 1329 1350 1231 1229 1215 1316 1338 1200 864 583 901 525 1095 1106 780 859 1181 1350 1350 1350 1350 1061 89 1314 1350 1350 1350 1350 1350 1350 1350 1350 1210 609 395 1311 1349 1350 1250 1247 1063 1246 1097 996 1172 1073 1346 1350 1350 1350 1335 1147 1029 887 1184 296 160 525 908 1206 1348 1350 1350 1328 1283 1350
1236 1350 1350 1059 1134 1350 1350 1350 1350 1350 1350 1310 1151 360 1018 730 497 878 1090 628 810 914 1005 712 1019 1098 1350 1350 1298 1146 912 976 1338 1350 1038 993 476 276 1165 1008 1167 1316 1350 1247 1338 1194 1349 1084 467 474 865 651 1348 1202 1350 1350 1350 1350 906 300 1012 986 1316 1297 1210 1039 1034 1350 1338 780 294 615 1348 1044 944 712 293 834 1132 1344 1230 554 173 16 6 168 646 978 1336 1350 1350 1350
763 1141 1350 1350 1350 1310 1343 1350 1350 1350 1350 1350 1168 1131 1046 984 956 771 598 815 693 526 745 590 606 1288 1338 1054 1234 952 842 616 1139 1328 1350 711 894 771 868 384 520 926 1273 1194 1204 555 1336 1336 666 16 101 309 1098 1257 1338 1350 1350 1339 1185 658 953 260 1291 1075 795 1173 1086 1350 1272 953 280 1008 1350 591 555 240 262 1019 1350 1300 1342 1146 440 269 508 204 96 149 891 1252 1317 896
321 22 312 747 1100 1341 1232 1279 1350 1350 1350 1350 1350 1350 845 475 903 910 647 452 154 137 5 25 377 1221 1160 1275 1284 740 845 696 953 1350 1350 1350 1273 829 439 993 978 1130 1172 781 919 985 1166 1050 1176 802 2 0 24 297 848 1250 1350 1307 1138 881 393 550 976 1112 980 1235 1350 1237 1282 569 715 1326 1272 1350 1350 1350 1350 1350 1281 1297 1287 1348 1080 899 781 1343 1346 1324 1287 1270 1215 478
248 4 27 0 0 100 442 240 1121 1350 1350 1350 1350 1350 1100 1316 1067 852 1226 631 187 647 4 222 38 705 1328 1325 1333 1265 809 965 1222 1348 1350 1350 712 323 254 670 640 716 1034 978 1221 1125 1163 606 509 939 123 866 1116 930 859 1023 896 598 111 113 824 1054 206 122 488 1280 1350 1261 1043 686 1350 1348 1350 1350 1350 1350 1350 1350 1302 865 1288 1287 1350 446 1008 1338 1350 1350 1350 1338 1328 1194
211 0 0 0 0 2 0 670 716 852 1350 1350 1350 1350 1350 1239 1067 563 454 772 1070 240 7 41 1 194 592 1172 1305 1293 1350 1350 1350 1350 1350 1340 1254 636 521 599 463 410 563 886 1067 1289 981 980 1024 521 7 298 1348 1344 1213 666 947 860 496 302 30 351 215 0 101 230 502 1303 1145 1261 1310 1318 1350 1231 939 870 907 1033 1227 939 1350 1288 1231 1147 1292 1350 1350 1350 1350 1306 1235 1344
331 23 0 0 0 0 0 236 1128 755 714 1345 1350 1350 1350 1350 1324 906 260 390 769 21 238 285 94 87 15 225 650 1149 1105 1216 1306 1350 1350 1348 1350 942 207 647 440 397 353 848 1227 1316 1007 1091 851 469 139 5 636 1056 422 615 919 279 594 0 349 160 6 21 1154 338 647 876 931 861 732 924 1147 78 0 148 972 1136 1350 1350 1350 1350 1338 1350 1350 1350 1350 1350 1350 1350 1348 1350
337 0 0 0 0 0 0 259 1350 1350 1213 736 1299 1350 1350 1350 1350 1328 588 1 78 0 236 1206 1007 54 12 0 0 180 714 1007 1162 1348 1350 1350 1348 1022 1312 1287 474 617 853 689 231 299 1342 1321 593 87 9 80 133 180 719 710 129 255 286 170 166 45 0 38 395 986 1104 1167 1004 1278 933 806 901 29 0 705 1226 1350 1350 1350 1350 1350 1350 1350 1350 1350 1350 1350 1350 1350 1350 1350
126 0 0 0 0 0 0 516 1344 1350 1350 1303 704 1296 1350 1327 969 502 135 133 142 0 0 473 1023 771 32 37 218 304 373 576 709 1314 1348 1350 1350 1350 1291 493 15 257 841 992 957 1147 1176 247 67 27 25 126 16 218 773 618 327 38 106 660 277 0 0 196 865 1273 923 600 889 1262 481 449 809 616 151 198 948 1350 1350 1350 1350 1350 1350 1350 1350 1350 1350 1350 1350 1350 1350 1350
