data/outputs/Sarzedas de Sao Pedro/2015/resolution_1/CONT_TOTAL_1_15.asc
ncols         100
nrows         100
xllcorner     -8.224023584583
yllcorner      39.953368546911
cellsize       0.000134898240
NODATA_value  -9999
[rows 41 to 81 of 100, columns 0 to 91 of 100]
1213 858 166 0 0 0 0 264 813 1269 1328 1350 1310 407 311 24 403 299 141 141 3 160 164 751 1305 1286 1016 1052 1116 898 599 223 601 629 1307 1350 1350 1350 1350 617 31 333 750 1214 1310 1163 223 3 0 209 834 411 11 1 1 1 819 456 0 27 617 0 0 527 945 785 181 22 273 586 978 1140 1341 1128 921 1160 1233 1350 1350 1350 1350 1350 1350 1350 1350 1350 1350 1350 1350 1350 1350 1350
1258 1282 1321 501 52 39 755 552 376 269 922 964 414 44 223 686 902 1107 972 1036 812 1088 1340 1314 1140 1350 1350 1350 1350 1350 1185 636 394 789 1350 1350 1350 1350 1350 1335 838 84 317 980 992 247 22 0 0 176 958 1212 296 1 0 0 400 301 314 458 50 228 620 971 847 35 65 0 59 871 1326 1350 1350 1350 1121 1259 1350 1350 1350 1350 1350 1350 1149 1350 1350 1350 1350 1350 1350 1350 1350 1350
1162 1254 1210 530 528 422 645 1218 1284 1323 1350 1327 1236 647 695 999 583 716 820 450 224 1236 1286 835 1049 1252 1163 1350 1320 1249 688 644 637 875 1108 1280 1341 1339 1350 909 711 440 264 82 539 339 470 323 563 115 319 314 52 0 155 828 140 77 307 224 82 56 733 1295 1348 571 0 0 34 1071 606 1348 1350 1350 1259 1272 1350 1350 1350 1350 1350 1350 1350 1350 1350 1350 1350 1350 1350 1350 1350 1350
916 971 989 412 551 497 543 1133 1204 1350 1204 1348 792 116 575 641 306 138 16 323 1132 1178 1350 755 450 406 625 814 656 1133 1126 1018 880 989 1013 1331 1298 1098 1121 1131 988 1269 334 175 1114 891 992 493 500 208 355 383 151 310 596 928 576 219 56 0 462 931 615 1021 746 8 172 22 254 795 246 1343 1350 1350 1350 1350 1284 1120 1336 1350 1350 1350 1350 1350 1350 1350 1350 1350 1350 1350 1350 1295
1098 324 235 342 114 727 1235 1256 1182 1338 1350 1350 1318 370 80 2 0 60 234 1050 1298 1289 1336 1062 253 0 0 16 36 204 1316 1311 1260 1263 1178 1348 1138 1164 941 1130 1213 1255 720 442 637 662 171 315 184 484 66 179 96 510 309 54 509 353 55 215 644 974 130 384 920 386 256 429 667 555 641 926 1168 1090 745 488 399 456 1066 1350 1350 1350 1350 1350 1350 1350 1350 1270 1348 1350 1338 1350
1260 1281 734 202 253 559 574 1096 1233 995 1281 698 441 169 149 103 98 285 166 1014 1048 1094 1128 1318 948 731 65 46 480 1169 1348 1350 1350 1350 1316 1268 1208 1239 1109 1211 988 570 613 83 70 55 0 6 746 645 140 0 0 0 0 72 224 596 375 71 163 1273 62 235 352 1070 1275 1195 963 158 728 702 1167 1283 1278 921 929 805 1340 1346 1308 1350 1350 1350 1350 1350 1350 1348 1350 1350 1350 1350
1260 1341 767 124 857 214 0 22 444 1050 1103 1350 1279 778 517 34 653 1198 496 69 409 1018 969 1331 902 942 566 1155 1331 1350 1350 1350 1350 1350 1338 1330 591 1240 752 528 1024 276 410 254 673 107 0 0 269 253 176 479 44 0 0 0 307 1294 575 0 5 723 148 134 298 271 588 311 593 129 531 143 612 783 464 505 666 678 826 1277 1346 1350 1350 1350 1350 1350 1350 1350 1350 1350 1350 1312
1260 1350 458 0 14 6 0 0 831 222 227 1271 472 187 353 475 1134 1348 1159 309 460 687 336 943 680 0 509 1289 1284 1350 1350 1071 1191 1326 1117 531 872 1336 1348 1090 615 296 58 280 290 1072 513 55 110 217 884 557 982 698 139 0 961 518 532 238 0 0 76 659 1220 314 119 8 52 15 0 2 26 244 74 47 395 0 16 609 1315 1350 1337 1329 1350 1350 1350 1350 1350 1334 1313 1350
1260 1338 788 112 2 100 110 131 681 1105 706 483 194 166 314 109 766 890 686 242 104 286 438 167 502 423 663 1153 945 1346 1348 1182 1330 1010 27 23 264 1279 1096 230 1 122 95 9 0 318 504 21 0 30 1088 837 781 40 2 298 271 566 164 558 540 200 162 451 676 416 182 254 267 0 19 350 159 122 186 1086 563 0 13 407 546 554 1000 1350 1350 1350 1350 1350 1350 1343 1322 1278
1260 1350 1350 878 556 437 1023 1019 1121 665 569 1091 1191 1214 1029 432 1216 864 1125 544 221 1137 1313 1289 439 232 1 273 1153 936 1021 942 1280 436 4 277 28 744 696 470 0 30 191 78 6 634 265 4 177 682 1312 687 248 623 49 507 518 461 295 307 372 51 33 3 13 102 337 711 147 2 309 797 24 6 4 43 173 36 271 2 0 14 988 1350 1350 1350 1350 1350 1350 1332 1135 1244
1260 1350 1334 1259 719 573 811 1062 1328 902 1197 1350 1350 1350 1261 785 1295 1046 1342 1271 391 469 633 804 108 112 151 8 33 398 767 769 1254 1283 842 1222 470 172 474 357 400 611 558 226 240 203 23 123 0 802 578 402 355 58 624 439 86 15 9 1 98 789 1034 158 61 468 210 324 77 4 757 459 97 242 587 752 147 7 0 6 1 135 652 1121 1287 1348 1350 1350 1350 1348 1234 1246
1260 1350 1298 884 81 619 1151 1117 1267 651 1279 1350 1350 1350 1337 911 1350 1269 1187 1097 310 336 12 46 319 611 395 150 0 420 415 316 415 956 915 1350 836 0 17 14 97 355 275 534 405 83 661 811 0 97 97 12 0 0 58 84 38 251 433 335 268 574 654 134 0 6 225 111 281 733 208 737 1128 891 822 1025 216 2 112 17 0 176 230 1094 335 749 1242 1044 1294 1317 863 958
1260 1350 1350 1350 614 709 1117 1128 1079 1149 1350 1300 1153 1237 712 1063 1350 1242 353 366 613 812 61 86 224 409 453 41 539 564 1192 1275 969 680 677 1227 940 227 405 16 51 306 1082 1033 872 59 178 844 505 4 0 0 0 0 0 22 280 317 464 4 273 0 76 225 0 80 561 423 481 225 583 1255 1205 1285 901 639 203 398 576 62 2 72 747 489 225 342 453 4 557 1209 1286 1284
1260 1350 1350 1270 1164 1244 1275 1340 1328 1350 1350 1070 775 941 317 956 1350 1350 533 38 484 132 0 12 5 166 271 535 390 612 1322 1239 1184 1315 1305 1347 1335 266 788 0 0 402 915 1184 535 560 1318 1344 1006 458 19 91 22 0 87 4 13 160 440 297 9 114 58 270 461 228 301 912 679 859 1012 494 984 859 167 11 541 258 455 574 39 0 765 1164 1086 1336 926 110 204 1318 1350 1350
1260 1350 1350 1294 1172 1350 1350 1350 1350 1350 1348 1164 1047 1025 366 887 1350 1350 1327 1273 1040 1306 477 564 749 572 412 826 371 917 1337 1348 1333 1350 1301 1329 1350 442 426 29 6 183 588 923 527 729 1322 1228 393 6 0 228 635 350 2 0 137 488 607 6 176 456 40 95 109 493 321 14 372 643 362 110 247 577 37 0 64 738 397 1057 175 209 878 451 447 353 782 920 386 1126 1350 1350
1260 1350 1350 1170 1301 1350 1350 1350 1350 1350 1338 1155 556 934 288 1252 1216 1106 1141 1350 1350 1126 392 928 660 928 500 1044 854 674 635 996 1333 1350 1350 1350 1348 964 197 909 1204 916 676 617 54 323 1209 666 184 0 0 0 49 41 0 0 0 0 0 0 143 723 22 785 760 397 255 366 537 130 0 11 84 14 60 127 2 112 700 1063 699 304 206 522 154 209 234 1125 1348 1348 1350 1338
1260 1350 1350 1350 1350 1350 1350 1350 1350 1350 1350 982 975 606 49 954 626 14 282 1282 1303 781 81 375 223 154 82 514 328 451 494 267 600 1348 1350 1173 300 543 392 1192 1230 1278 1119 1179 240 1160 808 96 0 239 0 0 0 0 0 0 0 0 0 0 0 0 0 726 1323 1006 460 1344 1350 1335 1173 529 16 11 87 0 28 10 101 530 432 2 146 602 1038 1042 963 1350 1350 1338 1311 727
1249 1339 1350 1350 1350 1350 1350 1350 1289 1101 1174 914 415 65 0 183 118 0 59 969 614 436 850 893 1042 1053 1228 695 196 964 1081 950 786 1257 1350 852 10 483 714 1050 448 106 314 477 979 1171 1071 425 458 792 48 0 0 0 0 0 0 0 0 0 0 0 0 130 495 126 666 1350 1350 1350 1348 1011 212 5 2 3 42 597 1209 835 617 267 802 1350 1350 1350 1350 1350 1350 1350 1318 803
1198 1063 1301 1316 1000 1339 1350 1177 1350 1350 1349 1289 1126 852 216 0 9 189 855 895 1099 582 761 974 1144 1350 1350 903 1178 1263 207 697 1223 920 773 718 455 248 113 1227 239 0 113 346 1297 982 360 935 270 0 0 0 0 0 0 0 0 0 0 0 0 0 0 0 0 0 840 1330 1350 1350 1350 607 780 443 22 425 1158 1234 1011 594 1119 1348 1350 1350 1350 1350 1350 1350 1350 1350 1346 1285
1256 865 1316 1350 1332 1333 1350 1350 1350 1350 1350 1208 41 134 15 2 2 135 313 876 1339 759 600 1345 888 1128 1320 1241 1025 976 576 299 1015 120 146 611 929 1223 713 935 44 0 243 375 984 1092 1138 195 0 0 0 0 0 0 0 0 0 0 0 0 0 0 0 0 0 0 440 1184 1350 1350 1350 705 1069 1337 1208 1308 1258 1350 1350 1344 1350 1350 1350 1350 1350 1350 1350 1350 1350 1338 1336 917
1204 1349 1350 1350 1350 1350 1350 1350 1350 1326 1282 1220 181 503 370 495 441 368 300 32 432 533 678 1279 812 852 806 79 76 214 525 196 0 1 226 578 160 521 32 0 4 0 393 1290 425 1199 1337 878 15 233 248 0 0 0 0 0 0 0 0 0 0 0 0 0 0 126 511 1233 1350 1350 1350 1348 1350 1350 1350 1120 1195 1350 1350 1350 1350 1350 1350 1350 1350 1350 1350 1350 1350 1291 1182 48
1242 1350 1350 1350 1350 1350 1350 1350 1350 1285 1288 1307 164 403 960 1234 816 165 653 350 391 506 509 531 164 81 391 546 552 298 787 521 130 0 211 24 342 204 264 268 54 133 659 1307 820 1350 1284 1350 1286 1350 1231 95 0 24 55 0 0 0 219 127 0 0 0 0 0 712 1062 1258 1350 1350 1350 1350 1350 1350 1350 1187 1296 1350 1350 1350 1350 1350 1350 1350 1350 1340 1348 1350 1350 1350 1200 1030
1037 1250 984 1015 724 1308 1339 1350 1350 1350 1284 852 417 681 1301 1177 1150 950 244 905 1197 1316 1307 1118 526 643 1012 841 92 722 969 876 722 494 916 1096 1260 49 270 284 99 198 441 984 933 1350 1350 1350 1350 1350 1292 212 356 850 1165 148 0 0 99 187 10 11 195 209 7 34 826 1350 1350 1350 1350 1350 1350 1350 1350 1350 1321 1350 1350 1350 1350 1350 1350 1350 1350 1350 1350 1350 1350 1350 1341 372
1208 1110 356 984 629 1071 1350 1350 1350 1227 1313 1334 1312 855 865 1218 1091 543 949 1083 1348 1350 1350 1338 1350 1350 1350 1302 219 287 507 882 1350 1350 1350 1164 1072 1159 578 4 52 809 1321 1205 1350 1319 1350 1350 1350 1350 1350 1070 958 1269 1045 755 53 0 0 43 219 905 1350 1350 1153 1159 1333 1350 1350 1350 1328 1350 1350 1350 1350 1350 1350 1350 1350 1220 1228 1350 1350 1350 1350 1350 1350 1350 1293 1250 660 0
1125 1105 981 912 1306 1350 1350 1350 1350 1350 1350 1350 1350 1239 1144 309 896 1350 1302 1350 1338 1258 1285 1204 1135 1283 1318 979 849 386 676 1179 1350 1350 1348 1350 1350 1350 926 482 889 1276 1304 1350 1303 1350 1350 1350 1350 1350 1350 1082 399 1350 957 61 99 172 681 866 1227 1350 1350 1350 1350 1350 1350 1350 1350 1350 1339 1227 1350 1350 1350 1350 1350 1350 1350 1350 1350 1350 1350 1350 1350 1350 1350 1350 1270 887 95 0
518 960 1350 1270 1261 1350 1350 1350 1338 1350 1350 1350 1350 1176 664 629 1237 1350 1350 1350 1350 1350 1350 1159 970 1162 1328 1350 1350 1350 1350 1350 1350 1350 1195 1326 1350 1350 1350 1324 1350 1350 1350 1350 1350 1350 1350 1350 1350 1350 1350 1347 386 413 229 182 529 1345 1350 1350 1350 1350 1350 1350 1350 1350 1350 1350 1278 1338 1276 1320 1350 1348 1350 1350 1350 1350 1350 1350 1350 1350 1350 1350 1350 1350 1350 1350 1310 1328 731 0
956 557 1350 1350 1350 1350 1350 1350 1350 1350 1350 1336 838 1231 1350 1350 1350 1350 1350 1350 1346 910 880 1211 1208 1139 1328 1326 1350 1350 1350 1350 1350 1350 1251 1350 1338 1350 1346 1298 1336 1350 1350 1350 1350 1350 1350 1350 1350 1350 1184 1245 328 0 0 87 964 1350 1350 1350 1350 1350 1350 1350 1350 1350 1350 1350 1350 1350 1338 1162 1200 740 1146 1342 1350 1350 1350 1350 1350 1350 1350 1350 1348 1350 1350 1319 1348 1133 1116 95
898 742 1350 1350 1350 1350 1350 1350 1350 1350 1243 902 1289 1350 1350 1350 1350 1350 1350 1350 1350 1230 832 1346 1346 1217 1350 1350 1350 1350 1350 1350 1350 1328 1350 1350 1350 1350 1332 1330 1317 1321 1348 1350 1350 1350 1350 1350 1350 1350 1330 1322 464 0 0 641 714 1100 1350 1350 1350 1350 1350 1350 1350 1350 1350 1350 1350 1350 1028 1052 1244 724 1098 1325 1350 1350 1350 1350 1350 1350 1350 1350 971 409 1274 975 1300 1350 1350 773
1260 1350 1350 1350 1350 1350 1350 1350 1350 1350 891 1196 1350 1350 1350 1350 1350 1350 1350 1350 1350 1350 1350 1328 1342 1292 1350 1346 1350 1350 1350 1350 1350 1350 1350 1350 1350 1350 1350 1350 1350 1350 1350 1350 1350 1350 1344 1350 1350 1350 1348 853 18 0 0 0 401 861 1350 1350 1350 1350 1350 1350 1350 1350 1350 1350 1350 1350 1132 1041 649 1148 1281 1295 1344 1266 1350 1350 1350 1350 1350 1239 1016 150 1155 1350 1350 1350 1350 1350
1260 1350 1350 1350 1350 1350 1348 1284 1336 1350 1350 1226 1131 1348 1350 1350 1350 1350 1350 1350 1350 1350 1350 1350 1350 1350 1325 695 651 1350 1350 1350 1350 1350 1350 1350 1350 1350 1350 1350 1350 1350 1350 1350 1328 1324 1123 1350 1350 1350 1350 1350 762 0 0 0 983 1350 1350 1350 1350 1350 1350 1350 1350 1350 1350 1350 1350 1350 1194 876 727 1044 800 668 1102 1339 1350 1350 1350 1350 1350 1350 990 2 471 1283 1350 1350 1350 1350
1260 1350 1350 1350 1350 1350 1303 1338 1350 1350 1337 1217 983 876 1350 1350 1350 1350 1350 1350 1350 1350 1350 1350 1350 1140 889 965 1074 1173 1303 1349 1350 1350 1350 1350 1350 1348 1177 1350 1283 1350 1329 1091 1324 911 1264 1350 1126 1350 1350 1350 1348 944 634 581 886 1350 1350 1350 1350 1350 1350 1350 1350 1350 1350 1295 1350 1350 1301 1310 1202 1042 1261 1165 735 1129 1015 1265 1223 1350 1350 1350 1350 1281 1298 1332 1350 1350 1350 1350
1260 1350 1350 1350 1350 1350 1350 1350 1350 1350 1272 539 1127 773 1167 1221 1350 1350 1350 1350 1350 1350 1350 1350 1350 914 440 435 1052 967 1015 1342 1350 1350 1350 1350 1350 1062 69 354 604 810 452 602 1140 69 383 1144 1211 1350 1350 1350 1350 1350 1350 1278 597 1350 1350 1350 1350 1350 1350 1350 1350 1350 1350 1350 1350 1350 1350 1130 1012 1145 1336 1305 1112 1275 1286 722 655 1013 1096 1277 1275 1175 1321 1350 1350 1350 1350 1290
1260 1350 1350 1350 1350 1350 1350 1350 1350 1350 1350 1258 1145 1254 492 1085 1350 1350 1350 1350 1350 1350 1350 1350 1350 1161 690 533 1124 455 931 1297 1348 1318 1350 1239 522 459 874 336 104 534 180 122 720 558 892 1125 1276 1292 760 1295 1350 1350 1350 1350 735 681 1256 1350 1350 1350 1350 1350 1350 1350 1350 1350 1350 1350 1338 1340 1338 1336 1350 1350 1326 1338 1265 1344 1350 1164 1120 1084 1321 747 1209 1277 1350 1350 1350 1339
1260 1350 1350 1350 1350 1350 1350 1350 1350 1350 1325 1292 1187 1278 991 559 1302 1350 1350 1350 1285 1306 1350 1162 1300 1317 549 469 1190 695 592 839 1121 1258 1272 895 5 862 1348 655 194 173 70 38 64 1128 1218 1334 983 484 541 1338 1350 1340 1350 1350 1350 1335 1049 862 1080 1350 1350 1350 1350 1350 1350 1350 1350 1350 1350 1348 1208 1316 1185 1077 1328 1350 1350 1350 1350 1350 1350 1136 559 143 538 1236 1350 1350 1350 1350
1260 1350 1350 1350 1350 1350 1350 1350 1350 1348 1311 1236 1227 1328 1190 1168 1202 1314 1350 1350 1350 1350 1350 1340 1349 1350 1307 1321 1334 1014 865 1039 1132 1340 1300 708 72 767 1350 1305 561 463 17 452 689 1348 1350 1162 226 185 852 1348 997 361 852 924 709 387 1037 1342 930 558 1157 1350 1350 1350 1350 1350 1350 1350 1350 1350 1350 1328 1235 1149 1270 1318 1350 1350 1350 1009 1313 1258 847 224 601 1258 1350 1350 1350 1350
1260 1350 1350 1350 1350 1350 1350 1350 1324 1320 1314 1197 737 1117 1117 1225 1209 1243 1350 1350 1350 1350 1350 1312 1348 1350 1348 1340 1312 1319 1189 1096 1144 1311 1338 1130 284 526 1340 1350 1112 967 449 412 1236 1350 1350 922 499 420 343 1328 831 0 20 1122 1127 989 585 204 256 139 295 1083 1350 1350 1350 1350 1350 1350 1350 1350 1350 1350 1350 1350 1350 1346 1350 819 1348 1348 1245 1350 1022 469 1302 1326 1350 1350 1350 1350
1260 1350 1350 1350 1350 1350 1350 1350 1217 779 1256 693 909 624 1085 1137 1123 1320 1350 1350 1328 1350 1350 1302 1338 1316 1350 1330 1184 1340 1338 1350 1350 1269 1231 1106 598 3 359 487 511 907 1350 1350 1275 1209 1285 1348 561 1217 1348 1348 394 213 340 1003 806 305 1060 337 340 1122 1229 292 1329 1350 1350 1350 1350 1350 1350 1350 1350 1350 1350 1338 1341 1336 1262 1317 1174 1316 1350 1350 1131 1105 1343 1290 1350 1350 1350 1350
1260 1350 1350 1350 1350 1350 1350 1350 1350 1207 1332 836 613 392 1023 1274 1316 1350 1350 1310 1080 1023 1278 1251 935 1043 1005 1209 1094 1329 1336 1350 1350 1350 923 762 617 139 19 599 866 1277 1350 1350 1350 1330 1320 1230 818 1225 1265 1220 1002 717 858 725 1159 1337 1350 1341 1325 1350 1143 888 628 1350 1350 1350 1350 1350 1338 1350 1350 1350 1350 1339 1130 1306 1350 1350 1350 1350 1350 1350 1350 1350 1350 1338 1350 1306 1350 1350
1260 1350 1350 1329 1346 1350 1350 1350 1338 1250 767 527 182 314 602 1138 1350 1350 1303 1240 1142 1035 993 627 981 856 918 1163 1197 1326 1350 1179 1260 1311 284 905 1152 1306 959 1284 1287 1350 1350 1350 1350 1350 1350 1216 1132 1293 1338 884 427 957 637 229 1113 1350 580 724 1023 998 561 804 601 912 1350 1350 1350 1350 1350 1346 1350 1350 1350 1350 1340 1350 1350 1350 1350 1350 1350 1350 1350 1350 1350 1323 1224 421 1203 1350
1032 1122 1096 978 216 613 1108 1350 1064 308 439 0 6 14 0 91 401 656 1153 1302 572 376 448 472 247 185 331 335 480 638 753 1109 1152 805 2 16 54 882 638 1255 1350 1350 1350 1350 1350 1350 1314 1294 1246 1346 1205 1028 856 449 99 374 1350 1350 1338 1350 1350 1257 1177 1043 977 838 830 1350 1350 1350 1329 1228 1350 1340 808 511 845 1323 1350 1350 1350 1350 1350 1350 1350 1350 1350 1319 1261 1195 1281 1350
1258 875 56 96 184 0 266 651 227 13 51 182 0 0 0 0 0 0 436 952 989 154 34 315 851 42 0 0 1 413 308 424 374 2 0 29 0 0 2 924 1317 1330 1235 1251 1350 1344 1270 511 1173 1304 674 597 975 616 513 1326 1350 1350 1350 1350 1350 1350 1350 1350 1236 1133 901 819 1350 1350 1350 1350 1314 612 1021 1236 1276 1316 1297 1249 1350 1307 1326 1195 1350 1350 1350 1350 1350 1350 1350 1350
