data/outputs/Sarzedas de Sao Pedro/2015/resolution_1/CONT_TOTAL_1_55.asc
ncols         27
nrows         27
xllcorner     -8.224023584583
yllcorner      39.953368546911
cellsize       0.000494626880
NODATA_value  -9999
4792 6732 13387 9055 8687 11741 4814 1776 456 7498 7694 379 2750 7453 5758 3424 5392 3684 11802 10975 13558 14263 18150 16886 12086 10668 5882
6095 7747 7097 6185 11975 8003 3860 7508 6757 6523 13107 1447 501 505 6190 5160 15509 16963 16582 15076 17576 17451 17973 16649 13692 14665 18138
3587 9943 12133 12734 18033 17487 17512 14017 14360 5193 9926 2817 10646 7784 12169 9685 11503 16826 17648 13848 15212 15063 15105 16279 16306 9932 14074
5625 5189 15909 16549 17040 18150 18150 16588 13153 7399 17686 14716 17365 13491 17969 12040 9045 17279 10341 10128 13644 12581 10206 9359 16713 5972 7616
11484 15335 17684 18104 18065 18075 16040 16464 14283 14751 14985 18142 17584 11482 12583 15367 15481 8250 6484 13294 16881 13640 10778 16186 17295 6892 4967
11194 18082 17913 17906 17995 17553 13259 11002 5245 7728 10063 15521 15275 17156 17017 15377 17286 11952 14077 13385 10661 11744 11735 18150 17094 16813 14904
8363 11595 15244 15895 14137 13443 15693 15432 5601 2688 10432 14263 13756 14226 15482 17409 13865 14559 16657 16121 11604 14023 16248 13934 5954 4082 2208
6404 11445 11953 10945 11609 13486 15780 14543 3847 2067 8841 11225 5920 12788 17660 17670 17189 16461 16489 17826 17473 11342 14035 11621 4091 5726 6299
11994 17538 17533 12957 12681 14468 14114 15409 12070 10209 8046 13005 12108 9713 17350 17571 14291 17402 15429 15344 15576 13928 7925 14661 17217 7534 10814
5654 9833 16319 17171 12159 7549 4633 16434 13231 16856 8303 12416 14384 6581 11716 14243 8156 10102 15030 15263 14437 16354 12979 13577 16317 4913 3426
1339 2 14150 16443 13648 2645 6089 3746 11642 17925 12335 7907 12889 4202 5602 5869 2402 6336 12693 11281 5958 17718 18138 18150 18104 15763 8842
13391 5314 13386 9517 8218 9117 13814 15372 10791 15479 15668 7003 7769 5253 2839 4923 3278 9782 2444 15562 17351 17906 17949 18150 18150 17898 16338
10916 5370 12233 10171 5206 10166 12168 7258 17063 16502 14568 7573 4072 3988 2842 5821 4606 5487 6846 8100 8904 12853 18120 18068 18055 17808 15462
15290 6388 11822 12329 11809 8389 6817 6704 13564 8162 6911 2625 3419 6262 4749 4228 4294 4353 3158 3752 5517 1635 10851 17719 17464 17813 17103
17658 14229 16870 14074 14996 9150 3758 5295 13644 15499 3671 7680 9670 3618 1414 2928 2547 2404 5839 9634 5598 4857 6589 8145 13989 14797 8684
17668 17797 17490 9388 6074 12301 9469 9832 10390 14881 9192 8627 10189 2589 90 0 888 5746 12515 7488 1296 8727 8514 14016 17407 5664 7572
16683 17750 17917 7927 6118 8236 10104 9042 7059 4009 5987 5618 13895 6701 787 132 279 839 15375 16785 16466 17956 18150 18138 16283 4429 4936
13472 15967 17914 14917 13229 16826 16043 14124 13481 16681 11163 13805 17802 17860 10855 4617 11051 14858 17756 17877 18148 17898 18150 18150 11628 91 13375
15753 18150 17577 16676 18150 17586 16533 17342 18150 18017 18023 18105 17937 17960 3845 10978 18150 18150 18150 14290 15486 18055 18037 13026 16547 12229 17975
17820 18088 17984 13864 17163 18053 17822 11197 15352 17146 11161 9662 12199 16297 16073 13947 18054 18150 18095 16840 15931 15935 16506 15208 18097 18132 13723
17820 18150 17192 14563 15970 18116 17796 16235 14912 13807 10635 7741 15953 9739 9960 12630 9352 15885 18150 17990 17314 17301 17213 11809 18150 18150 17150
15269 13390 12432 4011 10938 13274 9091 9903 14260 7612 9708 17668 17618 15667 9357 14516 16081 12969 16962 17783 15028 17938 18036 18079 16590 18057 16198
14192 12148 11373 4880 5162 13763 12861 7844 4177 3120 4524 15785 6429 5346 12354 17787 18022 10887 15338 15883 17000 17678 16429 18150 17877 18150 14130
16623 16968 13406 9652 13754 18092 18104 17886 10683 15618 17515 16679 12980 16250 17661 18061 17822 13113 17137 10179 9851 16065 18092 18129 18020 18119 13233
14772 15179 15809 14295 14632 18116 17819 16336 11168 15139 11231 7311 10060 11796 8860 9050 4649 11098 14504 3677 8219 18098 18101 16741 14951 18150 14378
17622 12817 15033 17014 15304 14071 14750 15467 17045 13389 4630 8645 8393 8750 9419 13021 7715 7537 6655 6330 6903 14795 9216 12793 13312 18138 17159
16305 17790 14608 14526 17330 17397 13509 16791 16763 15145 17644 14815 11876 3495 15172 8354 6553 9388 5098 8951 7712 11855 15818 16036 14893 17738 16743
