data/outputs/Sarzedas de Sao Pedro/2015/resolution_1/CONT_NORM_1_15.asc
ncols         100
nrows         100
xllcorner     -8.224023584583
yllcorner      39.953368546911
cellsize       0.000134898240
NODATA_value  -9999
[rows 0 to 52 of 100, columns 0 to 95 of 100]
0 0 0 0 0 44 93 93 93 85 61 63 47 24 1 0 2 44 93 93 93 81 93 74 91 75 52 20 4 10 14 0 2 16 33 75 47 70 93 38 43 4 12 50 76 25 61 75 86 57 59 72 91 93 76 61 59 31 93 93 52 19 32 0 12 39 67 1 0 16 50 73 86 62 86 73 69 91 93 93 93 93 93 93 93 84 88 76 44 43 74 87 12 75 73 67
1 0 15 0 0 0 73 93 100 86 54 54 40 20 0 4 54 96 99 100 96 72 61 12 18 7 16 15 6 3 0 0 2 16 46 77 98 93 67 11 4 1 3 4 30 25 25 9 27 9 78 100 94 64 19 12 2 10 36 93 92 20 2 2 0 1 34 46 50 48 75 37 55 27 94 96 100 88 46 97 100 100 100 100 100 97 90 87 63 33 72 46 2 25 99 36
20 27 20 0 0 23 42 98 95 67 60 32 28 39 25 32 80 98 84 97 78 0 3 0 0 0 0 0 0 0 0 0 2 4 23 72 97 90 13 0 0 0 0 1 4 7 2 0 10 49 81 52 16 33 10 22 47 27 37 45 47 6 1 45 1 2 69 90 91 55 58 76 87 77 77 91 100 74 0 70 100 100 100 100 100 100 98 50 99 97 32 6 37 27 97 26
65 37 0 32 37 8 16 38 88 83 89 60 79 79 61 35 18 26 57 81 61 30 32 45 37 52 37 16 12 3 0 0 3 0 6 49 100 87 6 1 1 2 9 2 1 1 11 39 72 38 70 8 0 11 38 48 26 5 0 0 0 0 9 18 8 40 54 83 95 88 62 50 71 80 45 53 86 72 79 91 100 100 100 100 100 100 100 86 100 97 32 70 99 100 70 9
89 76 1 94 100 86 62 52 32 34 50 66 66 47 80 45 55 49 30 5 32 62 65 58 17 7 2 1 0 0 23 25 7 7 6 38 96 91 43 0 0 0 0 0 0 0 31 62 2 9 2 0 20 21 45 21 0 0 0 2 31 64 98 93 58 38 28 87 71 45 43 61 46 51 43 66 95 94 100 100 100 100 100 100 100 98 98 100 98 97 25 73 50 46 65 67
38 32 39 98 100 64 27 11 10 53 53 43 28 8 34 39 36 53 35 11 6 12 1 30 1 0 0 1 9 36 36 36 31 54 3 16 80 100 93 17 2 1 1 0 1 0 0 10 0 0 0 34 33 9 0 0 1 0 9 46 89 100 100 100 100 100 65 95 85 82 62 73 43 68 95 100 100 100 99 100 100 100 100 100 100 100 100 100 98 67 68 66 11 27 100 100
0 0 54 71 89 10 12 3 10 71 86 85 83 35 41 58 83 99 100 99 91 36 22 2 0 0 1 19 55 77 6 17 20 55 11 26 38 100 100 93 39 39 21 6 10 0 0 0 0 1 0 12 0 1 4 20 35 38 46 87 90 100 99 84 100 100 99 100 99 94 95 97 91 99 98 100 100 100 97 89 95 94 100 100 100 100 100 100 99 42 87 68 99 100 100 100
26 1 46 11 55 10 6 29 23 64 61 8 27 10 42 53 51 82 98 56 30 19 24 78 14 51 66 88 100 66 14 69 30 7 37 43 88 100 90 34 9 2 3 3 0 2 2 1 2 3 0 50 53 83 52 52 49 37 58 99 100 100 95 67 100 100 100 100 100 100 100 100 100 100 100 100 100 100 96 86 92 97 100 100 100 84 33 85 73 68 54 98 100 100 100 100
7 36 33 40 16 0 8 75 72 13 0 26 19 11 78 96 99 98 92 74 43 81 60 87 81 49 98 98 54 66 94 91 55 1 34 46 95 100 61 5 0 0 0 0 36 59 8 2 38 6 4 69 100 94 76 84 81 75 65 62 95 97 63 71 100 100 100 100 100 100 100 77 75 84 100 99 88 90 89 90 94 93 97 100 100 100 88 100 50 100 100 99 100 100 97 55
0 24 39 83 59 63 19 16 65 50 26 78 99 56 81 100 100 100 100 100 97 91 100 100 100 92 66 87 100 78 97 92 84 39 17 67 68 79 70 9 0 0 0 1 79 89 11 36 23 34 59 67 93 71 47 70 89 60 71 72 19 57 56 85 100 100 100 99 100 100 93 79 50 70 91 99 95 95 79 91 88 82 91 95 99 100 100 89 25 100 96 94 100 85 16 28
1 14 10 5 75 69 94 65 79 88 71 38 98 73 100 100 100 100 100 100 99 100 100 100 100 100 97 47 45 96 100 84 70 57 1 0 0 26 95 43 3 3 0 32 100 86 25 20 54 13 76 58 61 27 38 40 59 30 66 69 30 76 99 100 100 100 99 89 97 93 97 75 54 51 72 100 92 62 93 85 87 97 59 82 98 100 100 91 100 100 100 100 88 5 13 82
22 7 22 8 52 82 95 100 96 98 93 70 70 88 99 100 100 100 100 100 100 100 100 100 100 100 100 95 66 26 40 88 95 78 2 0 6 61 100 83 55 30 20 82 100 62 63 60 35 44 82 65 88 78 57 1 17 28 49 50 50 83 100 100 100 100 91 96 95 100 98 84 36 71 59 89 86 42 91 79 98 89 60 54 49 64 63 90 100 100 87 91 34 3 17 80
8 34 17 6 5 52 94 96 98 99 77 85 83 97 52 49 99 100 100 100 100 100 100 100 100 99 98 69 58 100 74 29 64 97 29 1 15 97 100 99 93 11 50 99 100 98 100 70 19 28 93 89 100 99 98 66 29 0 3 16 77 82 100 100 100 100 80 78 91 94 86 82 35 44 53 71 35 57 76 75 24 12 22 12 17 62 41 100 100 91 73 65 6 9 66 97
49 72 42 22 7 7 67 100 100 100 100 92 73 94 79 100 100 100 100 100 100 100 100 100 100 100 100 67 99 99 100 98 24 4 0 4 74 100 100 97 97 64 58 96 89 100 100 65 46 77 90 97 100 100 100 100 96 33 1 8 62 79 100 100 100 100 94 16 24 23 21 34 29 46 57 97 97 94 90 87 82 55 63 66 40 9 84 100 100 80 95 84 18 33 96 70
22 45 10 27 12 0 0 38 95 100 100 100 99 100 100 100 100 100 100 100 100 100 100 100 100 100 97 99 99 100 100 79 25 68 6 48 100 100 100 95 94 99 94 99 99 100 100 87 73 81 94 100 100 100 99 100 100 86 48 33 1 38 100 100 91 86 99 58 6 33 56 39 86 65 84 90 98 68 43 66 98 98 83 58 37 26 55 21 97 89 100 90 6 7 19 0
51 49 11 17 3 11 59 44 34 84 100 100 100 100 96 97 100 100 100 100 100 100 100 100 100 100 99 100 100 100 92 60 49 100 77 32 99 100 100 100 100 98 93 98 100 98 100 100 99 98 83 83 100 100 100 100 100 100 100 86 73 28 90 97 72 43 32 16 71 95 94 75 47 85 82 87 90 98 81 5 29 53 81 80 17 61 58 43 100 93 100 97 3 10 38 1
66 69 39 42 66 50 97 100 100 100 100 100 100 100 100 100 100 94 100 100 100 100 99 100 100 100 100 100 100 100 99 39 41 100 100 63 52 100 100 100 100 100 100 100 91 100 99 100 95 43 5 35 53 96 100 100 100 98 100 100 100 52 18 40 39 1 21 44 47 92 100 94 79 70 61 99 98 96 61 10 21 12 43 25 73 96 71 91 100 100 100 93 45 0 0 1
24 100 100 85 89 96 100 100 100 97 99 100 100 100 100 100 100 100 100 100 100 97 89 94 100 100 100 100 100 100 94 66 88 98 100 100 40 83 95 100 100 100 100 100 100 100 100 99 63 59 46 8 10 75 89 67 91 86 100 100 100 73 18 25 22 25 1 7 38 76 58 82 96 95 100 100 100 98 53 80 75 65 31 34 100 100 100 100 100 100 100 100 73 1 0 4
4 82 100 98 98 100 100 100 98 100 100 99 100 100 100 100 100 100 100 100 100 98 92 65 66 65 88 57 64 71 73 75 98 61 74 79 77 8 79 100 100 100 100 100 100 92 92 98 98 77 31 48 77 91 77 79 80 45 91 100 100 99 44 41 92 100 64 18 0 10 49 63 87 94 100 99 100 100 96 98 99 97 96 79 100 100 100 100 88 92 98 93 100 59 1 0
15 39 100 98 98 99 100 100 100 99 94 94 100 100 100 100 100 100 100 100 98 100 100 100 51 33 95 95 70 92 92 80 91 50 94 98 87 49 26 96 100 100 100 100 100 98 72 92 96 98 86 89 100 95 63 95 97 51 77 96 100 99 58 82 88 99 100 97 63 44 5 14 66 75 99 100 100 100 99 71 82 94 89 100 100 100 100 100 100 93 76 50 89 100 95 96
49 11 98 100 100 100 100 100 100 100 97 97 100 100 100 100 100 100 100 100 99 99 99 90 60 58 66 83 38 86 75 12 25 2 26 91 100 48 62 25 87 100 100 100 99 84 65 72 100 100 100 95 93 98 75 87 90 57 49 98 100 98 29 68 76 89 95 84 100 98 34 77 98 100 81 71 98 100 90 8 21 72 44 81 100 100 100 100 100 82 100 100 100 100 100 100
85 2 81 99 99 100 100 100 99 100 100 99 100 100 100 100 94 100 100 100 94 100 84 60 89 98 100 64 1 2 5 0 0 0 18 83 68 16 74 87 27 71 100 100 100 47 50 96 85 100 100 99 95 100 100 97 95 83 90 100 100 100 55 48 7 0 15 44 96 67 32 97 100 95 13 0 23 91 41 12 20 29 22 81 100 100 100 100 100 98 100 99 100 100 100 100
89 21 47 100 99 100 100 100 99 93 97 92 100 100 100 100 95 100 100 81 94 91 41 66 56 100 99 42 0 0 0 0 0 0 1 22 17 54 50 60 85 33 63 100 100 98 96 96 74 99 83 93 84 99 100 98 99 79 95 100 100 100 100 99 90 72 15 86 91 99 100 100 96 97 66 8 7 80 93 88 53 48 39 100 100 100 100 100 100 92 99 77 58 70 100 91
92 60 13 98 100 94 97 96 92 100 95 90 100 100 100 100 89 98 100 85 97 71 89 77 81 100 100 94 48 17 8 0 0 0 9 47 9 38 20 37 95 99 40 57 98 98 100 99 97 76 71 77 77 95 100 100 100 100 100 100 100 100 88 60 68 80 74 97 96 84 100 98 65 36 88 60 86 100 100 100 97 44 88 100 100 100 100 100 84 33 28 1 0 0 23 23
93 69 0 41 71 55 73 87 74 91 36 53 94 81 74 80 99 97 100 67 41 47 93 89 91 96 96 75 74 74 72 11 0 0 16 49 3 26 64 100 100 97 85 17 69 95 75 52 98 100 61 56 95 100 100 100 97 100 100 98 100 100 62 54 46 61 81 90 100 92 85 93 100 62 73 83 34 64 99 99 51 91 100 100 100 100 97 100 91 34 0 0 0 0 29 42
91 56 0 0 11 29 91 98 88 90 61 97 97 90 69 20 47 67 96 100 95 45 78 89 96 94 92 98 93 46 69 74 9 0 1 21 15 21 74 99 98 98 93 56 29 61 67 93 47 83 94 88 42 82 78 78 82 97 75 35 34 46 90 100 100 99 99 91 90 95 76 80 91 100 51 43 31 3 71 51 87 99 100 98 50 48 62 82 90 28 0 0 0 17 81 24
87 16 0 0 0 20 88 98 89 67 79 91 86 67 74 35 80 83 80 70 53 51 51 83 100 98 100 95 90 67 46 54 18 15 6 25 34 81 81 74 88 75 94 99 84 21 70 98 93 59 40 100 96 96 97 98 100 100 100 100 61 42 100 100 100 100 100 97 98 100 100 100 100 100 68 73 77 72 74 77 100 100 100 89 7 0 51 93 83 5 0 0 3 49 67 48
76 23 0 11 39 39 74 80 71 59 92 93 59 67 64 24 44 74 89 95 89 30 91 100 100 100 97 97 86 62 42 60 21 1 0 38 89 75 84 66 92 84 96 75 82 59 3 65 75 100 94 81 100 99 100 100 96 100 100 100 95 53 100 100 100 100 100 100 100 100 100 100 100 100 96 78 100 96 44 49 59 81 95 78 40 0 8 22 31 1 0 29 40 73 78 49
47 1 13 45 38 57 80 77 66 22 78 90 69 66 37 78 86 74 90 97 54 33 52 96 93 100 97 92 62 48 22 1 0 0 0 4 39 72 33 34 51 53 43 83 74 19 0 30 36 84 100 100 100 100 94 100 100 100 64 100 100 100 100 93 83 100 98 98 95 96 98 97 100 100 100 100 100 87 52 20 78 96 88 79 82 65 80 71 36 0 0 2 34 32 40 43
39 0 82 96 90 44 82 82 60 66 64 84 66 6 35 63 74 79 82 98 97 34 41 82 99 100 91 80 34 5 0 0 0 0 0 0 0 26 16 20 43 68 32 7 11 37 15 0 56 70 70 98 96 100 98 100 100 100 97 100 100 100 100 80 46 86 35 66 95 89 97 94 97 100 100 99 100 100 75 16 63 54 66 69 98 93 98 90 92 20 0 2 3 0 0 2
0 18 88 100 100 96 97 89 70 77 76 72 83 16 13 43 87 80 91 100 100 74 93 89 82 91 75 71 17 0 0 2 51 68 5 0 0 10 28 32 42 26 73 31 0 31 5 0 0 10 50 100 98 98 82 77 98 100 100 100 100 100 100 98 93 96 100 82 88 97 100 100 100 100 95 85 100 100 99 23 57 52 57 79 100 99 100 98 100 85 43 83 42 0 0 0
10 5 72 98 100 100 97 95 99 88 99 100 89 55 36 68 86 94 100 91 76 79 88 94 93 81 86 98 79 71 54 45 52 72 52 21 13 5 40 44 37 26 65 93 65 55 28 14 12 93 100 100 100 100 100 100 100 100 100 100 97 100 100 100 100 100 99 78 68 92 100 98 99 100 100 100 97 99 99 31 39 39 55 90 100 100 100 100 97 96 81 100 97 4 0 0
90 94 46 68 99 100 100 100 100 100 100 100 96 57 57 75 85 56 100 82 80 72 46 82 67 78 98 100 91 91 90 97 99 89 64 43 67 39 81 82 58 64 87 100 100 100 100 79 7 97 100 100 100 100 100 100 100 100 90 45 29 97 100 100 93 92 79 92 81 74 87 79 100 100 100 100 99 85 76 66 88 22 12 39 67 89 100 100 100 98 95 100 96 18 9 27
92 100 100 78 84 100 100 100 100 100 100 97 85 27 75 54 37 65 81 46 60 68 74 53 75 81 100 100 96 85 68 72 99 100 77 74 35 20 86 75 86 97 100 92 99 88 100 80 35 35 64 48 100 89 100 100 100 100 67 22 75 73 97 96 90 77 77 100 99 58 22 46 100 77 70 53 22 62 84 100 91 41 13 1 0 12 48 72 99 100 100 100 95 31 19 51
57 84 100 100 100 97 99 100 100 100 100 100 87 84 77 73 71 57 44 60 51 39 55 44 45 95 99 78 91 70 62 46 84 98 100 53 66 57 64 28 39 69 94 88 89 41 99 99 49 1 7 23 81 93 99 100 100 99 88 49 71 19 96 80 59 87 80 100 94 71 21 75 100 44 41 18 19 75 100 96 99 85 33 20 38 15 7 11 66 93 98 66 82 20 0 1
24 2 23 55 81 99 91 95 100 100 100 100 100 100 63 35 67 67 48 33 11 10 0 2 28 90 86 94 95 55 63 52 71 100 100 100 94 61 33 74 72 84 87 58 68 73 86 78 87 59 0 0 2 22 63 93 100 97 84 65 29 41 72 82 73 91 100 92 95 42 53 98 94 100 100 100 100 100 95 96 95 100 80 67 58 99 100 98 95 94 90 35 1 0 0 1
18 0 2 0 0 7 33 18 83 100 100 100 100 100 81 97 79 63 91 47 14 48 0 16 3 52 98 98 99 94 60 71 90 100 100 100 53 24 19 50 47 53 77 72 90 83 86 45 38 70 9 64 83 69 64 76 66 44 8 8 61 78 15 9 36 95 100 93 77 51 100 100 100 100 100 100 100 100 96 64 95 95 100 33 75 99 100 100 100 99 98 88 79 13 0 0
16 0 0 0 0 0 0 50 53 63 100 100 100 100 100 92 79 42 34 57 79 18 1 3 0 14 44 87 97 96 100 100 100 100 100 99 93 47 39 44 34 30 42 66 79 95 73 73 76 39 1 22 100 100 90 49 70 64 37 22 2 26 16 0 7 17 37 97 85 93 97 98 100 91 70 64 67 77 91 70 100 95 91 85 96 100 100 100 100 97 91 100 93 57 4 0
25 2 0 0 0 0 0 17 84 56 53 100 100 100 100 100 98 67 19 29 57 2 18 21 7 6 1 17 48 85 82 90 97 100 100 100 100 70 15 48 33 29 26 63 91 97 75 81 63 35 10 0 47 78 31 46 68 21 44 0 26 12 0 2 85 25 48 65 69 64 54 68 85 6 0 11 72 84 100 100 100 100 99 100 100 100 100 100 100 100 100 100 96 91 46 23
25 0 0 0 0 0 0 19 100 100 90 54 96 100 100 100 100 98 44 0 6 0 17 89 75 4 1 0 0 13 53 75 86 100 100 100 100 76 97 95 35 46 63 51 17 22 99 98 44 6 1 6 10 13 53 53 10 19 21 13 12 3 0 3 29 73 82 86 74 95 69 60 67 2 0 52 91 100 100 100 100 100 100 100 100 100 100 100 100 100 100 100 100 96 80 80
9 0 0 0 0 0 0 38 100 100 100 96 52 96 100 98 72 37 10 10 11 0 0 35 76 57 2 3 16 22 28 43 53 97 100 100 100 100 96 36 1 19 62 73 71 85 87 18 5 2 2 9 1 16 57 46 24 3 8 49 21 0 0 15 64 94 68 44 66 93 36 33 60 46 11 15 70 100 100 100 100 100 100 100 100 100 100 100 100 100 100 100 100 100 100 100
90 64 12 0 0 0 0 20 60 94 98 100 97 30 23 2 30 22 10 10 0 12 12 56 97 95 75 78 83 67 44 16 45 47 97 100 100 100 100 46 2 25 56 90 97 86 17 0 0 15 62 30 1 0 0 0 61 34 0 2 46 0 0 39 70 58 13 2 20 43 72 84 99 84 68 86 91 100 100 100 100 100 100 100 100 100 100 100 100 100 100 100 100 100 100 100
93 95 98 37 4 3 56 41 28 20 68 71 31 3 16 51 67 82 72 77 60 81 99 97 84 100 100 100 100 100 88 47 29 58 100 100 100 100 100 99 62 6 23 73 73 18 2 0 0 13 71 90 22 0 0 0 30 22 23 34 4 17 46 72 63 3 5 0 4 64 98 100 100 100 83 93 100 100 100 100 100 100 85 100 100 100 100 100 100 100 100 100 100 100 100 100
86 93 90 39 39 31 48 90 95 98 100 98 92 48 51 74 43 53 61 33 17 92 95 62 78 93 86 100 98 92 51 48 47 65 82 95 99 99 100 67 53 33 20 6 40 25 35 24 42 9 24 23 4 0 11 61 10 6 23 17 6 4 54 96 100 42 0 0 2 79 45 100 100 100 93 94 100 100 100 100 100 100 100 100 100 100 100 100 100 100 100 100 99 100 100 100
68 72 73 30 41 37 40 84 89 100 89 100 59 9 43 47 23 10 1 24 84 87 100 56 33 30 46 60 49 84 83 75 65 73 75 99 96 81 83 84 73 94 25 13 82 66 73 36 37 15 26 28 11 23 44 69 43 16 4 0 34 69 46 76 55 1 13 2 19 59 18 99 100 100 100 100 95 83 99 100 100 100 100 100 100 100 100 100 100 100 100 96 100 100 96 89
81 24 17 25 8 54 91 93 88 99 100 100 98 27 6 0 0 4 17 78 96 95 99 79 19 0 0 1 3 15 97 97 93 94 87 100 84 86 70 84 90 93 53 33 47 49 13 23 14 36 5 13 7 38 23 4 38 26 4 16 48 72 10 28 68 29 19 32 49 41 47 69 87 81 55 36 30 34 79 100 100 100 100 100 100 100 100 94 100 100 99 100 100 100 94 89
93 95 54 15 19 41 42 81 91 74 95 52 33 12 11 8 7 21 12 75 78 81 84 98 70 54 5 3 36 87 100 100 100 100 97 94 89 92 82 90 73 42 45 6 5 4 0 0 55 48 10 0 0 0 0 5 17 44 28 5 12 94 5 17 26 79 94 88 71 12 54 52 86 95 95 68 69 60 99 100 97 100 100 100 100 100 100 100 100 100 100 100 100 97 100 100
93 99 57 9 63 16 0 2 33 78 82 100 95 58 38 3 48 89 37 5 30 75 72 99 67 70 42 86 99 100 100 100 100 100 99 99 44 92 56 39 76 20 30 19 50 8 0 0 20 19 13 35 3 0 0 0 23 96 43 0 0 54 11 10 22 20 44 23 44 10 39 11 45 58 34 37 49 50 61 95 100 100 100 100 100 100 100 100 100 100 100 97 100 100 100 86
93 100 34 0 1 0 0 0 62 16 17 94 35 14 26 35 84 100 86 23 34 51 25 70 50 0 38 95 95 100 100 79 88 98 83 39 65 99 100 81 46 22 4 21 21 79 38 4 8 16 65 41 73 52 10 0 71 38 39 18 0 0 6 49 90 23 9 1 4 1 0 0 2 18 5 3 29 0 1 45 97 100 99 98 100 100 100 100 100 99 97 100 100 97 100 100
93 99 58 8 0 7 8 10 50 82 52 36 14 12 23 8 57 66 51 18 8 21 32 12 37 31 49 85 70 100 100 88 98 75 2 2 20 95 81 17 0 9 7 1 0 24 37 2 0 2 81 62 58 3 0 22 20 42 12 41 40 15 12 33 50 31 13 19 20 0 1 26 12 9 14 80 42 0 1 30 40 41 74 100 100 100 100 100 100 99 98 95 99 96 100 100
93 100 100 65 41 32 76 75 83 49 42 81 88 90 76 32 90 64 83 40 16 84 97 95 33 17 0 20 85 69 76 70 95 32 0 21 2 55 52 35 0 2 14 6 0 47 20 0 13 51 97 51 18 46 4 38 38 34 22 23 28 4 2 0 1 8 25 53 11 0 23 59 2 0 0 3 13 3 20 0 0 1 73 100 100 100 100 100 100 99 84 92 94 100 100 100
93 100 99 93 53 42 60 79 98 67 89 100 100 100 93 58 96 77 99 94 29 35 47 60 8 8 11 1 2 29 57 57 93 95 62 90 35 13 35 26 30 45 41 17 18 15 2 9 0 59 43 30 26 4 46 33 6 1 1 0 7 58 77 12 5 35 16 24 6 0 56 34 7 18 43 56 11 1 0 0 0 10 48 83 95 100 100 100 100 100 91 92 100 99 98 100
93 100 96 65 6 46 85 83 94 48 95 100 100 100 99 67 100 94 88 81 23 25 1 3 24 45 29 11 0 31 31 23 31 71 68 100 62 0 1 1 7 26 20 40 30 6 49 60 0 7 7 1 0 0 4 6 3 19 32 25 20 43 48 10 0 0 17 8 21 54 15 55 84 66 61 76 16 0 8 1 0 13 17 81 25 55 92 77 96 98 64 71 72 72 93 89
