data/outputs/Sarzedas de Sao Pedro/2015/resolution_1/CONT_SPEC_1_20.asc
ncols         75
nrows         75
xllcorner     -8.224023584583
yllcorner      39.953368546911
cellsize       0.000179864320
NODATA_value  -9999
[rows 0 to 28 of 75, columns 0 to 65 of 75]
0.0000 0.002500 0.0000 0.392500 3.748750 5.7000 5.608750 4.71000 4.203750 2.546250 0.297500 0.007500 0.996250 4.86000 5.7000 5.481250 5.51500 4.286250 4.743750 3.188750 1.916250 0.461250 0.681250 0.128750 0.193750 2.002500 4.037500 3.46000 5.517500 2.90500 1.573750 0.49500 1.95500 3.727500 2.068750 3.646250 3.68000 3.172500 4.407500 5.637500 4.64000 3.00500 2.042500 3.756250 5.691250 2.89500 1.612500 0.131250 0.812500 2.633750 0.92500 0.172500 1.953750 3.8000 3.961250 4.393750 4.781250 4.8000 5.7000 5.7000 5.7000 5.7000 5.7000 5.7000 4.827500 5.007500
0.247500 0.992500 0.288750 0.20500 1.36000 5.643750 5.722500 3.39500 2.582500 2.09000 1.213750 0.941250 4.996250 5.96000 5.956250 4.342500 1.978750 0.08500 0.00500 0.046250 0.032500 0.01000 0.002500 0.002500 0.111250 1.062500 4.148750 5.767500 4.24500 0.213750 0.05500 0.04000 0.03000 0.24500 1.192500 0.26500 1.191250 2.76000 5.082500 3.542500 1.662500 0.90500 1.456250 1.07000 4.377500 4.11000 0.381250 0.666250 0.003750 1.467500 4.202500 4.32000 4.288750 3.313750 4.427500 3.941250 5.781250 6.0000 2.296250 3.991250 6.0000 6.0000 6.0000 6.0000 5.95500 4.193750
3.24000 1.461250 1.091250 1.33000 1.483750 2.35500 5.322500 4.33500 3.706250 4.223750 3.957500 2.077500 1.9000 2.71000 4.788750 3.167500 1.331250 1.876250 1.923750 1.996250 0.86000 0.427500 0.06500 0.01500 0.126250 0.12500 2.567500 5.99500 2.628750 0.022500 0.107500 0.181250 0.208750 0.4000 0.06000 1.65000 3.54000 3.862500 1.587500 0.05000 1.297500 2.516250 1.56500 0.308750 0.098750 0.0000 0.131250 1.722500 0.446250 3.063750 4.90500 5.73000 4.736250 2.86500 4.497500 4.013750 3.31500 5.198750 3.887500 4.667500 6.0000 6.0000 6.0000 5.99500 5.99500 5.277500
5.15500 1.758750 4.587500 5.99500 3.772500 2.401250 1.86500 2.928750 2.862500 3.083750 3.38000 3.747500 3.428750 3.42500 0.76500 2.492500 2.398750 3.63000 0.78500 0.103750 0.06000 0.0000 0.921250 2.33000 1.096250 0.68500 1.717500 5.76000 4.732500 0.713750 0.027500 0.007500 0.0000 0.02000 0.552500 2.757500 0.08000 0.358750 0.021250 1.352500 1.706250 1.168750 0.0000 0.0000 0.38000 3.102500 5.231250 5.751250 3.932500 2.722500 4.19500 3.95000 3.04500 3.686250 2.333750 3.37000 4.27000 5.60500 5.99500 6.0000 6.0000 6.0000 6.0000 5.977500 5.89500 5.99500
0.967500 0.86000 5.642500 5.116250 1.346250 0.522500 0.178750 4.33500 4.766250 3.083750 1.11000 2.441250 3.247500 3.79000 3.218750 2.546250 0.316250 0.41000 0.0000 0.0000 0.271250 2.201250 2.138750 1.046250 1.932500 1.976250 0.673750 3.732500 6.0000 3.731250 0.812500 0.971250 0.197500 0.361250 0.0000 0.132500 0.0000 0.01500 1.531250 0.777500 0.0000 0.06000 0.99500 1.982500 3.48000 5.392500 6.0000 6.0000 6.0000 5.678750 5.72000 5.58000 4.94000 4.921250 4.146250 5.817500 6.0000 6.0000 5.872500 5.611250 5.908750 5.892500 6.0000 6.0000 6.0000 6.0000
0.888750 1.522500 1.47000 3.107500 0.438750 1.422500 1.967500 5.031250 1.271250 1.952500 1.262500 3.462500 3.65000 5.83000 4.43500 2.631250 1.027500 3.701250 0.81000 2.927500 4.137500 5.742500 1.888750 2.947500 1.14000 2.151250 1.82000 5.13000 5.836250 3.6000 1.406250 0.572500 0.27500 0.02000 0.101250 0.026250 0.072500 0.12000 1.702500 2.672500 3.368750 2.831250 2.361250 2.31500 5.663750 5.94500 6.0000 4.158750 6.0000 6.0000 6.0000 6.0000 6.0000 5.99500 5.94500 6.0000 6.0000 6.0000 5.97000 5.44000 5.526250 5.96000 6.0000 6.0000 3.852500 4.858750
0.248750 3.081250 2.583750 1.242500 0.04000 3.151250 4.298750 0.497500 1.662500 2.002500 2.792500 5.676250 5.94500 5.713750 5.04500 3.723750 4.703750 5.173750 4.672500 4.146250 5.933750 3.77500 4.807500 5.54500 2.77000 0.588750 3.201250 5.837500 5.422500 0.49500 0.006250 0.0000 0.02500 3.386250 2.057500 0.363750 1.833750 0.56000 3.361250 5.95500 4.67500 4.893750 4.598750 4.332500 3.956250 4.626250 4.556250 3.832500 6.0000 6.0000 6.0000 6.0000 6.0000 5.008750 4.086250 5.628750 5.897500 5.52000 5.077500 5.401250 5.43000 5.64500 6.0000 5.97500 5.64000 5.922500
0.13000 0.853750 2.338750 4.331250 4.773750 1.812500 3.373750 4.02500 2.883750 5.613750 4.7000 5.86500 6.0000 6.0000 6.0000 5.726250 5.863750 6.0000 6.0000 5.55000 3.473750 5.21000 5.772500 5.20500 4.528750 1.643750 1.642500 1.512500 4.668750 1.956250 0.106250 0.0000 0.432500 5.342500 3.492500 1.33500 2.216250 2.573750 3.792500 4.642500 2.421250 2.98000 3.94500 3.296250 3.972500 1.70500 5.148750 5.353750 6.0000 6.0000 5.62500 5.907500 5.647500 4.852500 3.248750 3.566250 5.92500 5.578750 4.94000 5.38500 5.35000 5.147500 4.696250 5.917500 6.0000 5.612500
0.876250 1.303750 0.431250 3.62000 5.06500 6.0000 5.86500 5.667500 4.19000 4.756250 5.43500 6.0000 6.0000 6.0000 6.0000 6.0000 6.0000 6.0000 6.0000 6.0000 5.781250 2.911250 2.762500 5.042500 5.448750 1.933750 0.006250 0.696250 4.873750 4.918750 2.58500 0.603750 3.817500 6.0000 2.738750 3.501250 2.441250 3.516250 4.262500 4.51000 3.798750 0.752500 1.647500 2.638750 3.453750 2.74000 5.887500 6.0000 6.0000 5.97500 5.53500 5.807500 5.82000 5.18500 3.28500 3.453750 5.373750 4.243750 4.553750 4.808750 5.75000 4.223750 3.926250 3.53000 5.11000 4.531250
1.382500 2.14500 0.25000 0.646250 4.486250 5.702500 5.94000 5.587500 4.91000 5.34000 4.393750 3.361250 5.97500 6.0000 6.0000 6.0000 6.0000 6.0000 6.0000 5.92000 4.482500 4.58000 5.621250 3.066250 3.29000 3.222500 0.017500 2.453750 5.996250 5.97000 4.636250 0.828750 5.497500 5.94000 5.94500 4.486250 0.91000 4.381250 5.302500 5.99500 5.97500 4.792500 2.013750 0.03500 0.897500 4.45000 5.88000 6.0000 6.0000 5.873750 3.618750 5.017500 4.75000 4.582500 1.657500 2.341250 4.393750 3.113750 4.292500 4.433750 2.03000 2.02500 1.52000 1.0000 2.872500 5.861250
3.067500 2.287500 1.757500 0.388750 0.546250 4.176250 6.0000 6.0000 5.90500 5.097500 5.98500 6.0000 6.0000 6.0000 6.0000 6.0000 6.0000 6.0000 6.0000 6.0000 5.361250 5.94500 6.0000 5.617500 2.051250 0.54500 1.052500 5.73500 6.0000 5.86500 5.86500 5.278750 5.782500 5.667500 6.0000 4.883750 3.801250 5.023750 5.99500 6.0000 5.97000 6.0000 5.601250 2.543750 0.788750 1.7000 4.91000 6.0000 5.99500 6.0000 3.087500 0.122500 1.20500 1.846250 3.528750 4.276250 5.74000 5.9000 4.298750 5.43000 5.353750 4.05500 3.762500 2.113750 2.13500 3.87000
2.548750 1.92500 0.943750 0.281250 1.598750 2.257500 3.182500 5.872500 6.0000 6.0000 5.87500 5.862500 6.0000 6.0000 6.0000 6.0000 6.0000 6.0000 6.0000 5.99000 5.82500 5.99000 5.98500 4.052500 3.41500 5.232500 2.396250 5.963750 6.0000 5.85000 5.79500 5.67500 5.922500 6.0000 5.942500 6.0000 5.94000 5.57500 5.251250 6.0000 6.0000 6.0000 6.0000 5.681250 4.85000 2.727500 4.157500 5.602500 3.896250 2.907500 1.962500 3.791250 5.568750 4.336250 3.832500 5.09000 4.81000 5.52000 4.941250 1.23000 3.16000 4.318750 4.653750 1.53000 4.01500 2.65500
4.056250 3.572500 3.048750 4.032500 4.67000 6.0000 5.976250 5.976250 6.0000 6.0000 6.0000 6.0000 6.0000 5.812500 6.0000 6.0000 5.837500 5.75000 6.0000 6.0000 6.0000 6.0000 6.0000 2.958750 3.608750 6.0000 4.736250 3.432500 5.99500 6.0000 6.0000 6.0000 6.0000 5.70500 5.97000 6.0000 4.49500 1.113750 1.302500 2.848750 5.94000 5.88000 5.878750 5.94500 6.0000 5.657500 1.776250 1.813750 1.301250 0.423750 2.047500 3.16000 5.687500 5.777500 4.75500 4.227500 5.782500 5.87500 4.80500 1.548750 1.362500 1.473750 1.612500 5.073750 5.302500 5.278750
1.602500 6.0000 5.832500 5.847500 5.99000 6.0000 5.921250 5.946250 5.99500 6.0000 6.0000 6.0000 6.0000 6.0000 6.0000 6.0000 5.66000 4.516250 4.788750 5.57500 4.67000 5.547500 5.998750 4.88000 5.668750 4.671250 5.38000 3.396250 3.882500 6.0000 6.0000 6.0000 6.0000 5.85500 5.74000 5.887500 5.057500 3.812500 1.976250 3.0000 5.137500 4.36500 4.418750 4.776250 6.0000 5.97000 3.11000 2.177500 3.84500 2.96500 0.276250 1.561250 2.79000 3.91500 5.507500 5.86500 5.97000 6.0000 5.472500 5.213750 5.57000 5.142500 3.318750 6.0000 6.0000 6.0000
0.678750 5.06500 5.912500 5.892500 5.97000 6.0000 6.0000 5.932500 5.586250 6.0000 6.0000 6.0000 6.0000 6.0000 6.0000 5.94500 6.0000 5.99500 2.85000 4.28500 5.38500 3.757500 4.341250 4.907500 5.36500 4.137500 5.518750 4.461250 1.688750 5.351250 6.0000 6.0000 6.0000 5.99500 5.276250 5.34000 5.608750 4.842500 4.717500 5.922500 4.14000 5.566250 5.24000 3.543750 5.841250 5.99500 4.586250 4.27000 5.55000 5.86500 5.341250 2.76000 0.96500 1.536250 4.592500 5.276250 6.0000 6.0000 6.0000 4.98500 5.313750 5.51500 5.853750 6.0000 6.0000 6.0000
2.47500 3.213750 5.99000 5.97000 6.0000 6.0000 6.0000 5.897500 5.911250 6.0000 6.0000 6.0000 6.0000 6.0000 6.0000 5.792500 5.97000 5.21500 4.291250 3.948750 5.053750 2.10500 4.153750 1.09500 0.9000 0.32000 5.122500 5.197500 3.03500 2.45000 4.648750 6.0000 6.0000 5.95500 3.262500 4.69500 5.88500 6.0000 5.841250 5.626250 5.691250 4.973750 4.842500 3.508750 5.513750 6.0000 3.402500 3.36000 3.55000 4.371250 4.906250 6.0000 3.293750 4.173750 5.94500 5.276250 3.103750 5.25500 5.682500 1.107500 2.248750 3.813750 3.91500 6.0000 6.0000 6.0000
4.36500 1.367500 5.97000 5.97500 6.0000 5.99500 5.866250 6.0000 5.707500 6.0000 6.0000 6.0000 5.66500 6.0000 5.98000 5.782500 4.70500 3.642500 4.567500 5.94500 3.806250 0.013750 0.0000 0.0000 0.0000 0.0000 2.467500 2.032500 3.01500 4.431250 3.123750 3.782500 6.0000 5.891250 4.007500 5.542500 5.096250 5.97500 5.95500 5.532500 6.0000 5.9000 5.94000 4.61000 6.0000 6.0000 5.726250 4.748750 2.761250 0.943750 2.928750 5.518750 4.06000 5.911250 6.0000 3.868750 0.27000 1.08000 5.157500 2.77000 1.711250 1.527500 4.516250 6.0000 6.0000 6.0000
5.583750 1.058750 5.25500 5.823750 5.941250 5.81500 5.57500 5.837500 5.52500 6.0000 6.0000 6.0000 5.522500 6.0000 4.87000 5.87000 3.99500 4.598750 4.88500 6.0000 5.04500 1.997500 0.453750 0.0000 0.0000 0.007500 2.08500 0.697500 2.822500 2.058750 5.603750 3.847500 3.398750 5.862500 6.0000 5.97500 5.026250 4.166250 4.922500 4.943750 5.942500 5.953750 5.99500 6.0000 6.0000 6.0000 5.66500 4.536250 4.757500 4.122500 5.14000 5.592500 5.74500 5.94500 3.906250 4.172500 3.711250 4.656250 6.0000 6.0000 4.50500 3.607500 5.812500 6.0000 6.0000 6.0000
5.7000 1.687500 1.391250 3.186250 4.173750 5.276250 4.79500 4.00500 3.323750 5.487500 4.753750 4.113750 5.08500 5.887500 4.877500 3.19000 4.101250 5.383750 5.576250 5.69500 4.968750 4.367500 4.867500 2.19000 0.01500 0.0000 2.717500 0.948750 2.241250 5.827500 5.94500 5.918750 1.81500 3.871250 4.662500 3.452500 5.496250 5.281250 3.741250 4.866250 6.0000 6.0000 5.9000 5.83500 5.178750 5.526250 4.658750 3.913750 3.571250 4.656250 5.382500 5.91000 5.227500 5.367500 5.55500 4.606250 4.13000 2.227500 4.66000 5.693750 3.658750 5.99500 6.0000 5.95000 5.99500 5.9000
4.84000 0.346250 0.0000 0.056250 3.478750 5.75500 5.35500 4.691250 5.446250 5.828750 4.486250 2.14500 4.18000 4.757500 4.856250 4.33000 3.54500 4.17500 5.922500 5.772500 5.772500 5.068750 2.727500 3.22500 0.59500 0.35500 0.87500 1.197500 3.62000 5.69500 5.363750 5.306250 5.37500 2.872500 3.48500 5.912500 3.888750 3.803750 5.587500 4.45500 5.39500 4.743750 5.382500 5.833750 3.956250 1.48000 4.273750 6.0000 6.0000 5.996250 5.766250 5.542500 5.81500 5.127500 5.707500 5.163750 2.75000 2.181250 3.467500 3.612500 5.937500 5.97000 5.696250 0.64000 1.443750 4.39500
4.586250 0.05500 0.358750 1.836250 3.337500 5.056250 4.286250 4.01000 5.59000 3.298750 4.533750 1.831250 3.168750 4.908750 5.80500 3.661250 3.62500 5.917500 6.0000 5.89000 5.892500 5.43500 2.818750 3.676250 1.227500 0.127500 1.503750 4.891250 5.048750 3.901250 5.376250 5.231250 5.148750 4.861250 1.6000 3.782500 5.161250 4.778750 5.128750 5.94500 5.91000 6.0000 5.852500 6.0000 6.0000 5.126250 4.778750 6.0000 6.0000 6.0000 6.0000 6.0000 6.0000 6.0000 6.0000 6.0000 4.567500 5.98500 4.598750 2.70500 4.292500 5.627500 4.997500 1.54000 0.743750 2.381250
2.18000 0.758750 3.147500 2.941250 4.327500 4.502500 2.998750 3.027500 5.538750 3.921250 2.57000 4.323750 5.006250 4.857500 5.818750 3.108750 2.467500 5.05500 5.74000 5.84500 5.52500 2.897500 1.77500 0.207500 0.0000 0.0000 0.156250 2.40500 2.508750 1.302500 2.83500 2.992500 3.651250 2.933750 0.222500 1.028750 2.92500 5.64500 6.0000 6.0000 5.99500 5.8000 6.0000 4.962500 5.707500 5.998750 5.986250 5.57500 4.727500 5.608750 5.046250 5.702500 5.89000 5.62500 6.0000 6.0000 6.0000 6.0000 4.831250 0.91500 4.812500 5.211250 4.803750 5.0000 4.612500 4.483750
0.77000 2.713750 5.91500 5.47500 4.682500 5.09500 3.736250 4.28000 3.79500 3.342500 0.531250 2.621250 4.86000 4.58000 5.942500 5.24500 3.908750 4.321250 5.808750 5.527500 5.032500 1.446250 0.04000 0.0000 1.14500 0.662500 0.0000 0.052500 1.878750 2.072500 2.623750 3.273750 1.207500 0.74500 2.248750 0.091250 1.7000 2.266250 5.737500 5.762500 5.737500 5.19500 6.0000 6.0000 6.0000 6.0000 6.0000 5.423750 4.193750 4.948750 4.598750 5.73500 5.502500 5.97000 5.90500 6.0000 5.3000 5.99500 6.0000 1.93000 3.156250 3.31000 4.148750 5.94500 5.85000 5.81000
0.4000 2.31000 5.918750 5.99500 6.0000 5.617500 5.83500 5.65000 6.0000 5.166250 1.981250 3.277500 5.342500 5.46500 5.61000 4.94000 5.068750 5.706250 5.117500 4.797500 4.912500 3.611250 2.8000 2.08000 3.876250 4.16000 1.058750 0.44000 0.96500 2.257500 2.312500 2.332500 4.887500 2.837500 2.126250 0.713750 1.356250 4.766250 5.991250 6.0000 5.903750 5.711250 5.94000 6.0000 6.0000 5.912500 6.0000 6.0000 6.0000 5.99500 4.81000 4.406250 5.986250 5.94500 5.95500 6.0000 6.0000 5.892500 5.93500 2.94000 2.37000 3.222500 4.817500 6.0000 6.0000 6.0000
5.59000 4.66500 3.61000 5.832500 6.0000 6.0000 6.0000 6.0000 5.931250 5.706250 2.506250 4.022500 4.347500 4.92500 4.708750 4.44500 3.672500 4.228750 4.298750 5.603750 6.0000 5.358750 5.507500 5.642500 5.95500 4.862500 3.6000 2.516250 4.043750 5.263750 4.086250 4.622500 5.996250 6.0000 6.0000 5.07500 1.73500 5.976250 5.762500 5.787500 5.99000 6.0000 6.0000 5.728750 2.5000 3.13000 5.99500 5.9000 5.557500 4.591250 5.706250 4.863750 4.07500 4.07500 5.99000 6.0000 5.99500 4.73500 4.268750 4.308750 4.623750 1.196250 1.546250 3.331250 5.351250 6.0000
5.41500 6.0000 5.877500 5.597500 5.98500 6.0000 6.0000 6.0000 5.968750 4.20500 4.496250 4.478750 2.573750 3.76500 3.583750 3.401250 4.10500 2.917500 3.518750 5.817500 5.29500 5.747500 3.788750 3.07500 5.53500 5.737500 3.00500 2.523750 3.288750 2.57000 4.178750 5.207500 5.276250 5.25000 4.527500 5.501250 1.67000 1.34500 1.762500 5.847500 5.97000 6.0000 6.0000 5.56500 2.758750 3.966250 4.606250 5.512500 4.39500 4.267500 5.931250 5.713750 2.406250 3.127500 5.416250 2.522500 1.208750 1.122500 5.598750 5.87500 5.378750 1.777500 0.256250 0.632500 0.20500 1.767500
0.932500 1.74000 3.711250 5.356250 5.677500 5.74000 6.0000 6.0000 6.0000 5.97000 5.018750 2.22500 4.62500 2.933750 2.29500 1.09000 0.648750 0.736250 2.752500 5.648750 5.483750 4.966250 3.803750 3.43000 4.91500 6.0000 5.97500 5.56500 2.832500 3.89500 3.82000 5.626250 4.236250 4.093750 5.08500 5.026250 4.761250 0.976250 0.082500 0.923750 3.226250 5.528750 5.996250 5.577500 3.951250 1.59000 3.686250 4.671250 4.637500 5.801250 5.717500 5.153750 2.236250 5.263750 5.803750 5.536250 5.28000 5.482500 5.791250 5.836250 5.842500 5.74500 3.49500 4.106250 4.802500 4.697500
0.733750 0.07500 0.0000 0.017500 0.96000 1.512500 4.51000 6.0000 6.0000 6.0000 5.633750 5.60500 4.41000 3.928750 3.441250 1.928750 1.008750 0.582500 0.273750 4.957500 5.931250 5.85500 4.841250 4.582500 5.673750 6.0000 6.0000 3.106250 1.66000 2.36000 2.823750 3.332500 4.553750 5.117500 5.227500 3.928750 2.99000 1.653750 2.552500 5.09000 4.39000 4.58500 4.168750 1.366250 1.163750 3.182500 2.936250 0.308750 2.506250 5.086250 5.731250 3.897500 5.282500 5.94500 6.0000 6.0000 6.0000 6.0000 6.0000 3.687500 5.84500 5.486250 3.238750 5.006250 5.97500 6.0000
1.03000 0.053750 0.0000 0.0000 0.00500 1.58000 4.363750 3.566250 5.968750 6.0000 6.0000 5.772500 5.117500 1.753750 2.746250 4.187500 0.146250 0.84500 0.26000 0.12500 2.652500 5.06500 5.62500 5.986250 5.998750 6.0000 5.97000 5.716250 2.233750 2.046250 2.201250 1.2000 3.298750 5.50500 5.04000 3.816250 5.3000 1.31500 0.371250 5.163750 4.86000 2.072500 3.873750 2.982500 0.456250 0.85500 0.30500 0.172500 2.488750 0.973750 4.251250 4.69000 4.037500 5.762500 5.297500 2.108750 1.44500 3.041250 5.576250 5.641250 6.0000 5.896250 5.991250 5.988750 6.0000 6.0000
