data/outputs/Sarzedas de Sao Pedro/2015/resolution_1/CONT_TOTAL_1_10.asc
ncols         150
nrows         150
xllcorner     -8.224023584583
yllcorner      39.953368546911
cellsize       0.000089932160
NODATA_value  -9999
[rows 96 to 143 of 150, columns 0 to 95 of 150]
524 587 440 75 279 419 262 178 552 600 600 600 600 553 524 589 573 584 600 459 329 218 598 552 585 298 97 469 242 530 598 600 600 600 592 599 600 600 600 600 600 598 185 70 147 107 577 303 600 600 600 600 600 414 322 568 441 353 100 0 2 165 340 600 475 551 600 600 600 600 600 600 600 600 600 600 591 329 227 581 519 455 372 212 3 0 0 0 8 5 0 126 369 600 600 600
504 578 381 355 358 600 589 419 600 600 600 600 600 600 600 600 600 600 600 600 473 477 511 318 318 496 572 473 600 600 600 599 600 600 597 600 600 600 598 600 594 341 50 52 86 112 57 540 600 600 600 600 600 600 600 600 600 276 0 0 55 221 588 588 568 600 566 557 600 600 600 600 600 600 600 600 600 558 452 600 600 598 446 164 53 0 0 0 110 167 304 556 600 600 600 600
436 571 528 476 327 345 558 600 600 600 600 600 600 600 600 600 600 600 600 600 496 448 405 10 316 600 600 571 600 600 599 592 508 568 524 500 469 481 570 598 502 516 544 399 211 429 519 600 600 600 600 600 598 600 600 600 600 585 322 354 494 562 600 598 600 600 600 600 600 600 600 600 600 600 600 600 600 374 6 391 600 543 2 27 96 12 160 359 574 366 545 600 600 600 600 600
193 143 581 600 586 534 513 598 600 600 600 600 600 588 600 600 600 600 600 600 561 352 58 143 505 582 600 600 600 600 600 600 600 600 592 440 411 544 590 578 600 600 600 600 600 600 600 600 600 600 600 585 574 588 600 600 600 600 600 578 600 600 600 600 600 600 600 600 600 600 600 600 600 600 600 600 600 597 191 116 307 218 11 161 60 500 600 600 600 600 600 600 600 600 600 600
512 87 464 600 600 600 600 600 600 600 600 600 600 600 600 600 600 600 600 557 466 458 591 592 600 600 600 600 600 600 600 600 595 545 600 578 447 380 425 589 600 588 600 600 600 600 600 600 600 600 600 466 509 600 600 600 600 600 600 546 600 600 600 600 600 600 600 600 600 600 600 600 600 600 600 519 600 600 411 0 0 0 0 21 277 600 600 600 600 600 600 600 600 600 600 600
438 224 351 600 600 600 600 600 600 600 600 600 600 600 600 600 600 586 269 346 598 600 600 600 600 600 600 600 600 600 600 486 275 202 569 476 596 558 529 589 600 588 600 600 600 600 600 600 600 600 600 600 600 600 588 600 600 598 598 598 586 600 600 600 600 600 600 600 600 600 600 600 600 600 600 516 600 495 102 0 0 0 0 87 351 600 600 600 600 600 600 600 600 600 600 600
508 19 303 600 600 600 600 600 600 600 600 600 600 600 600 600 499 333 539 600 600 600 600 600 600 600 600 600 600 600 600 600 480 324 398 600 600 582 588 600 600 600 600 600 600 600 600 600 600 596 582 600 600 600 600 600 600 591 591 580 577 590 571 598 600 600 600 600 600 600 600 600 600 600 600 600 590 592 406 2 0 0 14 468 406 572 594 600 600 600 600 600 600 600 600 600
540 542 600 600 600 600 600 600 600 600 600 600 600 600 600 447 252 600 600 600 600 600 600 600 600 600 600 600 600 600 600 600 600 558 599 578 600 441 586 600 600 600 600 600 600 600 600 600 600 600 600 600 600 600 600 600 600 600 600 600 600 600 600 600 600 600 600 600 600 600 600 600 600 600 600 600 586 385 57 0 0 0 13 147 18 0 422 600 600 600 600 600 600 600 600 600
540 600 600 600 600 600 600 600 600 600 600 600 600 600 600 581 325 597 600 600 600 600 600 600 600 600 600 600 600 600 600 600 600 600 600 600 600 600 600 600 600 596 600 600 600 600 600 600 600 600 600 600 600 600 600 600 600 600 600 600 600 600 600 600 600 600 600 600 600 594 600 600 600 600 600 600 600 301 18 0 0 0 0 0 231 340 492 600 600 600 600 600 600 600 600 600
540 600 600 600 600 600 600 600 600 600 600 596 598 600 600 600 587 495 553 600 600 600 600 600 600 600 600 600 600 600 600 600 600 600 600 600 600 600 600 600 553 306 322 555 600 600 600 600 600 600 600 600 600 600 600 600 600 600 600 600 600 600 600 600 600 600 600 600 600 428 565 600 600 600 600 600 600 600 364 0 0 0 0 0 363 600 600 600 600 600 600 600 600 600 600 600
540 600 600 600 600 600 600 600 600 588 600 538 588 600 600 600 600 595 374 442 588 600 600 600 600 600 600 600 600 600 600 600 600 600 600 600 600 600 600 489 511 178 167 426 600 578 589 600 600 600 600 600 600 600 600 600 600 600 600 600 587 567 600 600 596 600 576 551 567 568 600 600 600 600 600 600 600 600 600 332 6 0 0 0 339 600 600 600 600 600 600 600 600 600 600 600
540 600 600 600 600 600 600 600 600 600 550 600 600 600 600 600 577 477 593 166 422 600 600 600 600 600 600 600 600 600 600 600 600 600 600 600 600 598 392 234 598 407 514 540 526 588 597 600 600 600 600 600 600 600 600 600 598 453 574 600 598 582 600 598 443 484 600 471 323 547 579 600 464 512 600 600 600 600 600 600 553 441 421 353 268 600 600 600 600 600 600 600 600 600 600 600
540 600 600 600 600 600 600 600 600 600 600 600 600 600 600 600 403 95 471 400 239 538 577 596 600 600 600 600 600 600 600 600 600 600 600 600 600 555 232 153 367 157 446 580 355 417 582 600 600 600 600 600 600 600 600 600 466 48 127 222 301 587 477 389 64 428 588 216 7 85 516 522 555 552 600 600 600 600 600 600 600 600 600 556 178 600 600 600 600 600 600 600 600 600 600 600
540 600 600 600 600 600 600 600 600 600 600 600 600 600 600 600 524 454 551 588 513 234 563 401 600 600 600 600 600 600 600 600 600 600 600 600 600 600 558 109 181 151 384 521 196 347 558 600 600 600 600 600 600 600 551 369 148 7 65 65 27 87 190 18 77 224 583 340 145 191 345 471 481 600 600 600 590 600 600 600 600 600 600 571 77 394 600 567 600 600 600 600 600 600 600 600
540 600 600 600 600 600 600 600 600 600 600 600 600 600 600 600 600 545 443 568 528 233 257 567 600 600 600 600 600 600 600 600 600 600 600 600 600 600 431 398 301 282 515 522 79 333 559 590 598 568 600 600 600 489 215 25 419 521 537 41 6 223 154 24 122 10 165 134 311 320 512 582 600 600 542 278 287 600 600 600 600 600 600 600 504 209 202 539 600 600 600 600 600 600 600 600
540 600 600 600 600 600 600 600 600 600 600 600 600 600 600 600 600 577 496 481 587 471 176 293 600 600 600 600 600 600 535 588 568 600 577 522 599 600 567 247 156 267 561 494 187 259 300 441 527 502 570 544 600 317 3 17 589 600 567 120 121 13 106 70 0 38 6 144 569 497 569 588 595 521 141 107 517 600 600 600 600 600 600 600 600 600 585 422 363 446 585 600 600 600 600 600
540 600 600 600 600 600 600 600 600 600 600 600 600 600 600 600 479 578 570 600 600 531 511 279 500 590 600 600 600 600 600 600 600 600 600 503 550 600 600 423 314 440 565 424 432 264 281 367 414 559 583 566 596 149 5 10 505 600 600 417 243 78 188 6 0 3 69 424 600 600 600 545 190 106 68 193 577 588 570 532 495 600 600 596 600 518 561 600 591 382 190 305 564 600 600 600
540 600 600 600 600 600 600 600 600 600 600 600 600 600 598 600 579 551 507 600 578 566 538 545 571 526 582 600 600 600 600 600 600 600 600 600 600 600 600 600 600 600 600 534 438 433 483 507 506 600 592 599 476 330 69 4 506 600 600 555 315 153 176 1 62 398 279 539 600 600 600 465 65 56 137 305 594 600 376 241 35 222 435 224 156 113 48 337 550 600 594 365 114 407 600 600
540 600 600 600 600 600 600 600 600 600 600 600 600 600 590 588 536 534 336 389 556 509 517 568 596 508 596 600 600 600 600 600 600 600 600 598 600 600 600 600 600 600 588 600 600 546 385 495 496 562 600 588 576 475 130 0 388 600 600 600 539 405 322 83 3 158 498 600 600 600 598 193 185 445 115 28 421 578 557 105 0 0 262 479 438 455 390 321 42 174 256 0 112 83 334 600
540 600 600 600 600 600 600 600 600 600 600 600 553 403 341 578 417 449 403 165 521 531 427 542 492 494 535 600 600 600 600 600 600 600 600 516 598 600 600 600 588 600 569 578 567 588 600 569 550 552 553 600 595 482 357 44 124 464 585 462 400 446 553 583 431 502 585 583 600 600 600 581 238 221 311 369 573 600 315 0 0 4 221 464 484 462 345 515 12 0 0 40 243 401 124 400
540 600 600 600 600 600 600 600 600 600 600 600 599 520 436 595 427 337 501 291 225 452 518 499 474 600 600 600 600 600 578 600 600 600 600 600 588 578 588 600 600 580 521 532 600 600 590 600 600 598 563 509 503 478 310 58 0 34 6 185 291 30 512 600 600 600 590 470 545 562 571 600 218 375 588 600 600 598 249 10 203 206 357 493 441 67 145 496 503 123 156 463 588 598 268 91
540 600 600 600 600 600 600 600 600 600 600 600 600 600 457 600 508 367 367 163 235 328 515 600 578 588 600 600 600 584 503 520 585 600 600 600 495 343 500 466 600 515 508 512 600 600 598 600 600 600 600 551 279 327 176 43 7 0 41 116 274 387 588 600 600 600 600 600 580 572 578 501 416 261 600 515 600 495 402 259 348 307 374 384 433 566 600 600 600 591 575 600 600 596 576 246
540 600 600 600 600 600 600 600 600 600 600 600 600 600 600 586 405 361 122 84 269 530 556 554 600 600 600 600 600 482 419 401 237 331 305 337 529 259 458 208 589 391 438 600 566 588 600 589 576 600 600 397 132 557 554 490 272 63 420 595 551 582 600 600 600 600 600 600 600 600 593 562 450 501 600 600 600 443 477 530 378 518 265 103 517 600 600 574 446 600 600 598 494 248 237 245
540 600 600 600 594 585 600 597 600 600 600 600 600 567 521 283 224 130 48 95 119 124 277 554 600 600 600 588 566 584 530 540 546 586 410 378 354 400 479 369 590 568 547 576 600 600 600 440 556 577 563 76 182 373 496 578 600 513 534 580 598 600 600 600 600 600 600 600 600 600 562 550 541 548 553 598 588 268 38 169 502 308 20 171 443 600 600 183 110 292 373 396 459 241 531 477
518 270 519 600 489 432 86 176 472 592 600 600 600 203 294 339 33 0 0 6 14 0 1 91 235 336 429 598 477 600 320 217 237 291 301 244 62 90 180 218 208 241 271 390 419 481 536 598 537 588 414 2 0 0 0 213 512 238 395 596 600 600 600 600 600 600 600 600 600 566 598 600 578 588 599 567 588 445 350 100 335 96 2 119 600 600 600 600 600 600 600 600 507 516 403 413
540 588 571 258 61 388 227 50 0 166 588 600 377 54 7 51 89 8 0 0 0 0 0 0 0 0 57 423 359 599 351 51 0 2 17 185 360 43 0 0 0 0 0 65 49 71 66 451 463 207 50 0 4 41 0 63 149 137 263 596 600 600 599 599 599 600 600 600 600 600 600 373 491 600 580 321 352 243 592 517 43 1 160 532 600 600 600 598 590 600 600 600 600 600 600 588
540 568 175 0 0 0 2 0 0 0 132 98 50 16 13 4 94 56 0 0 0 0 0 0 0 0 0 68 149 572 557 351 7 34 5 192 431 158 2 0 0 0 0 119 218 164 104 123 75 0 2 0 0 0 0 0 0 0 40 556 569 588 592 554 481 554 600 600 594 532 503 16 462 600 571 189 527 271 233 590 136 224 577 600 600 600 600 600 600 600 600 600 600 600 600 600
452 312 57 6 19 15 12 0 0 0 0 0 0 0 127 0 0 0 0 0 0 0 0 0 0 0 0 0 1 430 577 230 306 304 62 283 559 462 255 12 0 0 0 1 48 0 2 13 98 47 0 0 0 0 0 0 0 0 49 247 491 600 600 598 240 52 413 392 100 109 178 61 547 423 255 66 379 283 224 152 389 600 567 429 600 600 600 600 600 600 600 600 600 600 600 534
540 600 580 563 547 591 537 352 370 344 345 290 313 238 260 310 250 28 16 68 75 13 0 0 0 0 0 0 5 291 600 600 600 600 450 239 95 44 0 0 0 0 0 0 0 0 26 249 4 0 8 0 0 0 0 0 0 0 7 285 579 597 592 600 600 322 1 0 0 0 0 32 14 2 0 0 7 84 23 76 393 600 576 571 600 600 600 600 600 600 600 590 588 600 584 552
540 600 588 600 600 600 600 600 600 600 600 600 600 600 566 576 531 50 90 95 199 20 24 0 0 0 5 131 455 467 600 600 600 600 546 553 565 495 510 483 427 271 54 52 74 178 286 353 74 0 0 49 3 0 6 0 0 0 0 132 557 580 597 555 379 560 286 30 0 0 0 0 0 0 0 0 0 105 60 446 600 600 600 600 600 600 600 600 600 600 600 598 577 498 448 438
540 600 600 600 600 600 600 600 600 600 600 600 600 600 600 600 527 366 453 350 367 213 495 296 273 321 420 453 600 600 578 600 600 600 600 600 590 247 460 600 586 579 406 484 534 123 261 422 39 0 274 508 182 30 0 0 0 0 97 566 512 600 596 532 536 587 600 389 349 72 36 0 0 0 4 142 333 272 475 600 527 475 600 600 520 588 588 600 600 600 600 600 600 547 277 121
508 600 600 600 600 600 600 600 600 600 587 600 600 600 600 598 206 91 179 420 549 582 576 576 540 588 551 584 588 600 600 600 600 600 588 600 598 593 588 600 580 590 589 567 563 367 6 24 166 189 399 394 512 401 258 385 402 95 137 407 600 566 305 586 570 479 565 600 490 355 107 0 15 261 484 538 573 588 600 600 600 588 588 600 600 600 600 600 600 600 600 600 578 410 229 36
414 351 479 600 600 600 600 600 600 600 582 597 600 600 582 308 422 290 296 351 285 585 598 576 581 600 588 600 582 600 600 600 600 600 600 600 600 600 600 600 600 600 600 600 535 492 135 214 248 448 434 392 515 579 600 600 600 562 428 594 600 561 424 436 585 470 583 598 554 339 205 213 482 573 510 563 600 600 600 600 600 600 600 600 600 600 600 588 600 600 600 600 600 277 124 13
440 463 441 445 599 576 600 600 600 590 546 600 589 365 437 584 452 542 501 259 219 229 591 600 600 538 600 600 600 600 600 600 600 600 600 600 600 600 600 600 600 600 532 540 586 548 370 394 259 114 358 531 590 600 600 600 600 600 600 600 600 548 542 564 588 594 588 508 478 578 600 596 600 559 355 591 600 600 600 600 600 563 543 600 600 600 600 600 600 600 600 600 600 458 341 68
540 565 565 600 600 584 533 600 600 600 600 489 264 429 600 600 513 575 457 206 135 54 250 600 600 596 600 600 600 600 600 600 560 588 600 600 600 600 600 600 600 600 589 600 600 600 331 354 331 256 480 600 600 600 600 600 600 600 600 600 600 579 509 600 600 520 598 569 331 600 600 570 566 412 460 584 600 600 588 600 600 600 600 600 600 600 600 600 600 600 600 600 600 470 157 145
540 577 600 600 600 600 600 600 600 584 295 376 423 430 321 536 449 549 559 476 279 103 31 281 461 425 570 600 600 600 600 600 600 592 599 600 600 600 600 600 600 600 600 600 600 428 159 317 169 191 332 574 590 600 600 600 600 600 600 600 599 571 600 600 600 337 377 113 3 381 600 600 600 584 499 599 600 600 550 600 600 600 600 600 600 600 600 600 600 600 600 600 600 398 343 565
540 600 600 588 588 600 600 600 562 240 532 467 254 213 296 293 302 162 121 218 550 379 208 125 46 228 504 597 600 600 600 600 600 599 578 600 600 600 600 600 600 600 600 600 512 235 79 311 324 408 397 541 566 600 576 600 600 600 562 583 559 599 600 588 600 380 577 78 0 460 600 598 595 475 443 594 600 600 600 575 567 600 600 600 600 600 525 600 600 600 600 600 600 453 566 570
526 600 600 600 600 600 600 476 346 541 544 457 557 534 368 468 87 336 205 0 6 78 69 197 366 509 599 584 600 600 600 600 600 600 600 600 600 600 600 600 600 600 489 584 74 82 46 556 590 562 501 584 600 556 579 526 477 586 345 448 452 600 588 600 566 529 148 0 0 496 600 557 446 396 455 600 600 600 564 290 546 600 600 600 600 600 598 445 377 600 600 600 534 178 307 387
473 588 600 600 548 551 420 309 515 598 600 574 479 560 585 472 419 355 523 372 142 33 4 286 586 598 600 600 600 600 600 600 600 600 600 570 568 600 600 600 600 600 600 390 43 0 58 591 600 590 598 600 600 578 584 600 596 590 342 575 532 599 582 598 135 58 34 276 104 577 555 73 454 584 566 600 600 600 594 380 498 469 591 600 600 600 543 203 26 188 388 456 362 203 135 158
537 600 600 600 535 410 367 600 586 598 537 567 577 547 584 576 508 399 301 467 595 555 177 512 600 600 600 600 600 600 600 600 600 600 600 600 596 440 488 600 600 600 600 600 394 116 1 256 600 600 600 600 600 600 600 600 588 599 448 574 554 600 517 406 25 93 419 307 201 600 595 220 537 317 252 600 579 566 600 314 114 209 308 600 600 535 308 216 15 0 0 0 6 485 558 474
540 576 445 259 41 155 577 586 590 600 600 564 410 471 538 388 422 554 600 582 583 598 200 600 600 600 600 600 600 600 600 600 600 600 600 600 600 600 513 520 492 600 600 600 600 389 7 80 225 168 275 311 311 329 519 587 543 518 596 598 541 587 315 16 0 42 267 97 183 600 600 598 600 588 158 140 96 294 600 508 3 30 19 376 430 266 186 27 0 6 320 179 9 161 275 459
474 359 346 386 359 455 418 502 566 600 600 569 486 533 555 501 536 600 588 600 600 600 180 539 600 516 600 600 600 600 600 600 600 600 600 600 600 600 600 600 500 386 423 479 246 323 539 590 582 569 573 506 210 395 396 185 18 10 120 88 26 47 0 0 0 1 0 0 258 600 600 600 599 541 352 41 7 49 271 392 23 0 0 4 2 4 95 255 130 10 116 20 41 0 0 72
538 600 600 581 502 357 261 203 343 586 588 583 550 553 589 535 548 600 577 514 600 600 539 272 377 587 600 600 600 578 588 600 600 600 600 600 600 600 600 600 600 593 214 290 571 600 471 600 600 598 505 394 460 586 558 429 0 0 0 0 13 119 32 76 34 4 0 0 302 504 600 312 195 323 467 347 39 0 0 0 71 217 200 33 158 7 108 227 266 268 138 73 10 247 7 265
540 600 600 581 530 491 161 121 265 590 588 588 558 588 576 578 600 589 506 409 506 600 600 600 497 542 328 377 522 600 578 598 600 600 600 600 600 600 600 600 572 332 464 600 600 600 600 600 562 498 371 509 577 513 355 554 10 0 0 0 0 158 426 586 138 121 228 0 29 71 174 35 195 232 167 140 0 37 48 0 32 176 233 333 457 259 496 323 344 591 600 180 0 343 38 386
540 600 600 600 600 531 410 215 128 395 600 600 438 573 560 462 588 600 598 437 546 600 590 540 600 600 574 429 430 323 340 454 587 600 600 577 600 585 444 334 343 592 600 458 585 600 600 600 596 501 600 557 552 564 349 510 163 4 4 13 162 296 345 600 203 73 92 0 36 182 150 0 0 136 497 461 312 20 2 43 91 573 599 600 544 452 104 373 219 370 309 167 303 287 12 358
528 590 598 600 600 588 566 479 134 183 464 576 532 520 584 574 588 600 600 589 383 585 326 455 454 489 488 437 573 514 402 180 199 524 313 309 294 323 437 579 584 600 507 183 281 460 600 556 600 600 600 584 392 260 428 598 441 0 8 91 460 300 36 153 249 2 31 224 192 318 28 221 58 497 573 600 600 371 299 341 160 214 405 600 600 600 284 169 528 523 230 223 391 10 2 363
540 600 600 600 600 600 600 567 430 250 50 85 319 600 600 600 600 590 600 600 548 394 564 600 399 484 441 429 403 581 409 466 600 566 510 531 600 600 600 600 582 440 397 261 493 597 600 600 600 600 588 600 577 255 101 554 182 13 245 313 214 62 68 177 215 181 552 527 452 523 253 366 135 240 584 600 588 373 251 118 421 478 598 588 576 346 529 473 485 482 20 1 28 0 0 251
540 600 600 600 600 598 571 588 519 528 405 148 217 497 600 600 600 598 600 600 600 598 569 457 474 489 588 378 258 348 510 581 563 422 261 429 505 586 600 600 600 600 600 575 407 600 566 600 600 578 450 549 561 255 87 26 13 29 4 2 228 225 285 380 569 572 598 594 531 418 503 202 106 0 171 483 235 567 467 464 507 600 573 596 549 95 147 481 498 121 189 282 0 0 0 33
