data/outputs/Sarzedas de Sao Pedro/2015/resolution_1/CONT_SPEC_1_60.asc
ncols         25
nrows         25
xllcorner     -8.224023584583
yllcorner      39.953368546911
cellsize       0.000539592960
NODATA_value  -9999
0.813750 2.468750 4.398472 1.928333 4.207500 3.118194 1.634722 0.199305 1.597222 3.417222 0.516250 1.472778 3.253750 2.584028 2.262917 1.294444 2.051111 3.464444 4.345833 4.693472 5.9000 5.439028 3.725417 3.199028 2.607917
2.539167 2.680278 2.800694 2.613750 3.532222 2.128194 1.010556 2.135139 1.465833 4.359583 0.474444 0.441250 0.433472 1.548611 1.908611 5.286806 5.138750 4.901944 4.875833 5.832639 5.920833 5.619861 4.436389 4.740833 5.895556
1.316389 3.337361 3.607083 4.760139 5.855972 5.465694 5.284167 4.559028 2.418194 3.375694 0.841805 3.135278 2.728611 3.847639 3.537917 4.427778 5.903889 5.580972 4.496111 5.056528 5.129861 5.359861 5.408472 3.381806 4.369722
1.811944 2.231528 5.488611 5.323889 5.997222 6.0000 5.730972 5.206389 2.358056 5.537083 5.031250 5.651667 4.686667 5.859167 3.156806 4.603056 4.371250 3.468889 3.963333 4.351111 3.430972 2.894722 5.45500 1.796111 2.264444
3.974306 5.600278 5.925972 6.0000 5.979167 5.744861 5.061528 4.932361 5.009583 4.467500 6.0000 5.752083 3.658472 4.755556 5.293750 3.928472 3.068333 3.128056 5.330694 5.1000 3.906944 5.739444 5.560694 2.490694 3.077361
3.919861 5.946667 5.813333 6.0000 5.781944 5.063472 4.838056 1.090972 1.211389 2.86000 4.711667 5.243472 5.429722 5.618194 5.378889 5.048750 3.720139 5.137778 4.028194 4.189861 3.517500 6.0000 4.853194 4.367083 3.452361
2.107222 3.572917 4.611389 4.053194 4.836250 4.214306 5.721111 3.819583 0.824027 3.707917 5.053333 3.833333 4.763056 5.479444 5.548750 4.639722 5.485833 5.665556 4.942222 3.903472 5.352778 3.220972 1.471250 2.256389 1.534306
2.679306 4.959583 4.540139 3.081667 5.275833 4.424583 5.367361 1.650833 1.228750 1.542500 2.901806 1.438611 4.043056 5.789444 5.845556 5.877361 5.103194 5.640278 5.906667 4.493194 3.983611 5.522361 3.132639 1.115972 3.492361
4.171250 5.798750 5.988889 4.292083 3.750833 2.80500 4.935417 4.591111 5.06500 3.610972 4.783333 5.173194 2.674583 5.030417 4.897500 4.339722 5.178333 4.101667 4.861389 4.779861 3.317917 3.432639 5.361389 1.683472 3.851528
0.327500 0.540833 5.007222 5.875972 3.548333 1.457917 1.901111 4.357500 5.895139 3.633194 2.877083 4.517222 1.810278 3.601806 1.930694 0.995277 3.660556 4.702083 3.554722 5.292917 5.603611 5.885556 5.900833 3.222083 0.954027
3.021389 1.385556 4.977361 3.241250 2.584306 2.729167 4.59000 3.53500 4.552083 5.409306 2.262500 2.543333 1.486806 0.824583 1.291944 1.569167 2.349167 3.533194 4.619861 5.855694 5.944167 6.0000 6.0000 5.996667 5.561806
3.404028 2.674028 5.132778 2.044306 1.694583 4.919583 2.199028 4.590556 5.531111 4.693194 2.947500 1.717778 1.406389 0.852222 1.505833 2.194444 2.304444 2.602222 4.417222 4.507222 5.987222 5.977222 5.970278 5.811667 4.453611
4.612778 1.821944 3.818333 3.021944 4.231528 2.687778 1.816528 4.414444 3.652500 3.034444 0.991111 1.185417 2.322361 1.621944 1.526806 1.284583 1.502778 0.904166 1.027083 0.733888 3.622083 5.981806 5.799306 5.935139 5.392083
5.718056 4.660278 5.480833 4.284306 4.661944 1.746250 1.703889 3.403611 4.902639 1.968750 2.203056 3.186667 0.808750 0.350833 1.18500 0.95000 1.178056 2.508194 2.992917 1.573333 1.802500 2.874861 4.777500 5.067500 1.773194
5.723472 5.837778 5.566528 2.351944 2.807361 3.483472 3.574028 3.119583 4.925556 2.816389 2.85000 3.270139 0.552361 0.02500 0.0000 0.702222 2.975972 4.105417 0.635555 2.562083 3.086806 4.697917 5.628056 1.669444 2.561528
5.448333 5.801250 5.69500 2.243056 2.138056 3.842778 3.146250 2.416667 1.746389 2.069722 1.727778 4.731250 2.405417 0.721111 0.175277 0.118055 2.428056 5.820278 5.757639 5.906528 6.0000 5.996667 5.042222 0.843750 3.316111
4.469306 5.685139 5.943472 4.688056 5.346944 5.562639 5.521250 4.384306 5.870139 4.895694 5.275139 5.978333 5.771250 2.337361 3.193889 5.527778 5.887500 5.848611 5.729306 5.963889 5.966111 5.990833 3.476250 0.645555 5.453889
5.630556 5.964306 5.596250 5.687778 6.0000 5.815417 5.459861 5.666250 5.993889 5.940694 5.885833 5.768750 5.785833 1.497083 5.123056 6.0000 5.984722 5.481389 4.630694 5.553889 5.933889 4.250417 5.825694 5.516528 5.794167
5.9000 6.0000 5.661111 4.774722 5.935278 5.914583 4.397778 4.374583 5.466389 3.163333 1.492083 3.978056 4.399583 5.347222 4.649583 5.534167 6.0000 5.932222 5.560417 5.648056 5.242500 4.188194 5.980278 6.0000 3.766250
5.894167 5.998889 4.918056 3.745556 5.795139 5.310556 5.23000 5.635139 5.005417 3.060556 4.787639 5.685833 4.509861 2.630694 3.989444 3.567361 5.463889 5.995556 5.993611 5.734722 5.911389 5.485278 5.653750 5.948056 5.883611
3.977917 2.843333 1.869444 0.196527 1.856250 3.251250 1.712639 1.515417 0.739305 1.244722 5.451944 3.161528 2.981389 3.529722 5.996667 5.675556 4.497083 5.417639 5.263194 5.748472 5.533611 5.991250 5.9000 5.946806 3.863194
5.562361 5.771250 4.845417 3.768889 5.571111 5.973333 5.835972 4.350972 3.744028 4.591250 5.469583 4.095139 4.59500 5.86000 5.967778 4.375694 5.031389 4.644583 3.995139 5.019028 5.934444 6.0000 5.900833 5.993889 4.264722
5.020278 5.278611 4.421250 3.440417 5.592083 5.98500 5.750278 3.524028 4.956250 4.819583 3.590556 3.465139 4.477500 3.955417 3.328750 3.018750 5.006111 2.613472 2.220833 5.454167 6.0000 5.782361 5.769306 6.0000 3.760417
5.714444 3.989306 5.527500 5.360556 4.829167 5.025278 5.422639 5.147500 5.218194 1.688611 2.153889 2.566667 2.872361 3.033889 3.623472 1.594722 3.475417 0.939444 2.792639 4.606806 3.860278 4.180139 4.12500 5.996667 5.619167
5.467361 5.831944 4.617778 5.178056 5.760694 4.543194 5.516250 5.588472 4.927500 5.312639 5.038056 3.849583 1.568472 5.236667 1.978194 2.883333 2.389167 1.884583 2.927639 3.307500 5.122500 5.264028 4.929583 5.898889 4.645694
