data/outputs/Sarzedas de Sao Pedro/2015/resolution_1/CONT_SPEC_1_100.asc
ncols         15
nrows         15
xllcorner     -8.224023584583
yllcorner      39.953368546911
cellsize       0.000899321600
NODATA_value  -9999
2.041800 3.526900 2.996650 2.10600 0.681250 2.976850 0.611600 2.044050 1.766600 2.795550 3.864650 4.920350 5.889850 3.99400 3.981050
1.890300 3.79700 5.101700 4.903100 4.234550 3.023800 2.232650 2.821350 3.264650 5.285300 5.10300 4.933550 4.605100 4.933300 4.128800
3.340650 5.59300 5.981400 5.647700 5.013250 4.611650 5.858800 4.655800 5.124300 3.968100 3.198150 5.050300 4.185450 4.860100 2.212700
3.833950 5.523750 5.327200 4.91600 2.336850 2.368800 4.719950 5.106700 5.483850 4.480850 5.218700 3.864150 4.597750 3.74900 3.033250
3.576250 4.815400 4.141800 4.8000 3.314500 2.227150 3.446100 4.204650 5.717350 5.497950 5.511500 4.996100 4.100400 3.503650 2.678500
2.008900 4.988250 4.117650 2.090050 4.438400 4.402450 4.014300 2.737250 3.584650 2.798650 4.738300 4.383350 4.705750 5.179150 1.747450
2.425450 4.565250 2.108200 3.668950 3.585800 5.325900 2.833850 1.160950 1.241300 2.364200 3.358150 4.979450 5.975700 5.983450 5.462400
3.462700 3.895250 3.657050 2.328400 4.030300 3.163650 1.412350 1.500600 1.310350 1.340650 1.478850 1.750600 4.354200 5.59400 5.082150
5.665850 5.271050 3.062300 2.856200 3.742750 3.697650 2.970350 1.267800 0.313050 1.12200 3.263550 1.794550 3.110150 4.748150 2.303850
5.217950 5.238300 3.275400 4.443550 3.227600 3.141350 3.922550 3.59200 1.263250 2.475450 5.792100 5.895550 5.986600 4.004250 2.551200
5.701300 5.553600 5.837150 5.528550 5.455750 5.553850 5.181950 5.202100 3.833350 6.0000 5.471550 5.361800 5.187450 5.25400 5.217500
5.937500 5.103700 5.280850 5.383100 5.136700 3.850050 3.957600 4.32700 3.945250 4.763550 5.978200 5.806400 5.169200 5.794850 5.515050
4.274900 3.072950 2.765350 4.016400 2.477650 2.107600 4.86700 3.332500 5.450050 4.701250 5.211050 5.166650 5.808500 5.934650 4.837600
5.12000 4.745900 4.704900 5.937250 4.496250 4.677150 3.172800 4.271600 3.733200 3.827400 3.18700 4.125200 5.865550 5.298650 4.904900
5.444300 4.935750 5.361050 4.870850 5.447100 4.268100 3.910500 2.774850 3.712550 2.645950 2.121500 3.135650 4.557650 5.02700 5.387300
