data/outputs/Sarzedas de Sao Pedro/2015/resolution_1/CONT_SPEC_1_35.asc
ncols         42
nrows         42
xllcorner     -8.224023584583
yllcorner      39.953368546911
cellsize       0.000314762560
NODATA_value  -9999
2.457959 1.314286 1.759592 4.235510 4.302857 3.247347 2.476735 3.488163 4.327347 1.637143 1.435510 0.806122 0.160816 0.145714 0.396326 4.84000 1.773878 0.039183 0.134693 0.260816 1.853878 3.126939 0.727755 2.012245 1.178776 1.264898 0.668163 1.206939 3.276735 4.827347 3.833878 4.074286 4.554286 3.611837 5.971837 6.0000 5.973061 5.26000 4.224082 3.447347 3.568571 1.829388
1.924898 4.977551 2.922041 1.259184 3.517551 2.618367 2.833878 3.711837 2.095510 1.517551 0.481632 0.088571 1.488571 1.734694 1.371020 3.249796 4.432245 0.664898 0.197551 0.193061 0.570612 0.109795 1.210204 0.354285 0.828571 2.632653 5.811429 5.737959 4.739184 4.948571 4.159592 4.173061 5.723265 5.874286 5.924490 5.967755 5.996735 5.948571 4.2000 3.206122 4.943673 5.998367
1.312245 2.084490 0.693469 2.730612 2.142449 1.271020 3.978776 5.318776 3.782041 2.951429 2.869388 4.546531 4.122041 3.491429 1.275918 4.186531 4.377959 0.712244 0.195510 1.174694 0.477142 0.333061 4.183673 3.748980 3.348980 4.801633 5.480816 5.142041 6.0000 6.0000 5.600408 5.675510 5.845306 5.602857 5.613469 5.914694 5.559184 4.797959 4.375510 5.825306 5.632653 5.785306
0.720408 2.625714 3.873878 3.827755 3.566531 4.945714 5.789388 6.0000 5.951837 5.906122 5.972653 4.792653 4.512653 5.411020 2.115102 1.717959 3.924082 0.221632 1.276735 4.159184 1.775102 3.158776 3.840816 2.559592 3.689388 3.726122 4.021224 5.832653 5.916735 5.720816 4.7000 3.632653 5.794286 4.734694 5.448163 4.999184 5.786531 4.967755 5.716735 5.162449 1.904898 4.965714
2.030204 0.827346 3.838367 5.893061 5.351020 4.944082 4.664082 6.0000 6.0000 6.0000 6.0000 5.279592 4.628980 3.64000 2.608571 1.468571 5.920408 3.815510 4.373469 5.528571 3.511837 4.101633 5.722449 4.679592 1.344898 1.776327 5.259184 6.0000 4.942449 4.630612 4.134694 2.585714 4.401224 4.435510 3.584898 2.391020 2.289388 5.288163 5.280816 2.650612 3.393469 4.471837
2.410612 0.911836 0.886122 3.783673 5.958367 5.884898 5.915918 6.0000 6.0000 6.0000 6.0000 5.88000 5.980408 3.900816 3.398367 4.323265 5.989796 5.842041 5.753878 5.900816 5.247755 5.314694 5.913878 5.990204 5.417959 2.875918 3.874286 5.282857 3.923265 2.325306 3.542857 4.454694 5.397143 4.242449 3.834286 4.414694 2.337143 3.792653 5.757551 2.442857 1.306939 1.326122
3.832245 4.429388 5.188571 5.984490 5.974694 6.0000 6.0000 5.938776 6.0000 5.639184 5.824898 5.975510 5.989796 4.242449 5.373061 4.024898 5.624490 6.0000 5.998367 5.86000 5.493061 2.474286 2.569796 5.404898 5.378367 6.0000 3.018367 2.128163 1.110204 3.093469 4.920408 5.043673 5.906122 4.537143 3.071020 2.513469 5.586122 5.648163 6.0000 4.277551 0.132244 0.342449
2.482041 5.925714 5.978776 5.982041 5.778776 6.0000 6.0000 6.0000 5.982041 5.914286 3.299592 4.466939 4.335102 4.282857 3.605306 5.019592 3.039592 5.892653 6.0000 5.565714 5.383265 4.823265 5.495510 4.763265 4.263265 5.568571 4.765306 4.963265 5.556327 3.217143 2.438367 5.375102 5.947755 5.688980 4.268571 5.068163 6.0000 6.0000 5.217959 5.252245 4.422857 4.340816
2.651837 5.757959 6.0000 5.902857 5.870204 5.998367 5.972245 5.901224 5.638367 4.869388 4.568163 4.941633 0.427346 0.135102 0.267346 2.960816 3.48000 3.515918 5.593878 4.504898 5.302857 5.800816 5.622857 5.883673 5.018776 5.871837 5.173061 3.385714 2.169796 5.410204 4.855918 4.991837 1.052245 4.248163 2.564898 3.471020 6.0000 6.0000 5.889388 5.097143 5.826939 4.623673
4.085714 2.954694 4.742857 5.331429 4.371020 5.576735 5.064490 5.625714 4.731837 4.535918 5.319592 5.562449 3.427755 1.108163 0.275918 1.715510 2.875918 5.768980 3.136327 5.163265 4.962857 4.764898 4.751837 5.991837 5.964490 5.62000 5.158776 3.868163 4.904490 5.623673 5.605714 4.196735 3.877959 5.228163 4.662449 5.691837 5.983673 5.883673 1.810204 0.015102 1.644490 0.051428
3.015918 0.213061 2.806939 5.145306 4.856735 4.852653 2.827755 4.495510 4.999184 3.571837 5.853469 5.819592 4.170204 2.913061 0.349387 2.153878 4.560816 5.091429 5.277551 2.966939 5.022041 4.536735 5.204490 5.430204 5.733469 4.595510 4.156327 6.0000 5.958367 5.811429 5.564082 5.725306 3.619184 3.593469 5.143265 5.563265 0.786530 3.887347 0.833469 0.882449 3.994286 1.204898
1.366939 3.448163 4.04000 4.084082 4.261224 3.427755 3.318776 4.637551 5.315102 2.805714 5.872653 5.547755 2.303673 0.431020 0.007755 1.433878 2.275510 3.404082 2.954286 1.695510 1.677143 5.137551 5.908571 5.907755 5.917551 5.638367 5.824490 4.811429 4.833469 5.703673 5.818776 6.0000 5.991020 4.016327 3.227755 4.751837 4.637143 4.178367 0.547346 0.849795 1.352245 0.971020
1.402449 5.642449 5.884898 5.333469 5.193469 4.088980 2.874694 5.386939 5.458776 4.871429 5.191020 5.092653 2.822857 2.491020 3.036735 0.817142 2.116327 2.133878 3.918367 2.543265 0.791836 4.376735 5.960816 5.552653 5.980408 5.76000 5.986939 5.829388 5.642857 5.146122 5.977551 5.982041 5.743673 5.585714 2.446122 3.911429 5.942041 5.955102 4.889796 4.396327 0.004081 1.770204
5.706122 4.973061 5.995102 6.0000 6.0000 4.333061 4.342449 3.654286 3.928980 3.636735 4.118367 5.715918 5.217959 4.509388 5.574286 2.712245 3.789388 4.213061 5.637551 5.352245 3.782449 3.005714 5.263265 5.990204 5.966939 2.953878 4.765306 5.215102 4.968571 4.815918 3.397551 4.673878 2.839184 4.496735 4.871020 0.770204 1.773469 3.946122 5.898776 5.326939 1.158776 3.368163
0.895510 2.228980 3.693878 4.848571 6.0000 5.965714 4.022041 4.043265 2.058367 0.956326 1.913469 5.665714 4.893469 3.941633 5.969796 5.045306 2.622857 3.780816 4.663265 4.841633 4.054286 1.638776 2.508571 4.487347 4.652653 2.669388 2.948571 3.521633 5.775918 4.322857 5.052245 5.812245 5.595918 5.716327 5.621224 4.311429 4.775918 5.296735 5.74000 2.668980 0.020816 0.36000
0.562040 0.0000 0.001632 3.224898 4.682041 6.0000 5.849796 3.555510 2.690612 0.756326 0.705306 1.775918 4.411837 5.364082 5.996735 5.753878 2.687755 2.235918 3.326122 4.996327 4.408571 1.054694 3.132245 3.802449 2.86000 1.031429 0.808571 1.737551 2.993469 4.646939 4.708163 3.035510 3.181633 5.261633 5.868163 5.676327 5.952653 6.0000 5.868571 5.683673 2.319184 0.331836
1.256735 0.0000 0.0000 4.090204 5.722857 4.711020 4.503673 2.555102 0.278367 0.395102 4.195102 1.332245 1.753469 3.107755 5.431837 5.991837 5.181224 1.292653 3.954694 3.985714 1.770612 0.587755 0.361224 1.795102 1.365714 1.413469 0.179183 2.429388 3.594694 4.188980 3.360816 2.811020 3.366122 6.0000 6.0000 6.0000 6.0000 6.0000 6.0000 6.0000 5.887755 5.302857
5.531020 2.649388 1.606939 3.357959 4.791837 3.085714 2.715918 3.655918 2.767347 5.047755 5.215102 5.794286 5.636327 2.561224 4.116735 5.926122 5.826122 2.222449 2.361633 2.147755 0.828163 2.302449 1.135918 0.803673 1.352653 0.906530 1.400408 4.439592 0.250612 1.698367 5.366531 5.875918 5.610612 6.0000 6.0000 5.835918 6.0000 6.0000 6.0000 5.990204 6.0000 5.984082
3.764082 1.772245 3.394286 5.436327 5.815918 3.088163 1.173469 0.496326 3.770612 5.735102 1.900816 1.384082 2.676327 5.162449 5.126122 5.626939 4.852245 4.915918 2.273469 2.819184 1.580408 1.257551 0.770204 1.957143 1.539184 0.535918 3.213061 3.128163 1.551837 2.437143 3.581224 5.337143 3.918776 4.641633 5.995102 6.0000 6.0000 5.931429 5.990204 5.953469 5.667755 5.083265
5.618367 1.440816 0.718367 2.401224 4.016327 3.215918 1.224898 3.854694 2.194286 4.125714 4.470204 2.796735 5.594694 5.888571 5.935510 4.613878 4.944490 3.245714 1.256327 1.456327 0.949795 1.513469 1.235102 0.269795 3.420816 0.626938 1.508980 1.717551 2.578776 1.364898 1.812653 3.137143 2.493878 3.043673 5.795918 5.975510 6.0000 6.0000 5.964898 5.950612 5.866531 5.440408
5.704490 2.262857 1.466939 3.369796 2.972245 2.979184 2.448571 4.283673 1.662857 3.259592 2.152245 2.337551 5.121224 5.055510 2.546531 1.153469 3.928980 0.269387 0.366122 1.749796 0.272244 3.538367 2.406122 1.002857 1.918776 1.591020 0.64000 1.760816 1.173061 0.714285 1.356327 0.121224 1.966122 0.260816 1.853878 4.789388 6.0000 6.0000 5.772245 5.773878 5.919184 5.941224
5.828571 4.320408 3.321633 5.103673 5.058776 5.973061 4.954694 5.268571 3.628571 1.687755 1.480408 0.84000 1.284490 3.079184 4.068163 3.761224 0.718367 1.517959 2.099592 0.88000 1.317143 1.389796 0.567755 1.001224 0.64000 0.736326 2.741633 0.515510 1.046531 1.171429 2.694694 2.966939 2.395918 0.288163 0.151428 2.953878 4.066122 4.867347 5.435918 4.780408 5.492245 5.292653
5.828571 5.459592 5.152245 5.613878 5.968163 4.322857 3.328163 5.196327 2.415510 1.477551 1.017959 1.689796 2.971837 5.674694 5.192653 5.301224 1.237143 0.457959 4.318776 3.075510 4.476327 0.395918 0.535102 0.089795 1.568163 0.919183 0.446938 0.865714 1.814286 2.646122 3.079592 3.543673 1.217959 2.128980 0.851836 3.308980 3.351020 1.836735 5.168571 5.606122 5.320408 2.724898
5.828571 5.796735 5.991837 6.0000 5.857959 3.509388 3.237551 3.290204 5.722041 3.017551 2.74000 2.411429 2.652245 3.502041 5.878776 4.610612 2.775510 4.464490 3.417959 3.084898 1.498776 0.195102 0.597142 0.008979 0.0000 0.084081 0.929795 3.221224 2.669796 3.441224 1.482449 0.173469 0.189387 1.447755 2.339184 1.613469 2.471020 4.606122 5.773469 3.300408 1.244898 4.485306
5.255918 5.798367 5.839184 5.747755 5.475510 2.602041 0.411020 0.863265 3.931837 3.122041 4.766122 4.9000 4.218367 3.490612 4.419592 2.161633 2.954694 1.395102 1.696327 4.661633 2.346122 0.685306 0.0000 0.0000 0.0000 0.0000 0.0000 0.595510 3.022041 6.0000 4.315918 1.613878 2.104898 4.544082 3.900816 5.289796 6.0000 6.0000 5.968571 4.479592 1.119184 0.342040
5.577143 6.0000 6.0000 5.991837 5.789388 1.877551 2.162041 1.435510 2.044898 2.821633 3.618776 3.046531 1.777959 1.321224 0.463265 2.248571 1.574694 0.121632 3.041633 4.914694 2.858776 1.776735 0.0000 0.0000 0.0000 0.274285 0.0000 0.027755 3.314286 5.965714 5.682449 5.946122 5.557551 6.0000 6.0000 6.0000 5.990204 6.0000 5.681633 1.713469 0.337959 1.048163
4.926939 3.954286 5.390204 5.961633 5.645306 3.327347 5.186122 3.280816 4.280816 5.515102 3.880816 4.613469 1.715918 4.179592 4.1000 4.339592 1.897143 1.089388 4.468980 5.777143 6.0000 5.666122 2.825306 3.12000 0.042857 0.342857 2.128163 2.544898 4.472653 6.0000 5.982041 6.0000 5.885714 6.0000 5.794286 6.0000 6.0000 5.971837 5.318776 1.301633 0.198367 3.635918
4.217959 5.243265 5.996735 5.990204 6.0000 5.731837 3.534286 5.795102 5.990204 5.777551 4.939592 5.576735 4.568980 5.544898 5.790204 5.980408 5.106122 5.339592 5.962449 5.961633 6.0000 5.933469 3.275918 1.645306 2.984082 5.202449 6.0000 6.0000 6.0000 5.931429 5.804898 5.829388 6.0000 6.0000 6.0000 6.0000 6.0000 5.974286 3.869796 0.0000 0.294285 4.951020
4.442857 6.0000 6.0000 6.0000 5.255102 5.345306 6.0000 6.0000 5.996735 4.769796 5.644898 5.954286 6.0000 6.0000 5.982041 5.990204 5.982041 5.92000 5.998367 6.0000 6.0000 5.911429 1.720816 0.593469 3.980816 6.0000 6.0000 6.0000 6.0000 6.0000 4.960816 4.389388 5.791837 5.940408 6.0000 5.909388 3.938367 5.626939 5.762041 2.893878 5.011837 5.920816
5.828571 6.0000 5.959592 5.923673 5.804490 5.011020 6.0000 6.0000 6.0000 6.0000 5.963265 4.615918 5.049388 5.969796 6.0000 6.0000 5.856735 5.945306 5.753469 5.384082 5.771429 6.0000 3.952653 1.202041 5.238776 6.0000 6.0000 6.0000 5.955102 6.0000 4.897551 4.544490 4.370204 5.477551 5.876735 6.0000 3.761224 5.463673 6.0000 6.0000 5.845714 5.980816
5.828571 6.0000 6.0000 6.0000 5.549388 4.577551 4.447347 6.0000 5.946939 5.966531 5.775918 2.621633 3.733469 5.522041 5.928571 4.339592 2.793878 1.857143 1.684898 2.427755 5.289388 4.949796 6.0000 5.940408 4.216327 5.813061 6.0000 6.0000 6.0000 6.0000 5.708980 5.567347 5.730612 5.659184 4.813878 5.037959 4.650612 5.897551 6.0000 5.942041 6.0000 4.643265
5.828571 6.0000 6.0000 6.0000 5.803265 5.314694 4.908163 5.814694 6.0000 5.978776 5.820408 4.928571 4.982041 4.295102 5.739184 1.815102 5.569796 2.689796 0.855102 5.22000 3.826531 2.708163 4.411837 3.906939 4.055918 3.859592 3.499184 5.955918 6.0000 6.0000 6.0000 5.717143 5.487347 5.923265 5.527755 5.674286 2.619184 5.016735 6.0000 6.0000 6.0000 5.612245
5.828571 6.0000 6.0000 5.733469 4.740816 3.105714 5.064490 5.731837 5.728571 5.639592 5.326122 5.505714 5.563265 5.923265 5.443265 3.061224 1.565714 4.040816 5.758367 5.752653 4.521224 5.176327 3.275510 3.082041 4.393061 3.612245 4.593878 3.977959 6.0000 6.0000 5.990204 6.0000 5.793469 5.827755 5.745306 5.983673 5.061224 5.939592 5.964082 6.0000 5.944898 5.939184
5.361224 4.216327 4.235510 5.020408 2.262857 0.551428 1.955102 4.163265 4.595510 2.584490 2.367755 2.708571 3.616735 4.773469 2.678776 2.306531 4.036735 5.939184 5.997959 5.972245 5.408571 5.457143 3.142857 1.932653 5.675102 4.796735 4.768571 4.095510 4.793878 6.0000 5.88000 5.462857 4.336327 5.977959 5.982449 5.988571 6.0000 5.872653 4.841633 6.0000 5.96000 5.307347
4.196327 2.482857 1.893878 1.899592 1.618367 0.333061 0.040816 0.055510 3.743265 3.197551 2.804898 0.495102 0.342040 0.88000 0.046530 0.001632 0.477551 5.533878 4.389388 2.349796 1.913061 2.029796 2.227755 5.175918 6.0000 6.0000 5.879592 4.684082 4.969796 4.518776 6.0000 5.591837 5.996735 5.811429 5.794694 5.058367 6.0000 6.0000 5.980408 5.982041 6.0000 4.634694
5.387755 6.0000 5.990204 5.980408 4.580408 3.132653 4.255510 4.506939 5.948980 5.990204 5.585306 5.842449 4.576735 2.103673 3.057143 2.781633 2.457551 5.328571 5.236327 3.876735 1.151837 3.448163 5.148571 5.828571 5.906939 5.998367 5.000816 2.013469 4.955102 5.178367 4.240816 5.127755 5.002449 5.366939 5.844490 5.776327 6.0000 6.0000 5.789388 6.0000 5.991020 5.927755
5.376735 5.826122 5.721224 4.239592 4.795102 3.746939 3.180816 5.418776 6.0000 5.947755 6.0000 6.0000 5.801633 3.128163 4.189388 5.998367 5.996735 5.759592 5.433469 3.911837 5.867347 5.409388 5.949388 5.922449 5.995102 6.0000 5.085714 4.587755 5.901633 5.592653 3.366939 3.230612 3.276327 4.700408 5.939592 5.988571 6.0000 5.923265 5.980408 5.973061 6.0000 5.267347
5.747755 5.361633 5.044898 5.193878 4.130612 2.795102 2.529388 5.493061 6.0000 5.982041 5.741224 5.982857 3.895510 3.034694 5.664082 5.826939 5.139592 5.663265 3.506939 2.638367 4.626531 5.207347 4.871429 5.153469 5.354286 2.865306 3.469388 4.488571 4.366122 4.981633 0.477142 2.715918 1.578776 5.966939 6.0000 6.0000 5.982041 5.955102 5.990204 6.0000 6.0000 4.964082
5.048980 3.534694 4.973878 5.377551 5.308980 5.641224 4.832653 5.659592 5.947347 6.0000 5.988163 5.399184 4.630612 4.311429 4.180408 4.466122 1.764898 1.852245 0.624081 2.256735 4.7000 2.080408 1.745306 1.004898 1.786531 1.926531 0.960408 3.268980 4.795510 3.763673 0.470204 2.063673 4.445714 5.990204 5.971429 5.902041 5.492245 4.140408 3.288571 5.983673 6.0000 5.384082
5.808980 5.539592 3.248163 4.775102 5.762449 5.503673 5.261633 4.674694 4.401633 5.066122 5.061224 5.148163 4.544082 5.960816 5.673061 4.130612 0.989387 2.068980 2.285306 2.285714 1.373878 4.609388 1.825714 4.471837 4.166939 3.790204 1.389388 2.157959 4.080816 1.102449 1.182041 2.928980 2.120408 5.181633 5.220408 1.255918 4.566122 3.736327 4.857551 5.978776 6.0000 5.797143
5.653878 5.974694 5.800408 3.724898 5.163265 5.752653 5.777143 5.276735 5.349388 3.095510 4.038367 5.773061 5.657143 5.651429 4.780816 2.835510 3.559184 4.712653 5.322449 5.52000 2.953061 2.979184 5.02000 5.466122 3.739184 1.629796 1.218776 2.262857 2.091837 0.793469 0.522857 4.868571 1.266939 2.135918 4.691837 3.948163 4.817551 4.161224 4.975510 5.822449 6.0000 6.0000
4.975102 5.707755 5.818776 5.78000 4.565306 3.781633 5.646531 5.818776 5.828571 5.762041 5.407347 5.662449 5.332653 5.377551 5.694694 5.718367 5.828571 5.818776 3.406939 2.880816 1.401633 0.364898 4.436735 5.276327 1.117551 1.859184 3.945306 4.019184 2.918367 1.742449 4.340408 2.674694 3.005306 4.444082 5.421633 5.595510 5.610612 4.386939 4.882449 5.819184 5.828571 5.770612
