data/outputs/Sarzedas de Sao Pedro/2015/resolution_1/CONT_NORM_1_5.asc
ncols         300
nrows         300
xllcorner     -8.224023584583
yllcorner      39.953368546911
cellsize       0.000044966080
NODATA_value  -9999
[rows 228 to 284 of 300, columns 96 to 191 of 300]
82 94 99 100 100 100 100 100 100 84 77 75 13 1 0 0 48 100 100 100 100 100 100 100 100 76 26 53 16 6 0 0 0 2 16 42 43 88 100 100 100 100 100 100 100 100 59 21 13 29 83 90 28 27 18 0 34 100 100 100 92 100 62 0 0 0 0 0 4 66 92 28 12 84 67 36 24 36 32 0 0 20 51 64 100 51 0 0 1 7 2 2 59 99 100 100
70 84 77 99 100 100 99 93 100 100 97 67 43 29 0 0 14 96 100 100 100 100 100 100 100 83 91 100 100 93 47 9 0 0 4 43 100 100 100 100 100 100 100 100 100 99 31 19 45 36 39 85 21 0 0 0 46 100 100 85 100 79 7 0 0 0 0 0 9 96 100 100 96 100 100 100 100 100 100 83 8 0 0 0 16 4 0 0 0 66 51 0 0 65 100 100
69 97 89 84 91 100 100 100 100 99 85 69 65 33 5 11 27 54 93 100 100 100 100 100 74 92 99 100 79 98 100 89 55 32 53 82 92 100 100 100 100 100 100 100 100 100 97 90 26 19 43 4 11 13 11 36 82 100 100 100 97 16 0 0 0 0 0 0 0 67 100 100 93 99 100 93 72 99 100 68 0 0 0 0 0 0 0 0 2 16 53 17 13 7 51 100
100 100 100 94 86 92 100 100 100 98 90 77 84 56 13 0 0 2 19 97 96 94 78 30 65 36 42 57 92 99 100 100 100 100 100 100 100 98 89 100 100 100 100 100 100 100 100 100 98 16 31 70 86 98 98 100 100 100 100 100 90 7 0 0 0 0 0 2 7 73 83 26 49 81 87 28 5 54 99 77 8 0 0 0 0 0 1 25 55 88 100 97 63 0 17 99
100 100 100 99 93 85 91 99 100 82 66 85 83 38 16 0 0 0 0 22 4 0 2 57 94 9 4 0 54 100 100 100 100 100 100 100 100 93 71 49 77 100 100 100 100 100 100 100 68 2 26 68 100 93 100 100 100 100 100 99 65 18 0 0 5 1 0 3 8 68 90 38 99 83 15 0 0 0 38 100 93 43 0 0 0 16 22 87 100 99 100 100 68 0 0 53
100 100 100 100 100 97 59 91 81 72 84 83 47 39 22 0 0 0 0 0 0 0 10 54 71 19 0 16 87 100 100 100 100 100 100 100 100 100 100 94 97 89 75 100 82 99 100 100 57 18 58 99 100 99 100 100 100 100 100 100 73 10 0 7 48 81 66 68 72 90 100 100 91 21 10 19 52 44 93 100 100 100 56 26 5 83 100 100 100 93 99 100 93 18 0 8
100 100 100 100 100 100 99 99 86 65 63 20 35 31 7 0 0 0 0 0 0 0 1 2 14 46 20 74 100 100 100 100 100 100 100 100 100 100 100 100 100 86 81 100 99 86 47 100 88 15 3 49 100 100 94 75 100 100 89 88 80 17 22 26 30 64 48 46 21 70 94 88 41 68 86 91 100 100 100 100 100 100 100 94 83 100 100 100 100 100 100 100 100 86 24 0
100 100 100 100 100 100 100 70 8 28 78 56 33 18 5 17 4 0 0 0 0 27 29 45 47 76 79 85 92 100 100 100 100 100 100 100 100 100 100 100 100 100 100 100 100 100 100 87 97 78 48 74 100 100 79 96 100 100 87 66 73 99 99 26 38 100 51 60 81 78 43 31 80 100 100 100 100 100 100 100 100 100 100 100 100 100 100 100 100 100 100 97 97 100 100 41
100 100 100 100 100 100 100 54 0 24 74 100 100 100 82 62 9 0 0 0 12 98 100 97 97 100 99 100 100 100 100 100 100 100 100 100 100 100 100 100 100 100 100 100 100 100 100 100 76 62 79 94 100 100 100 100 100 100 99 85 79 100 100 80 61 54 76 100 89 49 22 10 98 100 100 100 100 100 100 100 100 100 100 100 100 100 100 100 100 100 99 47 22 88 98 55
100 84 100 100 100 100 97 13 5 59 98 100 100 69 82 100 92 80 22 20 84 85 100 100 85 85 89 100 100 100 100 100 100 100 100 100 100 100 100 100 100 100 100 100 100 95 82 93 85 76 68 93 100 100 100 100 100 100 80 32 40 100 97 76 54 84 100 69 37 1 18 19 47 100 100 100 100 100 100 83 49 48 100 100 100 100 100 99 84 46 20 0 31 17 9 0
100 100 98 100 91 93 51 0 22 92 96 100 100 99 99 100 100 100 66 96 88 98 100 100 100 100 100 100 100 100 100 100 100 100 100 100 100 100 100 100 100 100 100 100 100 75 67 99 96 65 72 100 100 100 100 99 93 99 89 61 0 15 18 44 82 99 91 17 12 0 11 59 19 76 100 100 100 100 43 5 0 0 19 21 29 33 37 31 52 54 26 5 95 99 93 85
76 94 88 99 100 91 0 0 1 6 16 37 71 61 87 99 100 100 100 79 83 87 93 93 99 100 100 100 100 100 100 100 100 100 100 100 100 100 100 100 100 100 100 100 100 100 100 100 100 99 93 100 100 69 100 100 100 100 28 0 8 3 5 46 54 99 88 9 1 1 0 44 100 100 100 100 100 100 49 25 33 40 67 88 93 93 96 100 100 100 80 49 68 93 61 79
99 59 92 100 100 57 1 0 0 0 0 0 0 0 27 33 77 87 63 26 55 82 97 100 100 100 100 100 100 100 100 100 100 100 100 100 100 100 100 100 100 100 100 99 100 100 100 100 100 100 99 100 100 100 100 100 100 100 61 37 45 5 8 14 65 95 41 6 1 0 1 34 100 100 100 100 100 100 100 100 100 100 100 100 100 100 100 100 84 54 76 67 41 41 34 42
100 100 100 100 88 31 1 0 0 0 0 0 0 0 7 74 99 79 42 27 52 74 100 100 100 100 100 100 100 100 100 100 100 100 100 100 100 100 100 100 100 100 100 79 99 100 100 100 93 93 93 100 100 99 78 100 100 92 99 100 100 83 31 14 47 17 11 6 0 0 0 45 100 100 100 100 100 100 100 100 100 100 100 100 100 100 100 100 100 100 100 100 100 87 100 100
44 86 88 28 31 2 0 0 0 0 8 3 0 0 2 40 45 55 57 35 68 83 100 100 100 100 100 100 100 100 100 100 100 100 100 100 100 100 100 100 100 100 100 100 100 100 100 62 74 79 100 100 100 98 27 100 99 68 30 99 100 100 99 46 0 2 0 0 0 15 57 98 100 100 100 100 100 100 100 99 93 100 100 100 100 100 100 100 100 100 100 100 100 100 100 92
87 91 22 0 0 0 0 0 0 3 17 0 0 0 0 0 0 0 0 0 1 22 97 100 100 100 100 100 100 99 100 100 99 100 100 100 100 100 100 100 100 100 100 100 100 100 57 30 75 99 100 100 100 88 2 85 49 19 0 34 95 100 100 100 27 0 0 0 8 84 100 100 100 100 100 100 100 100 100 100 100 100 100 100 100 100 100 100 100 100 100 100 100 100 100 100
40 9 0 0 1 0 0 0 0 0 0 0 0 0 0 0 0 0 0 0 0 3 89 100 100 100 100 100 100 94 86 85 79 92 100 100 100 100 100 100 100 98 89 100 100 97 11 0 52 100 100 100 100 86 3 60 87 64 46 33 37 79 100 100 33 0 0 27 93 100 100 100 100 100 100 100 100 100 100 100 100 100 100 100 100 100 100 100 100 100 100 100 100 100 100 100
0 1 0 0 0 0 0 0 0 0 0 0 0 0 0 0 0 0 0 0 0 24 100 82 80 99 99 93 100 100 100 99 77 73 78 91 100 100 100 100 100 98 86 79 92 46 0 0 56 100 100 100 100 95 3 59 100 100 89 13 3 36 100 93 53 4 31 91 92 100 100 100 100 100 100 100 100 100 100 100 100 100 100 100 100 100 100 100 100 100 100 100 100 100 100 100
2 43 28 2 0 0 0 0 0 0 0 0 0 0 0 0 0 0 0 0 0 28 65 55 59 96 100 100 100 100 100 99 38 0 3 19 96 100 100 88 47 15 20 44 83 5 0 2 90 100 93 75 92 47 0 44 79 98 32 7 32 75 56 43 85 85 100 100 100 100 94 100 100 100 100 100 100 100 100 100 100 100 100 100 100 100 100 100 100 100 100 100 100 100 64 92
16 4 0 1 0 0 0 0 0 0 0 0 0 0 0 0 0 0 0 0 0 5 20 24 72 100 100 100 100 100 100 100 81 41 12 0 11 68 45 29 4 0 0 9 31 0 0 38 90 85 61 53 30 1 0 0 24 52 53 96 41 1 1 0 7 81 100 100 100 78 2 90 100 100 100 100 100 100 100 100 100 100 100 100 100 100 100 100 100 100 100 100 100 100 100 100
2 0 0 0 5 0 0 0 0 0 0 0 0 0 0 0 0 0 0 0 0 5 52 84 86 100 100 100 100 100 100 100 100 100 75 18 0 0 0 0 0 0 0 0 0 0 4 17 9 0 0 1 0 0 0 0 0 4 9 44 12 0 0 0 2 95 100 100 100 84 82 100 100 100 100 100 100 100 100 100 100 100 100 100 100 100 100 100 100 100 100 100 100 100 100 100
0 0 0 0 0 0 0 0 0 0 0 0 0 0 0 0 0 0 0 0 0 0 0 54 100 100 100 98 94 100 100 100 100 100 79 42 1 0 0 0 0 0 0 0 0 0 0 0 0 0 0 0 0 0 0 0 0 0 0 2 4 0 1 50 65 100 100 100 100 100 99 100 100 100 100 100 100 100 100 100 100 100 100 100 100 100 100 93 99 93 100 100 93 96 91 77
5 0 0 0 0 0 0 0 0 0 0 0 0 1 0 0 0 0 0 0 0 0 0 68 99 100 100 86 98 100 100 100 97 98 98 76 42 0 0 0 0 0 0 0 0 0 0 0 0 0 0 0 0 0 0 0 0 0 0 9 26 12 38 100 100 100 100 100 100 100 100 100 100 100 100 100 100 100 100 100 100 100 100 100 100 100 100 99 86 99 100 70 70 80 57 67
44 1 0 0 0 0 11 22 2 0 0 0 3 0 0 0 0 0 0 0 0 0 0 20 73 100 100 100 100 100 100 70 23 34 99 100 99 49 20 0 0 0 0 0 0 0 0 0 0 0 0 0 0 0 0 0 0 0 12 49 0 2 60 100 100 100 100 100 100 100 100 100 100 100 100 100 100 100 100 100 100 100 100 100 100 100 100 100 100 100 100 62 58 91 76 92
26 0 0 0 1 51 89 61 34 0 0 0 0 0 0 0 0 0 0 0 0 26 84 99 96 86 100 100 100 100 100 89 86 91 100 100 100 100 72 5 26 59 4 1 0 0 0 0 0 0 0 0 0 0 0 0 5 44 55 9 36 81 100 100 100 90 64 100 100 100 100 100 99 96 100 100 92 100 100 100 100 100 100 100 100 100 100 100 100 100 100 64 76 6 0 57
0 0 0 0 32 99 99 90 64 23 16 4 0 0 0 0 0 0 0 0 0 38 95 100 75 85 100 100 98 100 100 65 94 87 97 94 100 100 100 82 72 75 34 9 22 1 0 0 0 0 0 0 1 1 17 78 96 77 46 71 100 100 100 100 92 69 52 100 100 100 100 100 82 70 100 92 100 100 100 100 100 100 100 100 100 100 100 100 100 100 100 100 89 14 0 24
0 5 5 17 67 69 95 85 92 94 52 42 46 8 11 51 15 55 33 0 0 0 17 85 100 100 100 99 58 24 99 100 93 100 99 53 78 100 100 100 100 52 51 61 41 3 0 0 0 0 0 34 95 45 67 99 100 82 92 100 100 100 100 100 100 100 99 100 92 100 100 100 100 100 100 100 100 100 100 100 100 100 100 100 100 100 100 100 100 100 100 96 81 43 1 6
69 36 59 46 92 37 29 53 58 96 81 92 56 62 95 100 98 100 28 2 31 60 69 100 100 100 100 79 62 59 93 99 93 93 98 70 99 100 100 100 99 76 86 39 28 0 0 0 0 10 51 89 100 83 93 100 100 100 100 100 100 100 100 100 100 100 93 100 100 100 100 100 100 100 100 100 100 100 100 100 100 100 100 100 100 100 100 100 85 100 61 16 0 28 2 14
38 20 49 74 74 75 68 91 92 85 86 100 100 100 100 100 100 100 97 77 79 35 96 100 100 100 100 82 78 72 71 79 99 91 90 81 100 100 100 100 100 89 40 46 5 0 0 2 40 81 93 100 100 99 89 100 100 100 100 100 100 100 100 100 100 100 100 100 100 100 100 100 100 100 100 100 100 100 99 100 100 100 100 100 100 100 100 100 100 100 73 5 1 0 0 0
58 49 91 85 92 48 48 54 97 69 100 100 100 100 100 100 100 100 100 100 92 79 100 100 100 100 92 100 48 85 40 100 100 100 79 63 89 100 100 99 82 99 63 77 52 80 71 69 100 100 93 96 86 55 86 100 100 100 100 100 100 100 100 100 100 100 100 100 100 100 100 100 100 100 100 100 100 100 94 99 100 100 100 100 100 100 100 100 100 100 82 24 10 72 8 0
43 10 21 50 96 76 84 79 100 100 100 100 100 100 100 100 100 100 100 100 100 100 100 100 100 100 100 100 90 99 76 100 100 92 100 96 99 100 78 82 63 80 85 100 100 100 100 100 100 100 100 94 50 26 94 100 100 100 100 100 100 100 100 100 100 100 100 76 66 100 100 100 100 100 100 100 100 100 100 100 100 100 100 100 100 100 100 100 100 100 99 45 36 100 39 3
56 64 1 3 11 56 92 99 93 100 100 100 100 100 100 100 100 100 100 100 100 100 100 100 100 100 100 65 87 85 100 100 100 100 100 100 100 93 83 96 91 84 100 100 100 100 100 98 100 100 86 93 84 78 100 100 100 100 100 100 100 100 100 100 100 100 100 99 96 100 100 100 100 100 100 100 100 100 100 100 100 100 100 100 100 100 100 100 100 100 100 61 20 72 3 0
25 55 24 4 68 87 100 100 100 100 100 100 100 100 100 100 100 100 100 100 100 100 100 100 100 100 100 87 77 100 100 100 100 100 100 100 100 99 100 100 77 65 100 100 100 100 91 89 100 97 87 90 93 83 92 100 100 100 100 100 93 99 100 100 100 100 100 100 100 100 100 100 100 100 100 100 100 100 100 100 100 100 100 100 100 100 100 100 100 100 100 57 44 48 4 0
64 77 74 68 76 89 100 100 100 100 100 100 100 100 100 100 100 100 100 100 100 100 100 100 100 100 100 99 63 100 100 100 100 100 68 79 100 100 100 80 24 55 100 100 100 100 100 100 92 88 69 29 71 60 97 100 100 100 100 100 100 100 100 100 100 100 100 100 100 100 100 100 100 100 100 100 100 100 100 100 100 100 100 100 100 100 100 100 100 100 92 64 5 8 26 67
7 51 57 8 47 64 100 93 100 100 100 100 100 100 100 100 100 100 100 100 100 100 100 100 100 100 92 89 100 100 100 100 100 100 90 14 32 88 68 0 0 2 36 97 100 100 100 100 100 100 96 93 97 54 99 100 100 100 100 100 100 100 100 100 100 100 100 100 100 100 100 100 100 100 100 100 100 100 100 100 100 100 100 100 100 100 100 100 100 100 100 33 8 31 93 87
33 22 44 19 26 85 99 91 93 100 100 100 100 100 100 100 100 100 100 100 100 100 100 100 100 99 100 100 100 100 100 100 100 100 96 25 64 67 8 0 0 0 22 99 100 100 100 100 100 100 100 100 92 89 100 100 100 100 100 100 92 75 100 100 100 100 100 100 100 100 100 100 100 100 100 100 100 100 100 100 100 100 100 100 100 100 100 100 100 100 97 36 90 100 100 97
58 41 62 69 83 60 81 99 92 100 100 100 99 100 100 100 100 100 100 100 100 98 100 100 82 92 99 100 100 100 92 100 100 100 66 51 99 95 15 0 0 0 64 100 100 100 100 100 100 100 99 88 96 78 100 100 100 100 100 100 100 100 100 100 100 100 100 100 100 100 100 100 100 100 100 100 96 100 100 100 100 100 100 100 100 100 100 100 100 100 88 82 99 100 92 88
80 37 81 60 37 85 81 100 93 93 100 100 85 100 100 100 100 100 100 100 100 77 89 100 99 100 100 100 100 100 100 100 100 100 83 53 94 97 37 0 0 0 43 100 100 100 100 99 100 96 69 61 64 57 96 100 100 100 100 100 100 100 100 83 78 100 100 100 100 100 100 100 100 100 100 100 63 91 100 100 100 100 100 100 100 100 100 100 100 100 64 68 78 100 100 100
100 93 90 87 77 59 89 100 100 100 100 92 100 100 81 96 88 100 100 92 96 40 43 99 42 85 100 100 100 100 100 100 100 100 100 83 55 9 0 0 0 0 50 100 100 100 100 76 98 72 49 77 29 83 100 100 100 100 100 100 100 93 49 12 64 100 100 100 100 100 100 100 100 100 100 100 100 100 100 99 70 100 100 100 100 100 100 100 100 100 16 32 35 86 76 96
100 100 100 97 100 98 100 100 100 100 100 78 88 98 81 92 32 99 100 99 55 39 58 98 75 99 100 100 92 100 100 100 100 77 77 93 34 0 0 0 0 0 81 100 100 100 99 96 98 29 37 100 100 91 100 100 100 100 100 100 100 83 46 87 100 100 100 100 100 100 100 100 100 100 100 100 100 99 66 32 0 81 100 100 100 100 100 100 100 56 2 69 63 21 23 63
100 100 100 93 99 100 100 100 100 100 100 85 97 99 100 100 97 100 100 93 75 86 100 99 92 100 100 100 100 100 100 100 57 0 0 27 13 0 51 48 0 0 85 100 100 94 29 18 48 78 91 99 99 80 100 100 100 100 100 100 100 96 50 100 100 100 58 94 100 100 100 100 100 100 100 100 100 100 83 8 0 17 52 73 87 100 100 100 99 25 12 16 22 31 36 41
100 100 100 100 100 100 100 100 100 100 100 100 99 94 100 100 100 100 100 100 37 30 93 91 64 99 100 99 89 99 99 100 33 0 0 12 10 0 75 10 32 37 100 100 100 76 1 0 76 100 100 100 100 99 100 100 100 100 100 100 100 100 73 30 48 83 74 87 94 100 100 100 100 100 100 100 93 69 40 5 0 0 0 0 5 66 48 56 73 44 45 63 27 10 16 12
100 100 100 100 100 100 100 100 100 100 100 100 100 100 100 100 100 100 100 99 41 65 91 93 70 100 100 100 98 75 71 87 15 0 2 2 28 69 69 43 17 42 100 100 100 96 20 11 76 100 55 20 34 78 100 100 100 100 100 100 100 100 81 1 1 70 78 27 35 99 100 100 100 100 100 63 7 7 12 0 1 0 0 0 0 0 0 0 0 2 72 100 94 85 64 77
100 100 100 100 100 100 100 100 100 100 100 100 100 100 100 100 92 100 100 100 93 100 100 99 100 100 100 100 99 73 90 21 2 0 7 51 90 93 39 53 18 56 100 100 100 100 95 21 82 100 92 44 10 46 100 100 98 88 77 100 100 100 100 28 0 5 35 0 0 71 100 100 100 100 100 94 93 98 97 34 9 0 0 0 0 0 0 0 0 2 51 100 100 93 91 83
54 54 49 37 69 85 96 98 98 96 99 96 100 100 100 99 93 87 91 100 99 100 100 100 99 87 100 100 100 40 11 0 0 0 0 28 94 77 20 31 16 48 100 100 100 100 100 99 100 100 100 100 55 2 24 69 64 0 0 94 100 100 100 56 0 0 15 5 0 13 72 99 100 100 95 81 68 56 18 0 0 0 0 0 25 75 39 0 0 0 8 90 96 83 98 99
34 8 10 15 17 13 6 7 8 5 10 15 53 93 93 100 89 93 83 72 99 100 100 99 92 83 98 94 61 9 0 0 0 0 0 0 2 4 7 7 5 54 100 100 100 100 100 100 100 100 100 92 48 0 0 0 0 0 13 89 100 100 100 82 2 0 0 0 0 0 12 67 52 35 2 0 0 0 0 0 0 0 0 4 27 86 77 4 5 1 0 9 4 0 52 57
99 89 80 99 100 100 64 93 53 5 32 47 34 33 53 19 10 2 4 2 27 52 35 24 10 7 16 15 0 0 0 0 0 0 0 0 0 0 0 0 0 83 100 100 100 100 100 100 100 100 100 100 72 5 0 0 0 0 1 31 64 99 100 100 15 0 0 0 0 0 0 0 0 0 0 0 5 47 18 43 36 1 0 4 0 2 7 0 25 2 0 0 0 0 3 33
100 100 100 100 85 97 89 91 41 40 84 100 97 100 52 0 0 0 0 0 0 0 0 0 0 0 0 0 0 0 0 0 0 0 0 0 0 0 0 0 0 89 100 100 100 100 100 100 100 99 98 62 73 84 23 5 5 0 0 0 0 17 33 28 0 0 0 0 0 0 2 1 0 1 2 0 0 11 16 93 39 11 0 2 19 56 6 0 0 0 0 0 0 0 6 6
100 100 100 100 54 97 80 71 33 89 100 100 88 100 87 28 0 0 0 0 0 0 0 0 0 4 33 8 0 0 0 0 0 0 2 1 0 0 0 0 2 95 97 100 100 100 96 74 74 55 60 53 45 96 98 83 26 0 0 0 0 0 0 0 0 14 31 39 41 0 0 3 0 0 0 0 0 1 2 24 16 17 46 27 16 0 0 0 0 0 24 30 0 0 7 42
100 100 100 99 93 92 48 64 85 99 99 92 93 91 100 71 0 0 0 0 0 0 0 0 0 4 32 6 16 5 27 23 22 0 0 0 0 0 0 0 13 91 39 100 100 100 34 3 1 0 9 93 100 70 46 5 0 0 0 0 0 0 0 0 0 33 17 57 89 2 1 18 49 56 5 0 8 63 70 55 92 53 66 40 14 62 49 0 7 0 33 77 5 0 28 100
97 77 76 81 40 42 59 100 99 92 86 100 96 100 100 83 4 0 0 0 0 0 0 0 0 0 0 7 69 95 99 92 55 0 0 20 34 0 0 0 3 16 4 43 73 43 0 2 21 24 74 75 25 2 0 0 0 0 0 0 0 0 0 0 0 11 1 15 69 50 33 8 91 69 17 46 87 100 89 84 28 18 94 100 100 100 26 16 0 0 40 92 12 0 39 99
100 100 100 75 72 93 87 93 93 100 77 79 10 30 96 90 3 0 0 0 0 0 0 0 0 0 26 72 21 98 100 100 37 0 0 61 98 19 0 0 0 0 0 0 0 0 0 22 60 25 6 0 14 71 90 3 0 0 0 25 31 1 0 0 0 10 53 48 14 22 95 85 84 61 47 63 84 59 15 27 85 99 100 100 100 100 69 8 0 0 13 83 14 0 23 97
100 97 62 72 100 100 98 88 99 100 85 100 63 28 81 75 7 0 0 0 0 0 0 0 0 22 83 70 45 100 100 100 65 0 0 49 61 0 0 0 0 0 0 20 5 0 0 0 0 0 4 55 99 100 97 14 5 24 1 9 1 0 4 1 0 0 85 100 100 100 100 100 94 77 96 57 0 22 52 38 26 71 90 69 66 52 42 0 0 51 67 43 8 0 56 91
100 100 100 100 100 100 94 92 73 96 93 97 59 83 91 93 76 26 0 3 3 0 0 9 21 64 44 0 0 85 100 100 71 0 0 0 0 0 0 0 13 10 29 73 89 6 0 0 0 0 0 32 96 37 99 97 96 83 4 0 0 0 8 15 10 50 98 100 99 100 100 100 100 92 88 60 24 24 63 96 48 2 69 19 26 62 41 29 59 93 57 24 0 0 37 55
100 100 100 100 100 100 91 99 64 78 51 84 73 68 99 100 100 56 0 0 0 0 0 12 29 85 63 6 0 24 44 51 53 0 0 0 0 0 1 5 5 28 77 61 19 0 0 40 5 11 52 80 99 83 100 100 100 100 51 9 13 26 86 92 46 17 35 19 45 100 100 100 100 100 100 100 59 3 0 66 96 67 71 78 40 44 34 67 75 58 4 3 1 0 43 58
100 100 100 100 100 100 100 100 97 21 35 4 67 77 100 100 98 40 0 0 3 2 10 39 93 100 99 32 0 0 0 7 80 33 1 0 0 21 65 78 71 24 41 33 0 0 36 72 2 20 99 100 100 100 100 100 100 100 99 89 97 63 38 11 37 6 38 51 28 98 100 100 100 100 100 100 94 34 13 34 88 100 100 99 48 21 0 47 92 35 0 0 0 0 41 100
100 100 100 100 100 93 100 100 100 84 35 0 7 15 96 100 87 17 5 0 3 47 25 54 69 41 24 18 44 1 5 49 85 21 0 11 75 99 100 68 39 78 100 70 18 0 55 75 41 1 49 96 100 100 100 100 100 93 78 68 96 47 1 0 31 49 53 65 99 100 100 100 100 100 98 97 99 63 73 46 34 99 100 85 13 0 1 0 15 3 0 0 0 0 50 86
