data/outputs/Sarzedas de Sao Pedro/2015/resolution_1/CONT_TOTAL_1_5.asc
ncols         300
nrows         300
xllcorner     -8.224023584583
yllcorner      39.953368546911
cellsize       0.000044966080
NODATA_value  -9999
[rows 0 to 52 of 300, columns 96 to 191 of 300]
0 0 0 0 0 3 0 10 7 102 104 110 108 6 0 11 106 120 120 120 120 120 82 20 120 118 45 0 10 3 0 0 0 17 112 99 120 101 91 14 1 40 109 120 119 108 120 120 120 120 120 120 108 120 120 107 66 44 23 42 95 120 120 120 120 120 120 120 101 73 117 120 120 120 77 5 48 120 120 120 120 120 120 120 110 79 10 6 4 46 105 7 14 0 0 0
0 14 0 0 33 46 48 99 119 87 150 150 91 4 33 53 104 139 150 150 150 115 7 58 145 86 19 0 0 30 20 5 0 0 124 150 150 132 140 58 60 79 139 132 142 150 150 150 150 150 150 104 117 150 139 39 48 120 146 150 150 150 150 150 150 150 150 150 97 74 114 88 133 144 20 19 11 142 150 150 150 150 150 150 149 43 20 28 0 94 95 101 22 0 0 0
0 4 11 16 48 76 76 52 38 25 136 150 146 143 104 111 150 150 150 150 149 83 1 27 49 4 0 0 0 9 44 51 42 5 33 137 112 125 63 30 42 19 0 16 53 53 42 124 117 128 108 2 0 46 95 96 88 150 150 150 150 150 150 150 150 150 110 80 97 122 102 17 73 105 0 2 7 67 150 149 150 150 150 150 150 125 16 16 17 46 12 66 17 0 0 0
0 0 10 24 68 50 101 94 48 93 148 150 128 150 150 150 150 150 150 150 113 59 18 44 12 10 20 4 3 0 10 15 9 0 0 57 110 108 132 8 6 6 2 59 82 40 7 1 43 26 17 0 0 0 51 84 138 150 150 150 150 150 150 150 150 95 42 0 0 3 68 12 0 0 0 2 35 51 96 90 147 150 150 150 150 148 90 20 6 37 11 0 0 0 0 0
3 0 1 2 0 22 22 75 55 48 93 146 150 150 150 150 150 150 150 126 61 20 1 2 0 0 10 6 3 0 12 0 0 0 0 0 9 0 28 23 19 64 93 51 9 30 13 32 75 106 74 39 8 0 79 150 150 150 150 150 150 150 148 148 89 0 0 0 23 0 14 63 14 0 0 0 0 0 5 25 114 150 150 150 150 150 116 32 18 0 18 0 0 0 0 0
0 0 7 9 2 36 22 65 140 135 81 143 150 150 150 99 127 136 108 50 0 0 0 0 0 0 7 0 0 0 0 0 0 0 2 0 10 10 0 11 98 105 35 5 0 1 1 0 0 3 21 76 1 1 111 147 150 150 150 148 138 135 93 121 105 2 19 85 88 0 0 3 4 0 8 0 23 31 0 4 12 65 141 150 150 150 136 48 101 14 0 0 0 0 7 24
0 0 9 9 2 32 13 101 134 150 137 150 150 150 150 146 130 124 71 0 0 0 2 0 0 0 0 0 0 0 0 0 0 0 10 0 0 0 0 0 5 0 0 5 21 0 0 0 0 0 0 42 50 76 135 107 150 150 130 104 19 28 113 100 80 61 9 6 2 10 3 30 42 25 83 52 28 61 12 71 85 20 137 150 150 150 139 77 2 0 0 0 0 0 3 28
0 6 0 0 0 0 0 37 20 62 119 51 112 150 150 150 150 148 81 1 0 0 0 0 0 0 0 0 0 2 0 0 0 0 0 0 0 6 1 0 0 0 0 0 0 0 0 0 0 0 0 43 55 27 50 112 118 147 37 0 0 0 46 29 91 85 28 8 12 38 36 42 103 132 36 86 6 59 14 92 139 51 96 142 127 59 11 0 0 0 0 0 2 53 85 66
0 10 0 1 8 8 0 2 10 32 130 144 148 150 150 150 150 73 27 0 0 0 0 0 0 0 0 0 0 0 0 0 0 0 0 0 0 2 52 87 5 0 0 0 0 0 0 0 1 21 107 148 102 117 148 150 131 111 19 4 0 0 13 4 0 0 1 38 40 90 51 2 38 97 82 23 29 27 5 43 34 0 0 6 0 0 0 0 0 0 0 0 6 145 144 88
0 0 0 1 0 0 0 0 43 59 39 107 150 150 150 150 146 45 13 0 0 0 0 0 0 0 2 24 1 0 0 40 30 0 0 0 0 0 10 10 0 0 0 0 0 0 11 14 64 135 150 140 139 113 150 150 150 40 0 2 0 0 0 0 0 3 66 40 81 71 35 88 114 62 44 39 20 1 0 0 0 0 0 0 0 0 0 0 0 0 0 0 0 23 47 31
5 0 0 2 0 0 0 31 13 57 67 146 150 150 150 150 150 138 25 0 0 0 0 0 0 3 11 0 0 0 0 32 25 29 0 0 0 0 0 0 0 0 0 2 64 23 136 148 150 150 121 28 8 67 127 146 106 56 0 0 0 0 0 0 0 45 110 99 49 32 91 146 101 22 2 3 0 0 0 0 0 0 0 0 0 0 0 0 0 0 0 0 0 11 8 0
18 15 0 0 0 2 0 0 0 0 45 138 150 150 150 150 150 93 35 10 0 6 3 0 0 0 2 1 0 0 0 0 0 0 0 0 0 0 0 0 0 0 0 18 64 24 94 84 81 87 35 0 0 26 92 12 7 11 0 0 0 0 0 4 70 30 7 13 52 65 93 24 2 0 0 0 0 0 0 0 0 0 0 0 0 0 0 0 0 0 16 37 63 101 25 0
0 9 0 2 0 0 0 0 9 24 22 121 128 150 150 150 132 92 109 69 8 0 0 0 0 2 0 0 0 0 0 0 0 0 0 0 0 0 0 0 0 0 20 99 74 108 150 125 32 0 0 0 0 78 24 0 0 0 0 0 0 0 0 2 0 3 105 148 143 137 98 9 0 0 0 0 0 0 0 0 0 0 0 0 0 0 0 0 0 41 126 150 150 150 141 61
12 0 0 0 0 0 8 0 0 22 4 132 130 150 148 122 142 142 99 0 0 0 0 0 0 0 0 1 1 0 0 0 0 0 0 0 0 0 0 0 0 0 25 74 98 150 149 58 0 0 0 0 0 35 0 0 0 0 0 0 0 2 26 14 27 60 97 48 41 40 0 0 0 0 0 0 0 0 0 0 0 0 0 0 0 7 37 95 127 150 150 150 150 150 150 150
1 1 77 71 12 17 50 4 8 0 49 138 142 150 150 150 150 150 95 116 81 1 0 1 3 0 0 0 0 0 0 0 0 0 0 0 0 0 0 0 0 0 3 1 22 52 37 6 0 0 0 0 0 8 0 0 0 0 0 2 81 118 40 14 70 98 27 0 0 0 0 0 0 0 0 0 0 0 0 0 0 0 0 30 94 125 150 150 150 150 150 150 150 150 150 150
65 19 44 141 125 32 5 22 6 0 35 119 135 150 150 150 150 150 150 150 134 36 11 15 6 0 0 0 2 0 0 0 0 0 0 0 8 0 0 0 0 0 0 0 1 0 45 31 0 0 0 0 0 0 0 0 0 0 0 7 35 74 77 58 2 2 0 0 0 0 0 0 0 0 0 0 0 0 0 0 0 0 2 121 136 148 150 150 150 150 150 150 150 150 150 150
139 0 0 114 73 0 0 0 0 0 36 16 57 98 150 150 150 150 150 150 110 49 37 0 0 0 0 0 0 0 0 0 0 0 0 0 0 0 0 0 0 0 0 0 0 3 31 19 0 0 0 0 0 0 0 0 0 10 50 85 135 6 17 56 0 0 0 0 0 0 0 0 0 0 0 0 0 0 0 0 8 32 24 103 52 132 150 150 150 150 150 150 150 150 150 150
101 54 0 94 111 41 4 0 6 3 0 6 104 88 150 150 150 150 150 150 112 35 48 4 0 8 17 0 0 12 9 0 0 0 1 0 3 7 0 0 0 0 0 0 0 0 0 0 0 0 0 0 0 0 0 0 0 44 118 147 89 8 0 0 0 0 0 0 0 0 0 0 0 2 9 4 0 3 55 32 30 97 125 123 137 150 150 150 150 150 150 150 150 150 150 150
96 46 0 52 138 120 19 0 0 11 0 54 40 25 115 150 150 150 150 150 146 148 140 82 3 0 4 23 4 25 57 29 0 7 3 5 8 103 23 0 0 0 0 0 0 0 0 0 0 0 0 0 0 0 0 0 0 3 58 67 0 0 0 0 0 0 0 0 0 0 0 0 0 82 107 7 7 84 139 98 18 86 150 150 147 150 148 150 150 150 150 150 150 150 150 150
72 3 0 6 132 122 30 2 0 3 33 104 7 2 58 150 150 150 150 150 150 150 150 133 42 56 78 96 122 82 13 38 40 19 6 0 0 0 2 0 0 0 0 0 0 0 0 0 0 0 0 0 0 0 0 6 0 31 3 0 0 0 0 0 0 0 0 0 0 0 0 24 37 61 85 6 69 140 123 46 66 122 126 137 105 125 113 150 150 150 150 150 150 150 150 150
42 9 0 0 69 101 98 3 0 9 60 74 70 61 131 150 150 150 150 150 150 150 150 148 149 126 65 86 69 24 61 35 16 43 3 0 0 0 0 0 0 0 2 0 0 0 0 0 0 0 0 0 7 5 0 0 0 0 0 0 0 0 0 2 6 2 6 17 37 70 93 77 11 16 81 89 57 62 14 34 87 129 127 150 150 146 132 150 150 150 150 150 142 48 38 143
37 0 0 0 41 48 95 42 2 1 11 59 76 117 147 150 150 150 150 134 121 77 55 48 37 16 3 0 2 5 19 0 0 32 7 0 0 0 0 0 0 0 10 13 4 0 0 0 0 0 0 0 33 3 0 0 0 0 0 2 0 0 11 81 144 94 129 145 52 123 114 121 125 83 91 26 21 33 55 20 133 140 150 150 150 150 150 150 150 150 150 150 96 4 73 150
36 56 15 0 0 10 120 48 9 24 89 133 119 134 150 150 150 150 149 103 127 141 17 8 21 7 24 0 0 0 0 7 7 1 0 0 0 0 0 0 0 2 2 0 0 0 0 2 0 0 0 0 0 0 0 0 0 27 112 135 79 74 134 122 138 127 76 88 79 61 50 22 52 39 35 15 66 93 99 89 150 150 150 150 150 150 150 150 150 150 150 150 141 116 139 150
130 110 24 0 0 0 68 120 2 0 109 150 150 150 150 150 150 150 150 150 136 108 6 0 0 0 10 20 3 3 0 4 2 0 0 0 0 0 0 8 2 10 0 0 0 0 0 5 2 21 6 0 0 0 0 0 2 116 150 138 117 150 150 150 136 132 63 47 29 40 84 83 80 73 89 43 88 116 32 50 150 150 150 150 150 150 150 150 150 150 150 150 150 46 80 150
148 118 86 2 0 0 30 142 75 71 139 149 150 150 150 150 150 150 150 90 49 52 4 0 0 0 2 0 0 0 0 0 0 0 0 0 0 0 28 36 28 1 10 0 0 0 0 0 0 19 11 0 0 0 0 0 28 63 150 150 150 150 150 150 150 148 97 104 102 147 86 114 137 82 126 150 111 78 67 42 72 148 150 150 150 150 150 150 150 150 142 99 62 86 107 150
135 99 50 11 0 0 0 25 123 97 52 71 148 150 150 150 150 150 150 50 0 2 5 0 0 0 0 0 0 0 0 0 0 0 0 0 0 63 113 150 147 74 77 21 0 1 4 2 99 129 47 23 0 0 2 0 0 20 138 150 150 150 150 150 150 96 83 121 126 150 150 140 148 147 149 118 142 116 117 116 41 37 88 146 150 150 150 150 150 150 147 70 72 91 64 150
35 35 40 0 6 0 0 0 65 42 3 3 87 150 150 150 150 150 150 125 65 2 0 0 0 0 0 0 0 0 0 0 0 0 0 0 6 134 150 150 150 58 1 4 0 0 8 14 129 77 8 39 14 0 18 3 0 8 108 150 150 150 150 150 150 130 141 139 114 92 149 110 94 95 115 58 137 107 136 140 148 52 51 12 87 150 144 146 121 141 97 81 85 95 84 140
73 92 107 81 34 0 0 0 66 141 96 91 150 150 150 150 150 150 150 105 19 0 0 1 1 0 0 0 0 0 0 0 0 0 0 10 92 147 141 148 150 98 7 0 0 12 49 57 0 5 43 108 64 40 65 21 9 95 128 150 150 150 138 144 130 129 52 53 118 89 128 145 119 136 114 54 65 111 119 133 149 150 148 43 9 21 36 60 39 145 125 19 23 51 127 150
150 150 116 128 47 0 0 10 63 148 150 150 150 146 140 140 144 150 150 139 50 82 14 1 5 0 0 0 0 0 0 0 0 0 0 0 42 129 111 109 148 119 29 0 0 15 131 116 29 4 0 42 23 38 118 113 54 113 90 123 106 150 150 124 129 114 95 89 56 39 113 150 150 148 114 76 99 139 129 128 148 146 113 129 19 34 78 84 92 132 132 53 9 69 148 150
150 150 148 140 93 0 17 48 22 33 55 37 20 9 0 0 32 150 150 147 30 11 1 7 0 0 0 0 0 0 0 0 0 0 0 0 101 150 150 150 150 133 98 9 2 49 50 12 79 74 73 63 32 52 121 150 150 136 44 30 145 134 132 126 50 20 71 73 30 3 131 150 128 150 140 55 108 100 54 43 58 16 82 150 44 0 13 9 71 145 139 144 117 150 150 150
107 44 105 94 141 43 3 0 0 0 0 0 0 0 0 0 20 123 150 146 144 111 55 9 15 20 2 2 0 0 0 0 0 0 0 96 146 150 150 150 150 149 65 14 5 21 3 0 8 39 116 88 3 0 54 150 147 58 97 63 124 97 142 150 67 0 13 70 74 79 61 132 150 150 98 33 4 11 57 103 82 48 89 139 71 4 10 87 127 150 150 140 149 150 150 150
135 121 61 17 131 124 3 0 0 0 0 0 0 0 0 0 3 83 150 133 116 60 77 19 0 0 0 0 0 0 0 0 0 0 7 70 150 150 150 150 146 97 83 10 60 26 29 18 62 110 92 11 1 0 27 150 150 95 96 75 122 38 52 69 30 35 65 51 1 5 23 148 138 44 3 5 35 92 122 98 84 48 113 149 96 60 0 78 138 150 150 150 150 150 150 150
150 110 114 75 67 79 2 0 0 0 0 0 0 0 0 0 0 122 150 150 150 149 103 0 0 0 0 10 25 2 0 0 0 1 102 150 150 150 150 150 121 50 17 27 55 21 61 90 98 131 78 44 7 28 112 125 110 133 94 80 105 96 49 0 0 22 80 108 51 3 11 83 50 32 139 69 68 94 143 83 125 139 77 139 100 52 21 36 107 150 150 150 150 150 150 150
150 150 150 150 114 6 0 0 0 0 0 0 0 0 0 0 0 110 150 150 150 150 84 15 0 0 0 57 80 6 0 0 0 32 116 150 150 150 150 150 124 4 0 69 65 0 12 19 26 113 27 91 80 113 148 100 120 130 40 108 64 113 121 73 28 71 70 27 14 3 0 0 20 96 114 128 102 86 139 150 150 141 115 111 135 115 37 92 148 150 150 150 150 150 150 150
149 150 150 150 141 57 0 0 0 0 0 0 1 18 27 51 79 139 150 150 150 150 150 135 129 139 111 113 14 0 0 12 37 68 150 150 150 150 150 150 119 2 22 116 150 133 134 76 135 45 16 49 134 85 114 89 150 126 23 79 138 149 150 150 138 150 148 80 7 0 0 0 0 0 0 12 23 26 72 73 80 91 96 117 135 140 74 90 150 150 150 150 150 150 150 150
94 139 150 150 150 133 27 0 0 0 0 3 3 15 23 143 150 150 150 150 150 150 150 133 64 148 150 115 19 0 0 84 137 137 150 150 150 150 150 150 85 59 133 150 150 150 150 138 84 13 21 9 15 19 121 122 146 72 147 149 150 150 150 150 150 150 150 150 121 11 0 0 0 0 0 0 0 0 0 0 0 0 1 2 11 18 7 37 150 150 150 150 150 150 150 150
150 150 150 150 149 150 124 12 0 0 0 7 1 0 11 114 149 150 150 150 150 150 150 150 121 141 150 113 14 0 0 100 132 132 150 150 150 150 150 150 132 147 150 150 150 150 150 150 127 5 0 0 0 95 150 148 148 96 87 148 150 150 150 150 150 150 150 150 127 47 29 0 3 4 0 0 0 3 3 0 0 0 0 2 3 59 104 35 150 150 150 150 150 150 150 150
58 137 150 150 142 149 148 20 0 0 0 0 0 0 49 150 150 150 150 150 150 150 138 150 150 150 137 7 0 5 0 96 150 150 150 150 150 150 150 150 150 150 150 150 150 119 78 70 102 7 1 0 28 99 115 134 147 148 150 150 150 150 150 148 140 150 150 150 150 150 142 72 42 5 7 0 0 3 7 0 0 0 3 20 133 150 150 75 150 150 150 150 150 150 150 150
0 12 62 128 149 142 86 0 0 0 0 0 0 11 136 150 150 150 150 150 150 150 150 150 150 150 106 7 1 2 0 46 147 150 150 150 150 150 150 150 150 150 150 150 150 140 71 15 0 2 7 0 45 110 150 147 120 140 141 141 150 150 150 150 150 150 150 150 150 150 150 150 148 111 78 1 0 0 0 0 35 49 24 124 149 150 150 97 144 150 150 150 150 150 150 150
10 0 0 11 20 2 0 0 0 0 0 0 0 61 150 150 150 150 150 150 150 150 150 150 150 148 121 55 27 14 13 15 44 98 147 150 149 130 148 150 150 150 150 150 150 148 55 50 21 79 0 15 90 146 150 148 96 127 138 146 150 150 150 150 150 150 150 150 150 150 150 150 150 150 98 10 0 0 0 0 0 0 17 87 148 150 150 80 108 150 150 150 150 150 150 150
79 23 0 0 0 0 0 0 0 0 0 32 56 143 150 150 150 150 150 150 150 150 149 112 150 140 150 120 118 100 108 131 100 147 150 150 134 145 138 150 150 150 150 150 150 150 98 46 105 137 81 133 116 150 150 140 150 150 150 150 150 150 150 150 150 150 150 150 150 150 150 150 150 150 146 80 70 94 7 0 0 0 0 0 27 89 150 114 79 150 150 150 150 150 150 150
41 83 83 25 0 0 0 0 0 0 0 28 146 150 150 150 150 150 150 150 150 150 150 145 150 150 150 150 139 148 150 91 133 150 150 150 150 114 99 150 150 150 150 150 150 123 78 128 94 30 75 138 130 128 148 84 148 150 150 150 150 150 150 150 150 150 150 150 150 150 150 150 150 150 148 69 88 37 12 0 0 0 0 0 0 7 113 148 83 150 150 150 150 150 150 150
43 24 62 103 16 0 0 0 0 0 8 128 150 150 150 150 150 150 150 150 150 150 150 150 150 150 150 150 150 150 142 92 147 150 150 138 150 139 150 150 150 150 150 150 150 108 37 150 121 87 93 100 123 79 104 150 150 150 150 150 150 150 150 150 150 150 150 150 150 150 150 150 150 150 150 148 87 50 47 6 51 0 0 0 0 0 4 29 19 144 150 150 150 150 150 150
8 13 86 150 145 58 0 0 0 0 77 150 150 150 150 150 150 150 150 150 150 149 150 144 148 150 148 140 150 150 147 150 150 150 150 150 150 150 150 150 150 150 150 150 150 148 142 146 62 71 99 97 120 127 112 150 150 150 150 150 150 150 150 150 150 150 150 138 150 150 150 150 150 150 150 150 136 146 146 93 84 85 84 13 0 0 0 0 0 141 150 150 150 150 150 150
0 5 103 150 150 150 86 0 0 0 139 150 150 150 150 150 150 150 150 150 149 142 150 100 136 88 148 150 150 150 140 150 150 150 150 148 150 150 150 150 150 150 150 150 150 150 150 150 150 150 150 150 150 150 150 150 150 150 150 150 150 150 150 150 150 150 150 150 150 150 150 150 150 150 150 150 150 150 124 49 53 127 137 7 0 0 11 9 25 150 150 150 150 150 150 150
67 15 130 150 150 150 148 60 3 0 93 150 150 150 150 150 150 150 150 150 150 150 150 150 150 146 150 150 150 150 150 150 150 150 150 121 150 150 150 150 150 150 150 150 150 150 150 150 150 150 138 150 150 150 150 150 150 150 150 150 150 150 150 150 150 150 150 150 150 150 150 150 150 150 150 150 150 150 150 150 150 150 150 19 12 66 135 26 25 118 150 150 150 150 150 150
45 19 150 150 150 150 150 150 82 0 7 116 150 150 150 150 150 150 150 150 150 150 150 150 150 150 150 150 150 128 79 132 150 150 150 150 150 150 150 150 150 150 150 150 150 150 150 150 150 150 150 138 150 150 149 140 150 109 115 150 150 150 150 150 150 150 150 150 150 150 150 150 150 150 150 150 150 150 150 150 150 150 150 98 138 148 55 7 0 83 150 150 150 150 150 150
16 91 128 150 150 150 150 150 150 59 0 13 136 150 150 150 150 150 150 150 150 150 150 150 150 150 150 150 150 150 146 146 150 150 150 150 150 150 150 150 148 129 150 150 150 150 150 150 150 150 150 150 150 135 70 88 79 69 92 138 150 150 150 150 150 150 150 150 150 150 150 150 150 150 150 150 150 150 150 150 150 150 150 150 150 150 139 48 0 70 150 144 26 115 150 150
74 100 55 150 150 150 150 150 150 147 33 0 38 148 150 150 150 150 150 150 150 150 150 150 150 150 150 150 150 150 150 150 150 150 150 150 148 85 103 150 150 150 150 150 150 150 150 150 150 150 150 150 135 27 8 1 43 131 144 150 150 112 150 140 150 150 150 150 150 150 150 150 150 150 150 150 150 150 150 150 150 150 150 150 150 150 150 119 59 4 46 64 25 133 150 141
38 45 129 150 150 150 150 150 150 150 128 8 0 88 150 150 150 150 150 150 150 150 150 150 150 150 150 150 150 150 150 150 150 150 150 150 150 150 147 150 150 150 140 150 150 150 150 150 150 150 150 150 41 14 4 6 5 4 11 34 76 116 103 123 150 150 150 150 150 150 150 150 150 150 150 150 150 139 150 150 150 150 150 150 150 150 150 129 110 95 27 0 3 21 64 26
0 0 120 150 150 150 150 150 150 150 150 81 0 8 123 150 150 150 150 150 150 150 150 150 150 150 150 150 150 150 150 150 150 150 150 150 150 150 150 150 150 150 148 150 150 150 150 150 150 150 78 34 24 0 0 0 0 0 0 0 0 0 13 131 150 150 150 150 150 150 150 150 150 150 150 150 150 139 150 150 150 150 150 150 150 150 148 76 103 6 4 42 29 0 0 0
93 75 117 150 150 150 150 150 150 150 150 150 52 0 23 146 150 150 150 149 150 150 150 150 150 150 150 150 150 150 150 150 150 150 150 150 150 150 150 150 150 150 150 150 150 150 150 150 116 63 9 0 39 131 18 0 0 0 0 0 0 0 0 27 126 150 150 150 150 150 112 141 102 150 150 150 150 150 150 150 150 150 150 150 150 150 150 142 111 1 3 38 69 67 0 0
150 150 150 150 150 150 150 150 150 150 150 150 147 38 0 82 150 150 149 142 150 150 150 150 150 150 150 150 150 150 150 150 150 150 150 150 150 150 150 150 150 150 150 150 150 150 150 150 133 65 14 36 21 124 136 58 0 0 0 0 0 0 22 55 70 150 150 150 150 101 0 18 143 150 149 150 150 150 150 150 150 150 150 150 150 150 150 138 148 38 1 3 27 93 1 9
