data/outputs/Sarzedas de Sao Pedro/2015/resolution_1/CONT_TOTAL_1_20.asc
ncols         75
nrows         75
xllcorner     -8.224023584583
yllcorner      39.953368546911
cellsize       0.000179864320
NODATA_value  -9999
[rows 0 to 45 of 75, columns 0 to 74 of 75]
0 1 0 157 1500 2280 2244 1884 1682 1019 119 3 399 1944 2280 2193 2206 1715 1898 1276 767 185 273 52 78 801 1615 1384 2207 1162 630 198 782 1491 828 1459 1472 1269 1763 2255 1856 1202 817 1503 2277 1158 645 53 325 1054 370 69 782 1520 1585 1758 1913 1920 2280 2280 2280 2280 2280 2280 1931 2003 1017 1196 1967 520 1745 1679 365 1456 2166
99 397 116 82 544 2258 2289 1358 1033 836 486 377 1999 2384 2383 1737 792 34 2 19 13 4 1 1 45 425 1660 2307 1698 86 22 16 12 98 477 106 477 1104 2033 1417 665 362 583 428 1751 1644 153 267 2 587 1681 1728 1716 1326 1771 1577 2313 2400 919 1597 2400 2400 2400 2400 2382 1678 1957 1471 756 96 1471 1090 0 54 1686
1296 585 437 532 594 942 2129 1734 1483 1690 1583 831 760 1084 1916 1267 533 751 770 799 344 171 26 6 51 50 1027 2398 1052 9 43 73 84 160 24 660 1416 1545 635 20 519 1007 626 124 40 0 53 689 179 1226 1962 2292 1895 1146 1799 1606 1326 2080 1555 1867 2400 2400 2400 2398 2398 2111 2388 1658 1005 2214 2209 495 1144 436 2083
2062 704 1835 2398 1509 961 746 1172 1145 1234 1352 1499 1372 1370 306 997 960 1452 314 42 24 0 369 932 439 274 687 2304 1893 286 11 3 0 8 221 1103 32 144 9 541 683 468 0 0 152 1241 2093 2301 1573 1089 1678 1580 1218 1475 934 1348 1708 2242 2398 2400 2400 2400 2400 2391 2358 2398 2357 1376 1413 863 1348 1789 2396 2400 2280
387 344 2257 2047 539 209 72 1734 1907 1234 444 977 1299 1516 1288 1019 127 164 0 0 109 881 856 419 773 791 270 1493 2400 1493 325 389 79 145 0 53 0 6 613 311 0 24 398 793 1392 2157 2400 2400 2400 2272 2288 2232 1976 1969 1659 2327 2400 2400 2349 2245 2364 2357 2400 2400 2400 2400 2331 1414 1933 1423 2045 2400 2400 2398 2280
356 609 588 1243 176 569 787 2013 509 781 505 1385 1460 2332 1774 1053 411 1481 324 1171 1655 2297 756 1179 456 861 728 2052 2335 1440 563 229 110 8 41 11 29 48 681 1069 1348 1133 945 926 2266 2378 2400 1664 2400 2400 2400 2400 2400 2398 2378 2400 2400 2400 2388 2176 2211 2384 2400 2400 1541 1944 1603 1530 2015 2400 2400 2400 2400 2390 2280
100 1233 1034 497 16 1261 1720 199 665 801 1117 2271 2378 2286 2018 1490 1882 2070 1869 1659 2374 1510 1923 2218 1108 236 1281 2335 2169 198 3 0 10 1355 823 146 734 224 1345 2382 1870 1958 1840 1733 1583 1851 1823 1533 2400 2400 2400 2400 2400 2004 1635 2252 2359 2208 2031 2161 2172 2258 2400 2390 2256 2369 1344 2400 2274 2400 2273 1184 2350 2400 2170
52 342 936 1733 1910 725 1350 1610 1154 2246 1880 2346 2400 2400 2400 2291 2346 2400 2400 2220 1390 2084 2309 2082 1812 658 657 605 1868 783 43 0 173 2137 1397 534 887 1030 1517 1857 969 1192 1578 1319 1589 682 2060 2142 2400 2400 2250 2363 2259 1941 1300 1427 2370 2232 1976 2154 2140 2059 1879 2367 2400 2245 1769 2400 2384 2118 434 1053 1745 2359 1273
351 522 173 1448 2026 2400 2346 2267 1676 1903 2174 2400 2400 2400 2400 2400 2400 2400 2400 2400 2313 1165 1105 2017 2180 774 3 279 1950 1968 1034 242 1527 2400 1096 1401 977 1407 1705 1804 1520 301 659 1056 1382 1096 2355 2400 2400 2390 2214 2323 2328 2074 1314 1382 2150 1698 1822 1924 2300 1690 1571 1412 2044 1813 2400 2334 2167 839 53 1823 1908 1365 163
553 858 100 259 1795 2281 2376 2235 1964 2136 1758 1345 2390 2400 2400 2400 2400 2400 2400 2368 1793 1832 2249 1227 1316 1289 7 982 2399 2388 1855 332 2199 2376 2378 1795 364 1753 2121 2398 2390 1917 806 14 359 1780 2352 2400 2400 2350 1448 2007 1900 1833 663 937 1758 1246 1717 1774 812 810 608 400 1149 2345 2400 1694 1876 275 1240 2147 2179 922 381
1227 915 703 156 219 1671 2400 2400 2362 2039 2394 2400 2400 2400 2400 2400 2400 2400 2400 2400 2145 2378 2400 2247 821 218 421 2294 2400 2346 2346 2112 2313 2267 2400 1954 1521 2010 2398 2400 2388 2400 2241 1018 316 680 1964 2400 2398 2400 1235 49 482 739 1412 1711 2296 2360 1720 2172 2142 1622 1505 846 854 1548 2362 2139 2175 315 843 823 421 468 157
1020 770 378 113 640 903 1273 2349 2400 2400 2350 2345 2400 2400 2400 2400 2400 2400 2400 2396 2330 2396 2394 1621 1366 2093 959 2386 2400 2340 2318 2270 2369 2400 2377 2400 2376 2230 2101 2400 2400 2400 2400 2273 1940 1091 1663 2241 1559 1163 785 1517 2228 1735 1533 2036 1924 2208 1977 492 1264 1728 1862 612 1606 1062 2383 2319 2291 35 716 74 823 1359 1444
1623 1429 1220 1613 1868 2400 2391 2391 2400 2400 2400 2400 2400 2325 2400 2400 2335 2300 2400 2400 2400 2400 2400 1184 1444 2400 1895 1373 2398 2400 2400 2400 2400 2282 2388 2400 1798 446 521 1140 2376 2352 2352 2378 2400 2263 711 726 521 170 819 1264 2275 2311 1902 1691 2313 2350 1922 620 545 590 645 2030 2121 2112 2400 2400 2300 882 0 76 293 629 1165
641 2400 2333 2339 2396 2400 2369 2379 2398 2400 2400 2400 2400 2400 2400 2400 2264 1807 1916 2230 1868 2219 2400 1952 2268 1869 2152 1359 1553 2400 2400 2400 2400 2342 2296 2355 2023 1525 791 1200 2055 1746 1768 1911 2400 2388 1244 871 1538 1186 111 625 1116 1566 2203 2346 2388 2400 2189 2086 2228 2057 1328 2400 2400 2400 2296 2400 2400 1909 206 0 0 474 2268
272 2026 2365 2357 2388 2400 2400 2373 2235 2400 2400 2400 2400 2400 2400 2378 2400 2398 1140 1714 2154 1503 1737 1963 2146 1655 2208 1785 676 2141 2400 2400 2400 2398 2111 2136 2244 1937 1887 2369 1656 2227 2096 1418 2337 2398 1835 1708 2220 2346 2137 1104 386 615 1837 2111 2400 2400 2400 1994 2126 2206 2342 2400 2400 2400 2225 2187 1411 2253 1901 1742 1803 2167 2280
990 1286 2396 2388 2400 2400 2400 2359 2365 2400 2400 2400 2400 2400 2400 2317 2388 2086 1717 1580 2022 842 1662 438 360 128 2049 2079 1214 980 1860 2400 2400 2382 1305 1878 2354 2400 2337 2251 2277 1990 1937 1404 2206 2400 1361 1344 1420 1749 1963 2400 1318 1670 2378 2111 1242 2102 2273 443 900 1526 1566 2400 2400 2400 2346 2209 2388 2400 2400 2400 2400 2253 2278
1746 547 2388 2390 2400 2398 2347 2400 2283 2400 2400 2400 2266 2400 2392 2313 1882 1457 1827 2378 1523 6 0 0 0 0 987 813 1206 1773 1250 1513 2400 2357 1603 2217 2039 2390 2382 2213 2400 2360 2376 1844 2400 2400 2291 1900 1105 378 1172 2208 1624 2365 2400 1548 108 432 2063 1108 685 611 1807 2400 2400 2400 2318 2386 2392 2141 2398 2397 1953 1436 1294
2234 424 2102 2330 2377 2326 2230 2335 2210 2400 2400 2400 2209 2400 1948 2348 1598 1840 1954 2400 2018 799 182 0 0 3 834 279 1129 824 2242 1539 1360 2345 2400 2390 2011 1667 1969 1978 2377 2382 2398 2400 2400 2400 2266 1815 1903 1649 2056 2237 2298 2378 1563 1669 1485 1863 2400 2400 1802 1443 2325 2400 2400 2400 1944 1033 457 72 541 974 218 51 546
2280 675 557 1275 1670 2111 1918 1602 1330 2195 1902 1646 2034 2355 1951 1276 1641 2154 2231 2278 1988 1747 1947 876 6 0 1087 380 897 2331 2378 2368 726 1549 1865 1381 2199 2113 1497 1947 2400 2400 2360 2334 2072 2211 1864 1566 1429 1863 2153 2364 2091 2147 2222 1843 1652 891 1864 2278 1464 2398 2400 2380 2398 2360 2104 157 3 0 303 1094 14 41 601
1936 139 0 23 1392 2302 2142 1877 2179 2332 1795 858 1672 1903 1943 1732 1418 1670 2369 2309 2309 2028 1091 1290 238 142 350 479 1448 2278 2146 2123 2150 1149 1394 2365 1556 1522 2235 1782 2158 1898 2153 2334 1583 592 1710 2400 2400 2399 2307 2217 2326 2051 2283 2066 1100 873 1387 1445 2375 2388 2279 256 578 1758 1687 32 0 105 1600 737 94 1180 1135
1835 22 144 735 1335 2023 1715 1604 2236 1320 1814 733 1268 1964 2322 1465 1450 2367 2400 2356 2357 2174 1128 1471 491 51 602 1957 2020 1561 2151 2093 2060 1945 640 1513 2065 1912 2052 2378 2364 2400 2341 2400 2400 2051 1912 2400 2400 2400 2400 2400 2400 2400 2400 2400 1827 2394 1840 1082 1717 2251 1999 616 298 953 920 5 389 964 1833 1490 430 627 1404
872 304 1259 1177 1731 1801 1200 1211 2216 1569 1028 1730 2003 1943 2328 1244 987 2022 2296 2338 2210 1159 710 83 0 0 63 962 1004 521 1134 1197 1461 1174 89 412 1170 2258 2400 2400 2398 2320 2400 1985 2283 2400 2395 2230 1891 2244 2019 2281 2356 2250 2400 2400 2400 2400 1933 366 1925 2085 1922 2000 1845 1794 848 0 25 601 667 794 473 1191 2267
308 1086 2366 2190 1873 2038 1495 1712 1518 1337 213 1049 1944 1832 2377 2098 1564 1729 2324 2211 2013 579 16 0 458 265 0 21 752 829 1050 1310 483 298 900 37 680 907 2295 2305 2295 2078 2400 2400 2400 2400 2400 2170 1678 1980 1840 2294 2201 2388 2362 2400 2120 2398 2400 772 1263 1324 1660 2378 2340 2324 2257 589 762 246 0 9 420 1035 2252
160 924 2368 2398 2400 2247 2334 2260 2400 2067 793 1311 2137 2186 2244 1976 2028 2283 2047 1919 1965 1445 1120 832 1551 1664 424 176 386 903 925 933 1955 1135 851 286 543 1907 2397 2400 2362 2285 2376 2400 2400 2365 2400 2400 2400 2398 1924 1763 2395 2378 2382 2400 2400 2357 2374 1176 948 1289 1927 2400 2400 2400 2356 2042 2400 1697 5 0 618 2040 2278
2236 1866 1444 2333 2400 2400 2400 2400 2373 2283 1003 1609 1739 1970 1884 1778 1469 1692 1720 2242 2400 2144 2203 2257 2382 1945 1440 1007 1618 2106 1635 1849 2399 2400 2400 2030 694 2391 2305 2315 2396 2400 2400 2292 1000 1252 2398 2360 2223 1837 2283 1946 1630 1630 2396 2400 2398 1894 1708 1724 1850 479 619 1333 2141 2400 2400 2313 2398 1958 261 726 1295 2395 2280
2166 2400 2351 2239 2394 2400 2400 2400 2388 1682 1799 1792 1030 1506 1434 1361 1642 1167 1408 2327 2118 2299 1516 1230 2214 2295 1202 1010 1316 1028 1672 2083 2111 2100 1811 2201 668 538 705 2339 2388 2400 2400 2226 1104 1587 1843 2205 1758 1707 2373 2286 963 1251 2167 1009 484 449 2240 2350 2152 711 103 253 82 707 2129 2322 2322 2031 207 567 820 1950 2008
373 696 1485 2143 2271 2296 2400 2400 2400 2388 2008 890 1850 1174 918 436 260 295 1101 2260 2194 1987 1522 1372 1966 2400 2390 2226 1133 1558 1528 2251 1695 1638 2034 2011 1905 391 33 370 1291 2212 2399 2231 1581 636 1475 1869 1855 2321 2287 2062 895 2106 2322 2215 2112 2193 2317 2335 2337 2298 1398 1643 1921 1879 2059 2291 1069 302 2 9 100 1253 1767
294 30 0 7 384 605 1804 2400 2400 2400 2254 2242 1764 1572 1377 772 404 233 110 1983 2373 2342 1937 1833 2270 2400 2400 1243 664 944 1130 1333 1822 2047 2091 1572 1196 662 1021 2036 1756 1834 1668 547 466 1273 1175 124 1003 2035 2293 1559 2113 2378 2400 2400 2400 2400 2400 1475 2338 2195 1296 2003 2390 2400 2388 2378 2238 1713 44 0 0 39 1634
412 22 0 0 2 632 1746 1427 2388 2400 2400 2309 2047 702 1099 1675 59 338 104 50 1061 2026 2250 2395 2400 2400 2388 2287 894 819 881 480 1320 2202 2016 1527 2120 526 149 2066 1944 829 1550 1193 183 342 122 69 996 390 1701 1876 1615 2305 2119 844 578 1217 2231 2257 2400 2359 2397 2396 2400 2400 2390 2271 2378 2234 1470 195 29 0 135
422 0 0 0 0 317 2174 2143 1546 2349 2400 2400 2400 1794 22 127 14 1628 1137 14 13 199 1045 1661 2166 2400 2400 2386 1645 2200 837 1309 1248 765 1745 2299 755 0 89 199 988 1316 510 665 171 412 9 59 1280 1448 2035 1935 1865 1282 1201 12 844 2276 2400 2400 2400 2390 2400 2400 2400 2400 2400 2400 2400 2293 1983 1669 920 641 38
541 11 0 0 0 648 2320 2400 2353 1524 2288 1835 1073 533 144 142 0 507 1965 865 267 818 559 985 1570 2249 2400 2400 2369 1226 62 1210 1797 1914 2081 610 94 65 380 29 640 967 721 33 758 619 0 396 1735 1929 902 1705 1518 994 1688 692 514 1951 2400 2400 2400 2400 2400 2400 2400 2400 2400 2400 2400 2400 2400 2400 2340 2155 1898
2278 1856 552 0 200 488 677 1603 1926 1270 48 330 1573 1292 1171 881 1183 2006 2219 2392 2262 2303 1774 670 595 1743 2400 2400 2400 1942 575 407 2004 2062 505 8 12 1151 1582 11 1 2 1350 454 235 277 190 1096 1375 206 0 211 1477 2390 2400 2294 2334 2330 2400 2400 2400 2205 2394 2400 2400 2400 2400 2400 2400 2400 2400 2400 2400 2400 2280
2180 2158 1304 589 1035 2030 2212 2052 2377 1708 799 1870 739 1600 1181 917 2352 1839 2040 2143 2374 2370 1916 1332 1273 1878 2281 2380 2400 1957 1386 366 342 956 579 444 630 532 908 337 3 981 140 372 590 141 881 2050 2038 274 0 504 1662 2261 2400 2270 2040 2400 2400 2400 2400 2400 2400 2400 2400 2400 2400 2400 2400 2388 2400 2400 2400 2294 1857
1484 1465 742 766 1016 1950 2196 2254 2398 1350 367 1005 330 161 683 2029 2267 1704 623 633 1126 1059 1903 2000 1797 1764 2368 2242 1893 2108 1940 1576 370 1675 1610 938 709 396 794 239 1198 1243 1018 267 0 1238 1209 1401 867 116 210 885 1197 1990 2400 2182 1996 1705 1835 2400 2400 2400 2400 2400 2400 2400 2400 2400 2345 2398 2400 2009 2172 1016 1482
2178 1111 679 483 1634 2209 2078 2196 1979 1460 81 100 19 289 1579 2400 2333 2154 911 190 19 376 1794 2361 2360 2192 2278 2097 1855 2040 1813 1663 628 540 287 318 699 586 0 143 131 72 258 684 301 966 964 585 1593 1501 1582 1034 865 1259 2054 1957 1333 940 1839 2386 2358 2400 2400 2400 2400 2318 2398 2388 2400 2400 2399 2350 2222 2243 1910
2280 2021 297 1191 95 286 1394 1883 2101 1706 1127 167 1345 1328 369 933 1658 2234 1707 1311 1398 2235 2400 2400 2400 2388 2366 1380 2094 1189 1715 469 439 723 93 3 825 508 548 44 0 0 1068 1781 47 398 971 170 400 1028 1001 868 664 608 1284 1549 1151 1365 1544 2213 2396 2400 2400 2400 2400 2400 2400 2400 2362 2378 2383 2206 2396 1028 1565
2280 1714 25 17 2 0 1471 557 1730 541 554 604 1941 1762 735 676 662 1117 838 316 2230 2297 2400 2027 2211 2026 839 1598 2358 1584 718 305 360 583 1636 84 144 1062 1055 1323 702 0 1344 686 667 6 87 933 2021 311 137 163 19 217 174 379 462 757 5 816 2222 2314 2366 2400 2400 2400 2400 2345 2400 2388 2313 2396 2400 2348 2001
2280 2303 1044 244 902 1172 1336 1235 1158 1220 1213 586 1792 2050 884 272 1754 1418 856 475 1164 2008 2253 2014 2111 310 54 514 2115 796 0 83 12 42 806 105 16 1325 1824 862 433 784 648 1062 709 1073 159 255 298 393 985 320 7 730 53 4 887 253 235 262 307 761 2400 2400 2400 2400 2400 2252 2293 2314 2388 2400 2366 2386 2170
2280 2400 2281 1410 967 1847 2303 1724 2233 2400 2396 1367 1960 1966 2146 802 1346 1632 414 170 80 357 1162 1376 2304 1570 1725 557 492 912 626 749 718 423 447 143 388 1637 911 527 473 737 301 72 10 297 1458 359 239 438 589 80 525 1197 151 555 1035 310 0 6 1 733 1937 2335 2400 2400 2400 2190 2199 2400 2368 2400 2334 2193 1215
2280 2400 1882 333 1704 2127 1961 1773 2400 2400 2356 1785 2400 1871 1872 803 384 57 737 719 390 201 1011 945 934 1352 2343 1050 11 20 340 624 1182 625 412 1432 40 193 12 0 58 106 136 693 592 618 668 572 0 258 295 671 612 1432 2015 1551 1547 238 239 148 0 453 1394 676 1649 1442 2140 2081 1692 1467 1940 2207 1963 1273 185
2280 2400 2389 1798 1752 2185 2119 2398 2175 1756 1192 1603 2400 1592 282 1283 190 82 390 566 427 971 1615 2259 2005 1744 2170 1984 805 278 28 1130 2039 1195 978 1825 1276 276 91 22 0 6 195 641 333 239 63 322 406 409 1265 1201 1166 1774 2158 1568 708 562 848 285 23 861 1651 1176 1490 62 900 2355 2384 2003 2010 2380 1276 72 84
2280 2400 2275 2092 2400 2388 2400 2400 2106 1770 1368 1194 2400 2224 1743 1546 1297 647 1022 421 1464 913 1944 2396 2373 2388 2342 2106 806 29 26 690 1874 751 1979 2278 781 16 228 793 194 85 386 1112 179 523 188 229 216 985 409 899 1031 245 763 462 4 470 1116 1761 193 859 1057 1103 1222 1531 860 2388 2400 2317 1554 2368 1527 6 0
2280 2400 2220 2351 2400 2400 2400 2400 2010 1000 1110 1721 1624 1561 2400 2373 946 1314 987 953 1711 1197 836 1326 2313 2400 2400 2078 854 1404 2226 1326 1403 83 1663 995 184 0 0 90 0 0 0 0 0 383 505 1074 1218 873 879 1221 580 243 84 61 196 12 647 1366 922 465 641 513 438 1756 2396 2388 2146 928 22 1314 2270 1130 0
2280 2400 2400 2400 2400 2400 2264 2120 1746 1343 190 706 622 0 1531 1747 731 918 1022 1044 773 587 1755 1348 1218 2378 1944 13 1502 1671 1334 1388 1640 1445 2203 718 557 751 0 0 0 0 0 0 0 0 0 567 1798 722 2375 2400 2400 1667 35 44 5 21 711 1520 556 356 1706 2382 2225 2400 2398 2390 1587 498 0 28 530 2017 1749
2196 2064 2366 2038 2400 2227 2400 2400 2300 1605 744 50 95 607 1669 1376 1483 1655 2176 2400 1803 1861 1406 918 2015 1606 1460 556 164 1899 454 88 404 2147 1217 1304 468 30 0 0 0 0 0 0 0 0 0 0 0 505 2345 2400 2400 1470 1229 196 440 1671 2210 1067 1911 2158 2399 2400 2400 2400 2400 2400 2157 2041 1050 130 0 134 1394
2218 1881 2400 2365 2400 2400 2400 2400 2258 186 316 273 179 481 924 2239 850 2349 1807 2263 1887 1442 1093 415 1125 53 1166 1597 1315 1239 46 108 1114 1614 2195 738 0 0 0 0 0 0 0 0 0 0 0 0 0 142 1827 2400 2400 1753 2106 2290 2325 2300 2400 2394 2400 2400 2400 2400 2400 2400 2400 2298 1493 1219 605 0 0 91 1419
