data/outputs/Sarzedas de Sao Pedro/2015/resolution_1/CONT_TOTAL_1_65.asc
ncols         23
nrows         23
xllcorner     -8.224023584583
yllcorner      39.953368546911
cellsize       0.000584559040
NODATA_value  -9999
5853 13465 16224 9517 18034 9204 2278 1794 17158 1272 5147 11508 9578 8173 5061 12503 15726 19792 22437 24950 18256 15090 10972
9815 7732 11014 12930 15177 7708 11900 9125 17536 3691 1829 3049 10048 13535 23577 23825 21146 24565 24144 24315 20490 21100 24849
5429 17626 19878 22239 25176 25227 19761 15872 11854 8517 18101 13291 16867 10999 21921 23494 17978 18669 19290 16820 22598 13161 16705
11527 13723 24481 25239 25275 25104 24995 16980 19929 24609 24705 17803 23016 19498 15978 10724 17796 22558 13931 14611 22475 9220 6862
17560 25270 25055 25265 25208 20003 17576 12381 16911 22541 22183 22159 22134 21275 17576 16040 16017 20714 16806 22801 24370 20899 19191
13345 20644 22064 21123 21365 20535 16455 2663 8401 20154 19938 20556 22773 22662 20528 21389 22515 14487 20255 21756 16742 8173 5308
9649 17646 17655 13745 19212 21786 16988 3917 8984 14946 9237 17947 24676 24719 22736 23377 24907 23782 16063 17340 10601 7159 10716
18830 25108 24516 15803 18409 18332 21101 19159 11467 16619 19366 13380 24689 20888 22106 22036 19960 18713 17542 12510 22069 12491 15740
2690 9546 23022 22078 10275 4408 17713 22267 17682 13458 19771 9592 15804 10725 8479 18512 20233 19263 23803 22504 24847 12570 4143
10029 6857 20522 13863 8699 16609 14756 15794 25033 10777 12069 5396 3756 5690 7764 9947 19221 19081 25272 25228 25350 25265 22742
14069 12648 21857 6651 12370 16834 13004 22151 21802 14732 7662 5898 3947 5472 11082 8940 15363 16935 24395 25350 25254 24720 19961
18768 9682 16023 15128 13388 9846 13263 18518 12309 5599 5172 8605 6617 5851 6806 4618 4091 5632 6186 23801 24834 24800 23130
23707 21858 22417 19340 16579 6887 9961 20465 16073 7879 13793 4277 1319 4250 4473 6647 11623 6149 6892 12165 16803 20034 10982
23936 24760 20565 5086 13760 14415 15920 14541 12060 11912 14615 2265 0 0 3327 16762 15057 9322 15165 20746 25103 9798 7722
21389 24157 20890 15647 13791 16953 10205 11677 11595 7302 22636 17212 7874 1236 7276 20103 25304 24718 25098 25338 23323 2748 15922
20764 25276 23699 22209 24946 22099 24299 25079 25064 24609 25350 24373 4581 21488 25350 25278 22397 24291 25350 22714 22754 8773 23011
24960 25207 22966 22765 25350 24515 17045 24967 21298 16853 18622 24009 15539 23710 25350 25295 22012 22094 22538 20681 24931 25090 20294
24960 25301 21664 20817 25132 24668 21397 22327 13547 12255 20411 15871 14730 15778 19013 25350 25150 24145 24029 18499 24645 25328 23152
17168 14955 7493 7532 16312 11771 10937 13465 7200 22909 21968 19563 13920 23679 20703 22002 24687 22593 25010 25029 23731 25257 20520
23684 23412 16660 13730 21445 22280 17777 9736 11870 21626 14179 12325 22810 25264 17140 21251 19861 20388 23405 24783 25068 25317 19572
22628 21573 17802 14313 25202 24866 22521 15202 23836 21392 14354 20900 20778 17820 17432 22261 9444 13935 25252 25190 25123 25350 16672
22561 17725 24076 21932 21039 23112 20329 23785 11869 6443 9643 12185 11301 12689 7044 14413 7561 12898 21862 17704 15105 25304 24207
23371 23630 19732 22907 24091 18802 23683 22773 19709 21887 17494 6919 21920 7840 12388 8332 11434 11961 18856 21506 19593 24731 21062
