data/outputs/Sarzedas de Sao Pedro/2015/resolution_1/CONT_NORM_1_10.asc
ncols         150
nrows         150
xllcorner     -8.224023584583
yllcorner      39.953368546911
cellsize       0.000089932160
NODATA_value  -9999
[rows 57 to 113 of 150, columns 0 to 95 of 150]
41 0 4 0 0 0 0 0 0 0 0 30 92 89 27 49 98 100 100 100 100 100 100 100 99 93 34 19 29 48 87 37 0 4 31 20 0 17 0 0 9 29 53 90 88 89 100 99 100 100 100 100 100 100 100 99 57 9 14 35 36 35 12 15 46 70 100 97 96 68 61 83 93 75 40 23 0 1 69 77 95 30 14 43 64 39 20 82 10 0 12 35 2 0 1 0
35 0 0 0 0 0 0 0 0 0 0 25 77 86 94 63 41 97 100 100 100 100 100 100 100 100 92 35 1 1 13 0 0 2 67 36 55 11 0 2 2 0 2 30 48 57 52 70 86 99 100 100 100 100 100 99 46 56 87 89 32 67 37 33 37 87 80 40 81 100 97 91 39 33 0 0 12 3 0 1 59 82 49 83 71 12 17 9 0 1 24 27 1 0 0 10
36 0 0 0 0 0 0 0 0 0 0 28 100 100 100 100 84 36 92 100 100 100 100 100 100 100 100 72 1 0 8 0 0 0 71 98 87 37 0 0 0 0 0 1 18 52 88 68 79 97 100 100 100 100 100 98 78 95 100 90 39 1 62 86 53 31 7 0 12 99 100 95 41 13 0 0 0 0 0 32 1 23 67 22 0 2 40 45 0 27 7 11 0 0 0 0
5 0 0 0 0 0 0 0 0 0 0 53 100 100 100 100 100 92 35 85 100 100 100 100 99 35 66 23 0 21 22 0 0 0 2 71 64 93 24 0 0 0 0 31 12 12 30 49 25 90 98 100 100 100 100 100 100 95 83 40 0 0 19 78 63 54 54 67 81 100 80 9 1 15 0 0 0 0 0 0 32 52 97 38 44 9 2 2 16 63 16 0 0 0 0 6
61 25 2 0 0 0 0 0 0 0 0 55 87 100 100 100 100 100 95 39 91 91 59 46 34 11 0 0 0 4 2 0 0 0 0 12 87 84 85 35 2 43 70 36 16 53 51 34 74 73 82 95 100 100 100 100 100 100 78 3 3 8 62 43 86 96 100 98 100 66 13 0 0 0 8 3 40 23 3 1 4 19 25 2 24 44 1 0 23 24 71 16 0 0 0 60
90 100 84 27 1 0 0 0 0 0 0 22 41 72 97 96 100 100 100 71 4 4 0 2 44 43 29 17 11 18 0 7 20 8 51 87 100 95 99 99 79 98 98 86 74 37 25 5 33 24 44 98 100 100 100 100 100 100 99 26 2 5 7 40 91 82 93 100 69 6 1 0 0 0 27 78 68 20 0 0 0 0 0 0 45 98 7 0 0 4 36 10 0 0 0 54
90 100 100 98 81 10 0 0 0 33 53 6 0 0 14 61 64 57 28 13 0 0 10 44 98 77 90 80 92 74 59 81 70 98 96 100 80 94 100 100 100 100 100 100 100 85 58 24 14 29 49 100 100 100 100 100 100 100 100 98 69 20 2 19 74 87 93 57 6 3 0 0 0 2 19 68 87 89 1 1 0 0 0 0 34 48 31 38 1 34 0 0 16 16 44 84
84 100 73 89 98 46 55 14 37 42 91 75 93 84 59 83 100 100 73 29 0 37 97 47 16 10 86 35 98 51 21 84 97 98 98 100 97 87 92 100 100 100 98 100 100 93 97 63 47 75 79 97 94 96 100 100 100 100 100 72 51 47 7 1 12 36 43 53 18 3 1 1 0 0 9 52 70 61 39 17 0 0 19 20 0 4 5 30 39 58 8 0 24 78 77 88
80 100 100 98 53 21 23 6 38 56 73 99 100 92 100 100 100 96 100 83 64 32 83 85 76 22 78 68 45 4 5 43 100 97 78 31 59 97 92 73 96 100 97 100 83 43 15 48 48 43 67 71 94 96 100 97 100 100 98 56 46 87 17 36 9 0 40 24 20 56 34 39 60 45 8 20 16 5 0 0 0 0 62 63 20 0 12 16 1 0 0 15 6 39 77 100
82 68 92 92 82 34 24 77 37 28 59 76 76 100 100 78 100 100 56 27 7 33 75 49 44 11 19 2 0 6 70 87 78 100 96 32 56 33 51 53 70 86 65 88 92 82 71 62 46 73 54 46 95 100 100 78 77 91 95 77 71 88 92 28 9 1 76 84 80 78 80 31 35 14 34 19 5 25 0 0 14 15 23 68 17 9 35 7 0 0 6 67 53 44 92 88
83 15 23 37 5 3 15 12 35 69 92 98 90 100 100 98 100 100 96 47 6 15 44 0 0 0 3 3 11 97 100 81 100 100 98 59 15 0 0 1 18 13 2 22 52 92 100 100 81 100 98 96 100 100 98 98 93 55 92 87 78 87 100 44 2 50 60 59 69 41 30 15 38 32 1 12 74 28 37 3 79 92 63 53 93 50 0 2 0 0 40 95 96 8 12 41
90 83 17 10 33 34 7 31 76 81 100 92 82 100 98 100 100 100 100 84 11 0 0 0 0 0 7 36 17 98 100 100 100 100 94 72 30 0 0 0 0 0 1 1 16 94 100 94 93 100 88 79 96 100 95 67 77 62 89 72 94 80 99 78 36 32 57 22 44 0 35 17 0 26 50 0 0 0 0 24 21 1 0 0 6 13 52 9 0 36 17 78 52 13 16 43
90 100 89 70 38 9 5 37 59 56 80 97 83 82 68 100 84 46 20 39 2 0 12 4 0 3 4 1 52 96 100 100 98 90 97 95 74 47 24 8 0 3 15 45 89 100 100 100 100 100 100 99 84 100 91 96 96 74 82 96 66 62 39 62 36 0 1 10 4 0 0 1 42 48 48 0 0 0 0 0 0 0 4 8 0 24 27 26 3 12 0 66 90 5 25 14
90 100 98 64 16 5 65 39 8 2 5 43 61 85 99 100 81 69 74 32 12 30 20 5 9 90 41 10 25 22 21 41 73 75 100 100 97 88 96 13 16 46 76 97 100 100 100 100 100 100 100 100 100 98 88 62 99 91 65 78 81 91 17 48 30 20 34 3 3 0 0 0 64 69 18 28 8 0 0 0 0 0 0 0 6 91 83 53 2 0 0 56 98 5 2 7
90 100 100 75 14 15 69 26 6 0 0 0 2 85 56 59 100 100 96 82 87 59 2 1 26 100 100 70 4 10 57 37 68 61 72 100 78 22 61 49 71 100 100 100 100 100 100 100 100 100 100 98 100 97 20 60 100 59 29 27 72 42 6 8 1 22 49 34 12 0 0 0 2 3 26 13 23 60 7 0 0 0 0 0 11 70 91 69 6 0 0 10 40 19 2 18
90 100 100 55 1 0 0 3 0 0 0 0 59 12 3 2 70 100 70 12 27 49 12 24 65 100 100 100 48 35 41 23 52 28 73 99 88 5 0 11 74 100 96 97 100 100 100 80 97 94 100 100 75 46 84 100 100 100 100 99 85 26 29 2 0 43 32 49 98 44 4 5 4 16 6 53 52 58 84 16 65 17 0 0 66 90 42 48 40 0 0 0 0 0 9 66
90 100 100 31 3 0 0 0 0 0 0 0 77 97 53 36 27 91 9 0 0 16 10 54 81 77 58 35 28 11 15 34 30 1 0 14 47 0 0 42 100 98 94 96 100 100 100 58 82 95 95 43 2 18 24 58 100 93 49 16 1 8 10 10 13 4 1 15 70 60 5 0 0 3 28 89 44 22 65 55 28 6 0 0 41 28 20 5 16 56 1 0 11 4 30 51
90 100 98 85 48 3 0 3 14 11 17 12 22 70 82 74 23 25 20 17 17 24 13 5 46 72 90 89 43 9 11 5 46 52 33 14 31 62 35 18 89 71 39 100 99 100 95 93 98 100 49 0 0 0 3 56 100 100 44 27 0 0 14 0 2 0 0 4 10 49 15 0 0 0 1 69 95 79 65 37 0 0 9 40 13 31 56 22 0 63 60 48 3 23 1 41
90 100 100 100 81 43 34 4 44 82 80 86 70 62 29 22 54 91 90 77 84 78 49 31 96 86 82 80 85 10 1 28 100 94 100 90 24 26 26 0 0 34 96 100 89 87 56 92 100 54 3 0 7 2 1 26 89 64 43 19 0 0 0 0 0 0 0 3 39 36 2 0 3 0 51 100 90 40 10 32 70 2 28 53 50 14 63 36 5 50 43 28 0 0 0 0
90 100 100 100 100 98 74 70 30 53 63 84 97 100 88 85 83 92 100 100 100 99 20 64 100 34 47 81 100 62 46 70 94 100 100 100 41 9 0 0 0 12 37 15 50 89 68 75 100 100 67 1 36 59 0 11 22 46 91 17 5 6 22 41 77 5 0 31 68 7 0 0 11 47 99 66 89 22 21 27 9 23 11 23 50 0 0 8 1 0 0 0 14 48 1 1
90 100 100 100 93 89 51 39 34 44 73 88 100 88 38 77 98 100 100 100 100 100 71 72 100 93 99 100 100 96 13 6 13 17 26 46 5 15 3 25 0 1 5 2 25 30 37 49 90 94 100 93 96 97 76 6 5 9 23 22 27 68 47 15 34 4 35 5 0 0 14 10 0 7 59 49 6 34 40 0 6 41 65 24 0 0 3 1 0 0 0 50 84 96 56 3
90 100 100 100 73 55 2 9 53 69 92 81 95 65 58 93 100 100 100 100 100 100 55 90 100 100 87 80 100 100 22 18 6 1 0 8 3 43 54 44 7 14 0 5 23 49 19 20 27 75 99 82 100 100 95 2 0 2 3 0 7 18 12 3 20 22 9 0 0 39 100 49 0 0 16 16 0 2 0 0 0 10 11 3 0 0 41 43 53 12 5 75 36 58 67 1
90 100 100 100 100 86 23 22 75 88 99 83 90 77 49 95 100 100 100 100 95 98 52 100 100 100 94 52 74 38 18 77 47 10 2 0 17 60 7 15 35 9 4 24 56 40 50 68 37 17 30 14 91 100 76 2 0 0 0 0 0 32 58 31 90 66 74 21 11 18 30 60 7 0 0 0 0 0 0 0 0 0 0 4 22 0 7 24 16 18 20 3 9 8 21 6
90 100 100 100 100 100 68 41 45 76 86 80 84 73 100 100 100 92 68 99 87 37 38 100 100 100 88 10 33 14 27 100 31 0 14 0 2 62 14 35 10 4 31 97 13 90 97 100 90 73 56 42 67 98 94 55 10 29 41 0 1 0 7 86 91 79 84 37 0 15 16 89 64 14 0 0 0 0 0 0 0 0 0 0 16 16 45 36 4 0 33 4 0 3 14 4
90 100 100 100 100 98 91 100 82 89 100 98 96 100 100 100 100 71 39 87 50 26 29 100 100 100 100 67 0 0 49 38 0 0 0 0 0 2 27 19 40 17 16 18 70 97 89 91 75 97 96 96 96 100 100 82 7 89 5 0 0 4 56 39 92 78 50 28 54 95 99 100 67 68 43 3 0 15 4 0 0 0 1 0 0 1 8 17 10 42 2 1 5 3 13 23
90 100 100 100 100 82 51 100 100 100 98 100 100 100 100 100 100 66 48 78 92 49 8 51 100 100 100 71 46 45 5 56 49 3 3 7 1 1 0 0 54 67 47 41 32 100 100 100 98 100 100 100 99 100 100 68 6 50 0 5 0 0 25 62 82 81 54 17 76 100 100 100 95 16 3 0 0 0 0 13 0 0 14 0 1 56 35 94 23 0 0 33 4 0 19 18
90 100 100 100 100 97 98 100 100 100 100 100 100 100 100 100 96 89 85 84 69 18 47 94 100 100 100 100 100 100 96 100 100 64 39 59 75 93 50 20 83 40 31 33 94 98 100 100 97 100 100 98 91 100 100 83 20 59 0 0 1 3 10 19 80 69 27 27 58 95 100 80 19 0 0 0 0 38 67 53 32 0 0 0 0 7 24 33 6 1 15 39 27 0 0 2
90 100 100 100 98 74 96 100 100 100 100 100 100 100 100 100 94 96 64 36 71 26 56 93 97 95 98 74 100 100 100 100 81 27 63 75 51 57 86 24 66 60 51 49 50 61 87 89 97 100 100 100 100 100 100 100 85 32 18 75 90 86 50 21 72 22 7 3 42 100 91 70 22 0 0 0 0 0 0 15 0 0 0 0 0 0 0 0 0 0 1 63 78 3 4 69
90 100 100 100 100 97 97 98 100 100 100 100 100 100 100 100 100 45 22 44 73 15 42 96 67 12 38 51 100 100 99 96 47 3 50 30 40 17 38 12 71 88 57 43 23 5 0 45 91 97 100 100 100 100 84 62 24 1 44 97 97 99 71 79 75 65 2 2 54 81 5 0 9 0 0 0 0 0 0 0 0 0 0 0 0 0 0 0 0 0 0 0 3 0 8 98
90 100 100 100 100 100 100 100 100 100 100 100 100 100 100 100 100 69 90 82 29 0 10 85 57 31 0 0 51 100 93 94 49 1 11 34 7 32 1 5 18 13 9 50 53 61 41 9 8 79 100 100 100 71 0 0 71 37 69 75 84 97 99 86 100 78 13 73 100 87 27 3 0 10 30 0 0 0 0 0 0 0 0 0 0 0 0 0 0 0 0 0 0 0 0 73
90 100 100 100 100 100 100 100 100 100 100 100 96 81 71 82 68 54 33 20 2 0 9 13 16 0 0 0 16 89 56 48 37 34 66 41 59 72 71 97 45 54 3 36 79 100 92 83 45 72 96 100 100 54 0 2 78 64 83 52 38 4 14 32 57 38 58 97 81 100 67 24 20 63 88 8 0 0 0 0 0 0 0 0 0 0 0 0 0 0 0 0 0 0 0 22
90 96 94 100 100 97 99 100 100 100 100 94 100 100 100 100 98 96 74 33 13 5 1 7 3 13 14 10 84 73 67 1 10 88 69 86 98 99 100 100 100 69 34 88 75 28 18 56 64 100 100 94 100 27 24 0 0 1 81 100 61 0 0 0 1 7 71 88 87 55 45 58 54 16 5 0 0 0 0 0 0 0 0 0 0 0 0 0 0 0 0 0 0 0 0 0
80 100 59 92 100 97 68 73 100 100 100 77 100 100 100 100 100 90 84 76 75 31 0 0 0 0 7 71 43 79 100 62 75 74 35 86 70 96 100 100 84 48 91 97 97 34 1 78 94 78 49 24 68 48 44 25 26 0 37 99 15 0 0 15 9 50 100 99 58 3 60 54 6 1 0 0 0 0 0 0 0 0 0 0 0 0 0 0 0 0 0 0 0 0 0 0
90 100 28 94 100 100 100 94 100 100 100 100 100 100 100 100 100 76 0 7 2 1 0 0 0 0 22 47 34 98 100 94 40 14 93 99 44 76 96 100 100 90 97 91 95 73 16 49 88 60 0 4 40 39 48 96 79 46 95 91 7 0 0 4 13 21 88 60 98 92 75 3 0 0 0 0 0 0 0 0 0 0 0 0 0 0 0 0 0 0 0 0 0 0 0 0
82 98 91 100 100 100 100 100 100 100 100 100 100 100 100 100 100 100 22 3 33 17 19 26 11 19 11 0 0 22 90 89 52 35 100 100 93 88 83 99 81 43 11 41 7 7 3 1 16 24 2 3 55 60 52 71 69 25 11 10 0 0 0 14 74 77 42 79 78 98 40 5 0 0 0 0 0 0 0 0 0 0 0 0 0 0 0 0 0 0 0 0 0 0 0 0
90 100 100 100 100 100 100 100 100 100 100 100 100 98 98 91 95 82 13 9 56 40 6 37 35 26 34 43 10 0 4 12 29 30 90 89 26 61 47 52 9 0 0 27 12 51 59 7 0 0 0 0 26 32 11 25 22 3 0 0 0 0 0 5 82 93 10 64 98 100 100 79 2 6 34 41 0 0 0 0 0 0 0 0 0 0 0 0 0 0 0 0 0 0 0 0
87 100 100 100 100 100 100 100 100 100 100 100 100 100 92 93 98 100 23 14 42 72 78 89 65 23 18 56 52 29 2 28 1 19 61 60 27 0 14 61 3 23 24 23 24 51 18 21 5 0 0 0 0 2 17 25 1 0 20 0 0 1 1 8 87 99 47 90 100 98 91 100 91 99 100 100 33 0 0 0 0 0 0 0 0 0 0 10 45 1 0 0 0 0 0 0
87 90 99 83 100 87 84 100 100 100 100 100 100 100 97 98 100 73 1 0 54 80 89 100 97 29 44 47 1 21 77 96 90 77 42 30 24 4 2 18 34 57 45 31 51 91 95 62 20 1 3 46 51 34 55 60 7 9 86 17 13 18 32 50 92 99 50 100 100 100 100 100 100 100 100 100 80 1 1 7 46 59 17 0 0 0 0 12 1 0 0 0 0 0 0 0
70 90 91 61 95 57 18 91 95 98 100 100 100 100 100 100 76 50 58 19 66 94 83 93 100 73 65 5 51 97 80 93 100 100 100 88 51 33 81 99 99 72 3 24 53 38 99 51 74 75 46 54 100 87 92 53 0 0 49 1 3 3 11 26 43 61 56 99 100 100 100 100 100 100 100 100 53 5 21 87 43 78 73 1 0 0 0 3 30 4 2 0 2 21 21 25
87 98 73 13 47 70 44 30 92 100 100 100 100 92 87 98 96 97 100 76 55 36 100 92 97 50 16 78 40 88 100 100 100 100 99 100 100 100 100 100 100 100 31 12 24 18 96 50 100 100 100 100 100 69 54 95 74 59 17 0 0 28 57 100 79 92 100 100 100 100 100 100 100 100 100 100 98 55 38 97 87 76 62 35 0 0 0 0 1 1 0 21 62 100 100 100
84 96 64 59 60 100 98 70 100 100 100 100 100 100 100 100 100 100 100 100 79 80 85 53 53 83 95 79 100 100 100 100 100 100 99 100 100 100 100 100 99 57 8 9 14 19 10 90 100 100 100 100 100 100 100 100 100 46 0 0 9 37 98 98 95 100 94 93 100 100 100 100 100 100 100 100 100 93 75 100 100 100 74 27 9 0 0 0 18 28 51 93 100 100 100 100
73 95 88 79 54 57 93 100 100 100 100 100 100 100 100 100 100 100 100 100 83 75 68 2 53 100 100 95 100 100 100 99 85 95 87 83 78 80 95 100 84 86 91 67 35 72 87 100 100 100 100 100 100 100 100 100 100 98 54 59 82 94 100 100 100 100 100 100 100 100 100 100 100 100 100 100 100 62 1 65 100 91 0 5 16 2 27 60 96 61 91 100 100 100 100 100
32 24 97 100 98 89 86 100 100 100 100 100 100 98 100 100 100 100 100 100 93 59 10 24 84 97 100 100 100 100 100 100 100 100 99 73 68 91 98 96 100 100 100 100 100 100 100 100 100 100 100 97 96 98 100 100 100 100 100 96 100 100 100 100 100 100 100 100 100 100 100 100 100 100 100 100 100 99 32 19 51 36 2 27 10 83 100 100 100 100 100 100 100 100 100 100
85 15 77 100 100 100 100 100 100 100 100 100 100 100 100 100 100 100 100 93 78 76 98 99 100 100 100 100 100 100 100 100 99 91 100 96 75 63 71 98 100 98 100 100 100 100 100 100 100 100 100 78 85 100 100 100 100 100 100 91 100 100 100 100 100 100 100 100 100 100 100 100 100 100 100 86 100 100 69 0 0 0 0 4 46 100 100 100 100 100 100 100 100 100 100 100
73 37 58 100 100 100 100 100 100 100 100 100 100 100 100 100 100 98 45 58 100 100 100 100 100 100 100 100 100 100 100 81 46 34 95 79 99 93 88 98 100 98 100 100 100 100 100 100 100 100 100 100 100 100 98 100 100 100 100 100 98 100 100 100 100 100 100 100 100 100 100 100 100 100 100 86 100 82 17 0 0 0 0 14 59 100 100 100 100 100 100 100 100 100 100 100
85 3 51 100 100 100 100 100 100 100 100 100 100 100 100 100 83 55 90 100 100 100 100 100 100 100 100 100 100 100 100 100 80 54 66 100 100 97 98 100 100 100 100 100 100 100 100 100 100 99 97 100 100 100 100 100 100 99 99 97 96 98 95 100 100 100 100 100 100 100 100 100 100 100 100 100 98 99 68 0 0 0 2 78 68 95 99 100 100 100 100 100 100 100 100 100
90 90 100 100 100 100 100 100 100 100 100 100 100 100 100 74 42 100 100 100 100 100 100 100 100 100 100 100 100 100 100 100 100 93 100 96 100 74 98 100 100 100 100 100 100 100 100 100 100 100 100 100 100 100 100 100 100 100 100 100 100 100 100 100 100 100 100 100 100 100 100 100 100 100 100 100 98 64 10 0 0 0 2 25 3 0 70 100 100 100 100 100 100 100 100 100
90 100 100 100 100 100 100 100 100 100 100 100 100 100 100 97 54 99 100 100 100 100 100 100 100 100 100 100 100 100 100 100 100 100 100 100 100 100 100 100 100 99 100 100 100 100 100 100 100 100 100 100 100 100 100 100 100 100 100 100 100 100 100 100 100 100 100 100 100 99 100 100 100 100 100 100 100 50 3 0 0 0 0 0 38 57 82 100 100 100 100 100 100 100 100 100
90 100 100 100 100 100 100 100 100 100 100 99 100 100 100 100 98 82 92 100 100 100 100 100 100 100 100 100 100 100 100 100 100 100 100 100 100 100 100 100 92 51 54 93 100 100 100 100 100 100 100 100 100 100 100 100 100 100 100 100 100 100 100 100 100 100 100 100 100 71 94 100 100 100 100 100 100 100 61 0 0 0 0 0 61 100 100 100 100 100 100 100 100 100 100 100
90 100 100 100 100 100 100 100 100 98 100 90 98 100 100 100 100 99 62 74 98 100 100 100 100 100 100 100 100 100 100 100 100 100 100 100 100 100 100 81 85 30 28 71 100 96 98 100 100 100 100 100 100 100 100 100 100 100 100 100 98 95 100 100 99 100 96 92 94 95 100 100 100 100 100 100 100 100 100 55 1 0 0 0 56 100 100 100 100 100 100 100 100 100 100 100
90 100 100 100 100 100 100 100 100 100 92 100 100 100 100 100 96 80 99 28 70 100 100 100 100 100 100 100 100 100 100 100 100 100 100 100 100 100 65 39 100 68 86 90 88 98 99 100 100 100 100 100 100 100 100 100 100 75 96 100 100 97 100 100 74 81 100 78 54 91 97 100 77 85 100 100 100 100 100 100 92 74 70 59 45 100 100 100 100 100 100 100 100 100 100 100
90 100 100 100 100 100 100 100 100 100 100 100 100 100 100 100 67 16 78 67 40 90 96 99 100 100 100 100 100 100 100 100 100 100 100 100 100 92 39 26 61 26 74 97 59 69 97 100 100 100 100 100 100 100 100 100 78 8 21 37 50 98 80 65 11 71 98 36 1 14 86 87 92 92 100 100 100 100 100 100 100 100 100 93 30 100 100 100 100 100 100 100 100 100 100 100
90 100 100 100 100 100 100 100 100 100 100 100 100 100 100 100 87 76 92 98 85 39 94 67 100 100 100 100 100 100 100 100 100 100 100 100 100 100 93 18 30 25 64 87 33 58 93 100 100 100 100 100 100 100 92 62 25 1 11 11 5 15 32 3 13 37 97 57 24 32 57 79 80 100 100 100 98 100 100 100 100 100 100 95 13 66 100 95 100 100 100 100 100 100 100 100
90 100 100 100 100 100 100 100 100 100 100 100 100 100 100 100 100 91 74 95 88 39 43 95 100 100 100 100 100 100 100 100 100 100 100 100 100 100 72 66 50 47 86 87 13 56 93 98 100 95 100 100 100 82 36 4 70 87 90 7 1 37 26 4 20 2 27 22 52 53 85 97 100 100 90 46 48 100 100 100 100 100 100 100 84 35 34 90 100 100 100 100 100 100 100 100
90 100 100 100 100 100 100 100 100 100 100 100 100 100 100 100 100 96 83 80 98 78 29 49 100 100 100 100 100 100 89 98 95 100 96 87 100 100 94 41 26 44 93 82 31 43 50 74 88 84 95 91 100 53 1 3 98 100 95 20 20 2 18 12 0 6 1 24 95 83 95 98 99 87 24 18 86 100 100 100 100 100 100 100 100 100 97 70 61 74 98 100 100 100 100 100
90 100 100 100 100 100 100 100 100 100 100 100 100 100 100 100 80 96 95 100 100 89 85 46 83 98 100 100 100 100 100 100 100 100 100 84 92 100 100 70 52 73 94 71 72 44 47 61 69 93 97 94 99 25 1 2 84 100 100 69 40 13 31 1 0 1 12 71 100 100 100 91 32 18 11 32 96 98 95 89 83 100 100 99 100 86 94 100 99 64 32 51 94 100 100 100
90 100 100 100 100 100 100 100 100 100 100 100 100 100 100 100 97 92 84 100 96 94 90 91 95 88 97 100 100 100 100 100 100 100 100 100 100 100 100 100 100 100 100 89 73 72 81 85 84 100 99 100 79 55 12 1 84 100 100 93 53 26 29 0 10 66 46 90 100 100 100 78 11 9 23 51 99 100 63 40 6 37 72 37 26 19 8 56 92 100 99 61 19 68 100 100
