data/outputs/Sarzedas de Sao Pedro/2015/resolution_1/CONT_SPEC_1_15.asc
ncols         100
nrows         100
xllcorner     -8.224023584583
yllcorner      39.953368546911
cellsize       0.000134898240
NODATA_value  -9999
[rows 0 to 28 of 100, columns 0 to 65 of 100]
0.0000 0.004444 0.0000 0.0000 0.0000 2.648889 5.597778 5.6000 5.6000 5.113333 3.677778 3.802222 2.848889 1.422222 0.042222 0.0000 0.117777 2.615556 5.6000 5.6000 5.597778 4.884444 5.591111 4.462222 5.455556 4.502222 3.111111 1.171111 0.253333 0.622222 0.846666 0.0000 0.124444 0.977777 1.988889 4.502222 2.811111 4.18000 5.591111 2.273333 2.597778 0.228888 0.715555 3.0000 4.586667 1.52000 3.68000 4.517778 5.162222 3.4000 3.54000 4.328889 5.488889 5.6000 4.553333 3.662222 3.513333 1.857778 5.591111 5.6000 3.111111 1.137778 1.946667 0.0000 0.713333 2.328889
0.031111 0.0000 0.897777 0.0000 0.0000 0.0000 4.357778 5.608889 5.973333 5.182222 3.255556 3.237778 2.371111 1.208889 0.0000 0.264444 3.231111 5.771111 5.955556 5.991111 5.737778 4.335556 3.646667 0.72000 1.1000 0.446666 0.973333 0.897777 0.342222 0.208888 0.008888 0.004444 0.093333 0.937777 2.748889 4.602222 5.902222 5.604444 4.031111 0.633333 0.255555 0.064444 0.2000 0.26000 1.808889 1.497778 1.484444 0.548888 1.611111 0.548888 4.702222 5.991111 5.615556 3.817778 1.135556 0.724444 0.111111 0.626666 2.18000 5.582222 5.511111 1.22000 0.128888 0.135555 0.0000 0.033333
1.2000 1.626667 1.204444 0.0000 0.0000 1.384444 2.493333 5.868889 5.728889 4.033333 3.606667 1.94000 1.682222 2.357778 1.477778 1.942222 4.773333 5.908889 5.044444 5.797778 4.702222 0.017777 0.155555 0.0000 0.0000 0.0000 0.0000 0.0000 0.0000 0.002222 0.0000 0.0000 0.104444 0.26000 1.404444 4.324444 5.822222 5.417778 0.793333 0.008888 0.0000 0.008888 0.0000 0.044444 0.268888 0.428888 0.115555 0.0000 0.571111 2.924444 4.882222 3.115556 0.973333 1.993333 0.626666 1.331111 2.826667 1.642222 2.191111 2.671111 2.826667 0.348888 0.035555 2.711111 0.04000 0.102222
3.877778 2.22000 0.017777 1.94000 2.211111 0.488888 0.937777 2.302222 5.253333 4.988889 5.357778 3.624444 4.735556 4.711111 3.673333 2.115556 1.068889 1.531111 3.424444 4.888889 3.637778 1.8000 1.908889 2.693333 2.191111 3.122222 2.248889 0.935555 0.697777 0.175555 0.0000 0.026666 0.164444 0.022222 0.384444 2.915556 6.0000 5.202222 0.364444 0.04000 0.08000 0.115555 0.56000 0.128888 0.044444 0.044444 0.651111 2.366667 4.322222 2.306667 4.173333 0.48000 0.0000 0.668888 2.291111 2.862222 1.54000 0.273333 0.0000 0.0000 0.0000 0.0000 0.513333 1.084444 0.488888 2.402222
5.368889 4.56000 0.06000 5.653333 6.0000 5.144444 3.695556 3.102222 1.924444 2.017778 3.017778 3.937778 3.96000 2.813333 4.813333 2.691111 3.291111 2.94000 1.828889 0.328888 1.904444 3.728889 3.877778 3.457778 1.002222 0.433333 0.111111 0.088888 0.0000 0.026666 1.357778 1.495556 0.44000 0.448888 0.351111 2.268889 5.764444 5.462222 2.555556 0.006666 0.02000 0.008888 0.0000 0.0000 0.0000 0.0000 1.84000 3.704444 0.142222 0.533333 0.104444 0.006666 1.186667 1.273333 2.695556 1.262222 0.0000 0.0000 0.0000 0.131111 1.831111 3.831111 5.891111 5.557778 3.486667 2.277778
2.3000 1.92000 2.315556 5.862222 6.0000 3.837778 1.595556 0.671111 0.586666 3.177778 3.151111 2.557778 1.688889 0.506666 2.044444 2.324444 2.186667 3.16000 2.082222 0.655555 0.335555 0.724444 0.088888 1.813333 0.051111 0.0000 0.0000 0.086666 0.537777 2.188889 2.131111 2.188889 1.864444 3.242222 0.188888 0.948888 4.806667 6.0000 5.58000 1.035556 0.131111 0.062222 0.037777 0.004444 0.077777 0.0000 0.004444 0.571111 0.0000 0.0000 0.0000 2.044444 1.96000 0.52000 0.0000 0.0000 0.048888 0.028888 0.551111 2.777778 5.351111 6.0000 6.0000 6.0000 6.0000 6.0000
0.0000 0.0000 3.233333 4.275556 5.348889 0.591111 0.74000 0.182222 0.604444 4.268889 5.14000 5.113333 4.993333 2.104444 2.464444 3.486667 4.966667 5.92000 5.991111 5.964444 5.484444 2.133333 1.3000 0.115555 0.0000 0.0000 0.062222 1.133333 3.315556 4.611111 0.346666 1.031111 1.18000 3.28000 0.671111 1.535556 2.253333 6.0000 5.982222 5.56000 2.317778 2.348889 1.273333 0.373333 0.6000 0.0000 0.006666 0.0000 0.0000 0.053333 0.026666 0.708888 0.0000 0.042222 0.266666 1.173333 2.128889 2.3000 2.768889 5.22000 5.4000 6.0000 5.964444 5.011111 6.0000 6.0000
1.58000 0.084444 2.744444 0.668888 3.271111 0.615555 0.375555 1.713333 1.384444 3.822222 3.633333 0.473333 1.62000 0.617777 2.504444 3.186667 3.077778 4.904444 5.884444 3.333333 1.826667 1.12000 1.451111 4.688889 0.864444 3.046667 3.988889 5.3000 5.991111 3.948889 0.826666 4.164444 1.804444 0.437777 2.235556 2.555556 5.295556 6.0000 5.415556 2.035556 0.522222 0.146666 0.168888 0.175555 0.0000 0.097777 0.126666 0.031111 0.128888 0.16000 0.008888 3.017778 3.177778 4.988889 3.137778 3.093333 2.955556 2.217778 3.453333 5.955556 6.0000 6.0000 5.717778 4.033333 6.0000 6.0000
0.442222 2.188889 1.957778 2.384444 0.96000 0.008888 0.488888 4.48000 4.315556 0.777777 0.0000 1.531111 1.162222 0.637777 4.702222 5.748889 5.92000 5.86000 5.504444 4.417778 2.571111 4.84000 3.6000 5.206667 4.831111 2.94000 5.886667 5.882222 3.213333 3.98000 5.611111 5.457778 3.304444 0.082222 2.04000 2.777778 5.711111 6.0000 3.68000 0.284444 0.006666 0.0000 0.0000 0.0000 2.186667 3.52000 0.497777 0.124444 2.297778 0.333333 0.222222 4.16000 6.0000 5.66000 4.56000 5.053333 4.851111 4.511111 3.897778 3.7000 5.691111 5.808889 3.788889 4.284444 6.0000 6.0000
0.0000 1.457778 2.36000 4.973333 3.562222 3.775556 1.151111 0.988888 3.928889 2.991111 1.546667 4.664444 5.964444 3.386667 4.853333 6.0000 6.0000 6.0000 6.0000 5.993333 5.797778 5.488889 6.0000 6.0000 6.0000 5.497778 3.946667 5.228889 5.971111 4.668889 5.817778 5.508889 5.04000 2.315556 1.002222 3.997778 4.066667 4.735556 4.171111 0.511111 0.024444 0.0000 0.0000 0.044444 4.72000 5.346667 0.64000 2.175556 1.355556 2.042222 3.551111 4.026667 5.573333 4.288889 2.82000 4.206667 5.324444 3.573333 4.262222 4.337778 1.115556 3.44000 3.373333 5.088889 6.0000 6.0000
0.042222 0.826666 0.608888 0.282222 4.52000 4.162222 5.655556 3.871111 4.768889 5.255556 4.262222 2.253333 5.857778 4.404444 6.0000 6.0000 6.0000 6.0000 6.0000 6.0000 5.946667 6.0000 6.0000 6.0000 6.0000 6.0000 5.806667 2.8000 2.693333 5.771111 6.0000 5.068889 4.195556 3.415556 0.031111 0.0000 0.0000 1.555556 5.728889 2.58000 0.16000 0.171111 0.0000 1.891111 5.982222 5.164444 1.484444 1.182222 3.255556 0.8000 4.546667 3.504444 3.648889 1.648889 2.268889 2.413333 3.56000 1.817778 3.973333 4.168889 1.826667 4.54000 5.946667 6.0000 6.0000 6.0000
1.315556 0.437777 1.328889 0.455555 3.128889 4.915556 5.728889 6.0000 5.76000 5.908889 5.564444 4.184444 4.224444 5.273333 5.946667 6.0000 6.0000 6.0000 6.0000 6.0000 6.0000 6.0000 6.0000 6.0000 6.0000 6.0000 6.0000 5.726667 3.942222 1.573333 2.406667 5.26000 5.693333 4.664444 0.12000 0.011111 0.377777 3.648889 6.0000 4.96000 3.288889 1.791111 1.195556 4.895556 6.0000 3.744444 3.791111 3.604444 2.122222 2.635556 4.924444 3.88000 5.26000 4.702222 3.4000 0.057777 1.022222 1.668889 2.948889 2.988889 2.975556 4.964444 6.0000 6.0000 6.0000 6.0000
0.508888 2.055556 1.028889 0.382222 0.271111 3.115556 5.644444 5.764444 5.893333 5.946667 4.6000 5.117778 4.98000 5.846667 3.146667 2.955556 5.955556 6.0000 6.0000 6.0000 6.0000 6.0000 6.0000 6.0000 6.0000 5.955556 5.893333 4.166667 3.506667 5.973333 4.468889 1.762222 3.857778 5.802222 1.731111 0.031111 0.922222 5.831111 6.0000 5.946667 5.573333 0.655555 2.98000 5.92000 6.0000 5.902222 6.0000 4.186667 1.111111 1.671111 5.588889 5.335556 6.0000 5.946667 5.897778 3.955556 1.766667 0.026666 0.195555 0.977777 4.646667 4.891111 6.0000 6.0000 6.0000 6.0000
2.92000 4.295556 2.533333 1.302222 0.413333 0.448888 4.02000 6.0000 6.0000 6.0000 6.0000 5.495556 4.397778 5.655556 4.722222 6.0000 6.0000 6.0000 6.0000 6.0000 6.0000 6.0000 6.0000 6.0000 6.0000 6.0000 5.973333 4.035556 5.968889 5.946667 6.0000 5.86000 1.411111 0.253333 0.0000 0.262222 4.464444 6.0000 6.0000 5.795556 5.817778 3.864444 3.482222 5.733333 5.351111 6.0000 6.0000 3.888889 2.757778 4.646667 5.391111 5.824444 6.0000 6.0000 6.0000 6.0000 5.74000 1.984444 0.084444 0.462222 3.704444 4.713333 6.0000 6.0000 6.0000 6.0000
1.337778 2.708889 0.58000 1.597778 0.702222 0.0000 0.013333 2.277778 5.686667 6.0000 6.0000 6.0000 5.944444 6.0000 6.0000 6.0000 6.0000 6.0000 6.0000 6.0000 6.0000 6.0000 6.0000 6.0000 6.0000 6.0000 5.815556 5.922222 5.94000 6.0000 6.0000 4.713333 1.522222 4.091111 0.382222 2.891111 6.0000 6.0000 5.991111 5.706667 5.635556 5.955556 5.624444 5.937778 5.951111 6.0000 6.0000 5.248889 4.362222 4.868889 5.622222 6.0000 6.0000 6.0000 5.946667 6.0000 6.0000 5.184444 2.897778 2.004444 0.066666 2.288889 6.0000 6.0000 5.431111 5.182222
3.062222 2.96000 0.682222 1.035556 0.177777 0.673333 3.517778 2.664444 2.024444 5.053333 6.0000 6.0000 6.0000 5.991111 5.737778 5.804444 6.0000 6.0000 6.0000 6.0000 6.0000 6.0000 6.0000 6.0000 6.0000 6.0000 5.948889 5.984444 5.997778 6.0000 5.542222 3.622222 2.926667 6.0000 4.626667 1.94000 5.935556 6.0000 6.0000 6.0000 5.982222 5.9000 5.566667 5.871111 6.0000 5.897778 6.0000 6.0000 5.946667 5.88000 4.993333 4.986667 6.0000 6.0000 6.0000 6.0000 6.0000 6.0000 6.0000 5.184444 4.404444 1.666667 5.422222 5.844444 4.297778 2.58000
3.946667 4.111111 2.351111 2.504444 3.971111 2.993333 5.793333 6.0000 6.0000 6.0000 6.0000 6.0000 6.0000 6.0000 6.0000 6.0000 6.0000 5.666667 6.0000 6.0000 6.0000 5.991111 5.937778 6.0000 6.0000 6.0000 6.0000 6.0000 6.0000 6.0000 5.911111 2.331111 2.486667 6.0000 6.0000 3.755556 3.124444 6.0000 6.0000 6.0000 6.0000 6.0000 6.0000 6.0000 5.475556 6.0000 5.946667 6.0000 5.677778 2.551111 0.293333 2.102222 3.197778 5.748889 6.0000 6.0000 6.0000 5.902222 6.0000 6.0000 5.991111 3.104444 1.06000 2.371111 2.313333 0.055555
1.435556 6.0000 6.0000 5.122222 5.348889 5.751111 6.0000 6.0000 6.0000 5.831111 5.955556 6.0000 6.0000 6.0000 6.0000 6.0000 6.0000 6.0000 6.0000 6.0000 6.0000 5.822222 5.351111 5.631111 6.0000 6.0000 6.0000 6.0000 6.0000 6.0000 5.666667 3.986667 5.253333 5.893333 5.991111 5.997778 2.393333 4.957778 5.728889 6.0000 6.0000 6.0000 6.0000 6.0000 6.0000 6.0000 6.0000 5.946667 3.762222 3.553333 2.748889 0.482222 0.597777 4.511111 5.315556 4.02000 5.431111 5.153333 6.0000 6.0000 6.0000 4.375556 1.055556 1.508889 1.313333 1.497778
0.217777 4.9000 6.0000 5.862222 5.906667 6.0000 6.0000 6.0000 5.902222 6.0000 5.991111 5.946667 6.0000 6.0000 6.0000 6.0000 6.0000 6.0000 6.0000 6.0000 6.0000 5.853333 5.511111 3.926667 3.982222 3.9000 5.28000 3.404444 3.855556 4.26000 4.395556 4.504444 5.862222 3.68000 4.466667 4.764444 4.604444 0.488888 4.726667 6.0000 6.0000 6.0000 6.0000 6.0000 5.991111 5.52000 5.5000 5.862222 5.893333 4.604444 1.862222 2.886667 4.628889 5.484444 4.644444 4.762222 4.795556 2.671111 5.484444 6.0000 6.0000 5.948889 2.633333 2.466667 5.546667 5.991111
0.897777 2.355556 6.0000 5.884444 5.902222 5.937778 6.0000 6.0000 6.0000 5.948889 5.62000 5.62000 6.0000 6.0000 6.0000 6.0000 6.0000 6.0000 6.0000 6.0000 5.902222 6.0000 6.0000 5.991111 3.055556 1.964444 5.684444 5.713333 4.171111 5.5000 5.513333 4.822222 5.471111 2.973333 5.655556 5.902222 5.193333 2.955556 1.571111 5.735556 6.0000 6.0000 6.0000 6.0000 6.0000 5.902222 4.34000 5.548889 5.751111 5.884444 5.131111 5.351111 6.0000 5.671111 3.788889 5.717778 5.797778 3.082222 4.62000 5.762222 6.0000 5.913333 3.484444 4.942222 5.264444 5.946667
2.931111 0.688888 5.864444 6.0000 5.991111 6.0000 6.0000 6.0000 6.0000 6.0000 5.817778 5.842222 6.0000 6.0000 6.0000 6.0000 6.0000 6.0000 6.0000 6.0000 5.92000 5.946667 5.917778 5.422222 3.571111 3.471111 3.984444 5.002222 2.284444 5.133333 4.486667 0.726666 1.473333 0.135555 1.533333 5.484444 5.991111 2.888889 3.7000 1.497778 5.193333 6.0000 6.0000 6.0000 5.946667 5.031111 3.871111 4.322222 5.991111 6.0000 6.0000 5.717778 5.584444 5.902222 4.482222 5.2000 5.393333 3.428889 2.946667 5.864444 6.0000 5.908889 1.764444 4.106667 4.571111 5.357778
5.111111 0.115555 4.857778 5.937778 5.955556 6.0000 6.0000 5.993333 5.962222 6.0000 6.0000 5.946667 6.0000 6.0000 6.0000 6.0000 5.62000 6.0000 6.0000 6.0000 5.617778 6.0000 5.04000 3.571111 5.342222 5.866667 5.991111 3.857778 0.064444 0.104444 0.288888 0.0000 0.0000 0.0000 1.106667 4.957778 4.082222 0.973333 4.446667 5.2000 1.613333 4.273333 6.0000 6.0000 6.0000 2.824444 2.995556 5.733333 5.097778 6.0000 6.0000 5.946667 5.686667 6.0000 6.0000 5.822222 5.715556 4.973333 5.375556 6.0000 6.0000 6.0000 3.313333 2.893333 0.417777 0.022222
5.328889 1.242222 2.844444 6.0000 5.946667 6.0000 6.0000 5.997778 5.922222 5.586667 5.84000 5.506667 6.0000 6.0000 6.0000 6.0000 5.691111 6.0000 6.0000 4.84000 5.653333 5.466667 2.477778 3.971111 3.333333 5.991111 5.951111 2.544444 0.008888 0.0000 0.0000 0.0000 0.0000 0.0000 0.031111 1.291111 1.004444 3.211111 2.977778 3.606667 5.126667 1.951111 3.788889 6.0000 6.0000 5.9000 5.777778 5.782222 4.42000 5.933333 4.982222 5.555556 5.057778 5.957778 6.0000 5.862222 5.946667 4.715556 5.711111 6.0000 6.0000 6.0000 5.988889 5.944444 5.404444 4.313333
5.502222 3.608889 0.793333 5.891111 6.0000 5.644444 5.848889 5.768889 5.535556 5.991111 5.671111 5.391111 6.0000 6.0000 6.0000 6.0000 5.351111 5.893333 6.0000 5.115556 5.831111 4.24000 5.346667 4.593333 4.848889 6.0000 6.0000 5.653333 2.868889 1.008889 0.48000 0.0000 0.0000 0.008888 0.522222 2.837778 0.526666 2.255556 1.195556 2.202222 5.704444 5.944444 2.373333 3.417778 5.864444 5.891111 6.0000 5.955556 5.822222 4.553333 4.246667 4.608889 4.617778 5.717778 6.0000 6.0000 5.991111 6.0000 6.0000 6.0000 6.0000 6.0000 5.251111 3.608889 4.077778 4.828889
5.6000 4.126667 0.0000 2.473333 4.28000 3.277778 4.393333 5.206667 4.431111 5.448889 2.18000 3.164444 5.655556 4.857778 4.42000 4.817778 5.922222 5.848889 6.0000 4.02000 2.442222 2.804444 5.571111 5.333333 5.46000 5.773333 5.782222 4.495556 4.453333 4.455556 4.291111 0.648888 0.0000 0.0000 0.971111 2.922222 0.188888 1.548889 3.866667 5.997778 6.0000 5.848889 5.113333 0.995555 4.12000 5.688889 4.475556 3.14000 5.9000 6.0000 3.662222 3.386667 5.693333 6.0000 6.0000 6.0000 5.831111 6.0000 6.0000 5.864444 6.0000 5.982222 3.74000 3.217778 2.742222 3.688889
5.477778 3.362222 0.0000 0.0000 0.671111 1.717778 5.471111 5.893333 5.257778 5.395556 3.673333 5.802222 5.808889 5.411111 4.168889 1.184444 2.824444 4.037778 5.78000 5.984444 5.702222 2.726667 4.673333 5.346667 5.742222 5.626667 5.511111 5.866667 5.58000 2.735556 4.117778 4.411111 0.56000 0.0000 0.057777 1.288889 0.924444 1.268889 4.411111 5.946667 5.871111 5.855556 5.551111 3.377778 1.715556 3.673333 4.048889 5.557778 2.804444 4.982222 5.622222 5.262222 2.508889 4.948889 4.675556 4.693333 4.937778 5.813333 4.526667 2.071111 2.024444 2.786667 5.417778 6.0000 6.0000 5.928889
5.206667 0.935555 0.0000 0.0000 0.0000 1.195556 5.253333 5.866667 5.333333 4.033333 4.72000 5.435556 5.153333 4.008889 4.462222 2.08000 4.804444 5.008889 4.826667 4.211111 3.177778 3.086667 3.035556 4.951111 6.0000 5.893333 6.0000 5.728889 5.386667 4.042222 2.784444 3.257778 1.082222 0.884444 0.342222 1.473333 2.037778 4.877778 4.875556 4.466667 5.306667 4.526667 5.653333 5.964444 5.013333 1.286667 4.224444 5.853333 5.588889 3.56000 2.393333 6.0000 5.777778 5.733333 5.8000 5.884444 6.0000 6.0000 6.0000 5.997778 3.673333 2.522222 6.0000 6.0000 6.0000 6.0000
4.544444 1.351111 0.0000 0.637777 2.337778 2.355556 4.424444 4.822222 4.246667 3.542222 5.54000 5.577778 3.513333 4.011111 3.855556 1.442222 2.62000 4.417778 5.357778 5.715556 5.346667 1.777778 5.453333 6.0000 6.0000 6.0000 5.84000 5.817778 5.142222 3.706667 2.526667 3.573333 1.268889 0.053333 0.013333 2.266667 5.357778 4.52000 5.057778 3.98000 5.524444 5.037778 5.737778 4.488889 4.92000 3.54000 0.166666 3.908889 4.526667 6.0000 5.64000 4.88000 6.0000 5.955556 6.0000 6.0000 5.737778 6.0000 6.0000 6.0000 5.697778 3.182222 5.991111 6.0000 6.0000 6.0000
2.844444 0.044444 0.753333 2.691111 2.262222 3.422222 4.793333 4.602222 3.942222 1.326667 4.708889 5.408889 4.166667 3.968889 2.228889 4.68000 5.188889 4.435556 5.386667 5.793333 3.226667 1.991111 3.113333 5.733333 5.582222 6.0000 5.806667 5.528889 3.746667 2.857778 1.317778 0.042222 0.0000 0.0000 0.028888 0.248888 2.317778 4.308889 1.962222 2.051111 3.033333 3.175556 2.557778 4.964444 4.42000 1.144444 0.0000 1.813333 2.148889 5.017778 5.997778 6.0000 6.0000 6.0000 5.662222 5.973333 6.0000 6.0000 3.831111 6.0000 6.0000 5.973333 6.0000 5.551111 4.973333 6.0000
