data/outputs/Sarzedas de Sao Pedro/2015/resolution_1/CONT_NORM_1_10.asc
ncols         150
nrows         150
xllcorner     -8.224023584583
yllcorner      39.953368546911
cellsize       0.000089932160
NODATA_value  -9999
[rows 0 to 56 of 150, columns 0 to 95 of 150]
0 0 0 0 0 0 0 26 69 90 90 90 90 89 84 43 85 51 66 47 15 1 0 0 0 9 45 90 90 90 90 75 78 90 89 80 90 90 62 42 27 4 10 1 22 23 9 0 2 0 14 26 52 86 35 16 78 90 84 28 78 11 7 4 3 81 84 50 30 83 86 90 90 82 82 68 46 60 86 90 90 90 57 73 86 20 53 90 90 90 63 11 24 51 6 0
0 0 0 0 0 0 0 0 4 87 100 100 100 95 94 94 67 78 31 26 4 0 0 0 11 46 89 100 100 100 100 100 100 100 69 48 81 56 52 56 77 21 7 13 0 0 0 0 1 10 40 54 34 97 94 86 100 100 67 15 12 4 2 20 9 38 76 39 12 13 38 29 52 21 8 54 88 100 100 100 91 39 37 33 30 1 27 81 99 100 96 24 18 15 3 0
1 0 0 16 18 0 0 0 0 52 100 85 99 100 70 31 41 36 38 58 11 0 6 4 57 83 99 100 98 100 100 62 66 59 6 0 0 0 1 2 2 1 0 1 0 0 0 0 1 3 10 30 63 77 100 92 94 72 13 1 0 4 0 2 0 0 5 10 47 31 7 8 31 35 2 81 100 100 95 85 33 17 18 13 3 1 9 6 57 99 100 55 22 3 0 5
15 0 22 29 1 0 0 14 15 24 91 100 98 85 68 58 60 36 13 31 40 30 9 44 95 98 100 98 99 100 100 28 1 6 0 0 0 0 0 0 0 0 0 0 0 0 0 0 1 3 6 25 61 76 94 99 92 25 0 0 0 0 0 0 0 2 1 0 1 1 4 0 0 14 34 67 94 45 8 48 53 8 10 18 50 43 26 31 49 87 81 38 0 0 9 30
52 43 31 15 0 0 0 1 23 39 30 100 100 83 53 66 72 14 51 62 43 45 20 39 14 80 69 50 61 100 71 2 10 0 0 0 0 3 16 12 13 2 16 0 1 0 0 0 2 0 3 0 24 70 100 100 69 7 0 0 0 4 0 7 5 0 0 26 1 0 0 4 37 91 78 100 72 4 0 3 0 24 47 29 52 31 13 8 6 1 0 0 0 0 29 51
70 52 50 1 9 64 65 23 13 24 0 28 73 99 92 78 100 61 87 82 97 79 45 35 13 20 10 52 92 66 74 64 32 48 53 72 66 60 55 50 37 5 10 2 3 0 0 1 6 0 0 5 12 66 100 100 88 12 1 1 1 2 0 5 9 0 0 0 0 3 29 77 78 31 17 63 30 0 0 1 24 38 33 59 21 1 0 0 0 0 0 0 0 9 29 5
90 99 73 0 37 100 100 100 91 96 48 49 26 12 42 70 92 77 66 52 52 91 83 12 42 45 48 39 20 12 11 77 54 73 86 48 27 15 3 4 3 1 0 0 0 1 26 25 3 0 0 1 9 46 93 95 85 46 1 0 0 0 0 0 0 0 0 0 0 36 72 80 5 0 19 4 0 0 0 7 15 66 60 18 0 0 0 0 0 0 1 22 53 96 100 83
65 90 45 0 68 100 100 100 51 14 29 34 38 49 60 24 1 22 53 35 20 63 90 65 71 71 87 55 10 10 12 66 29 4 71 37 5 5 1 0 0 0 0 0 28 32 79 24 14 55 31 14 2 57 96 100 100 85 42 4 1 0 0 0 0 0 1 0 0 1 12 20 0 0 1 0 0 1 51 32 28 4 0 0 0 0 0 0 0 25 84 100 100 100 100 100
7 57 5 21 99 95 100 100 46 35 31 4 2 6 55 61 73 57 42 11 6 2 25 15 12 29 30 23 4 12 2 0 0 0 10 18 0 0 0 0 0 3 9 30 36 29 10 41 49 35 38 1 1 10 58 100 100 100 51 15 1 3 2 1 0 0 2 0 0 0 1 8 0 0 0 0 9 67 40 12 0 0 0 0 0 2 1 14 28 62 78 100 100 100 100 100
0 0 0 31 85 97 97 44 7 2 0 0 2 3 86 87 93 95 98 55 50 17 52 71 79 97 100 100 98 100 92 76 16 5 0 0 0 0 0 0 1 14 16 92 75 2 4 15 36 10 85 8 2 32 12 79 100 100 99 84 17 34 39 23 11 2 19 4 0 0 0 0 0 0 0 1 6 21 0 0 0 0 0 4 30 34 50 68 49 94 88 94 100 100 100 100
4 0 0 48 30 34 99 51 6 13 26 3 5 91 100 100 33 46 41 50 10 42 49 46 37 80 100 100 95 88 84 58 4 32 71 22 4 0 12 22 35 72 92 93 42 4 14 61 15 0 43 40 2 34 54 96 100 97 83 67 55 26 17 19 15 2 0 0 0 4 1 0 0 0 8 0 0 0 0 16 41 50 47 68 39 48 29 20 81 96 99 97 100 100 48 67
55 0 3 51 20 14 40 18 8 3 33 32 19 16 56 79 4 2 25 15 8 25 80 57 71 56 89 100 69 44 25 9 33 0 61 94 26 24 81 81 77 93 100 98 63 18 36 87 55 6 2 59 6 80 92 100 100 92 85 5 5 9 1 2 2 0 0 1 2 0 0 1 4 1 0 0 24 89 70 93 89 45 35 40 41 30 60 45 100 100 100 100 100 100 76 87
17 0 52 47 26 35 30 1 0 1 59 96 76 18 0 0 0 8 7 22 7 60 84 99 97 99 95 86 78 60 21 44 79 35 54 91 85 36 74 100 100 96 64 81 86 95 78 95 83 25 0 33 61 68 100 100 100 73 17 1 0 0 0 0 0 0 10 54 42 18 0 1 41 14 0 0 18 98 100 100 91 67 88 82 86 91 74 57 50 89 100 100 100 76 52 78
0 0 63 44 50 62 36 15 2 0 7 49 99 94 33 0 5 98 69 35 38 82 96 100 100 100 100 100 100 98 97 86 100 100 100 100 100 91 38 65 100 100 64 43 40 100 100 97 39 38 7 0 52 32 90 100 100 88 14 0 0 0 0 0 0 2 63 98 76 2 2 21 35 33 20 18 19 89 100 97 90 64 69 88 74 57 70 88 83 42 44 64 74 54 42 83
0 0 21 20 65 91 62 70 95 43 0 13 56 24 52 51 28 100 100 80 61 88 91 100 100 100 100 100 100 100 98 85 91 100 100 100 100 100 99 71 59 95 100 100 92 93 93 89 100 89 23 13 44 65 54 47 79 98 29 4 1 0 0 0 0 0 70 87 92 23 11 51 31 30 24 84 75 48 89 89 52 55 21 91 96 64 74 59 61 79 16 31 73 78 58 100
0 9 16 0 0 0 62 95 81 100 60 48 68 78 91 75 31 33 97 98 65 100 100 100 100 100 100 100 100 100 100 98 100 100 100 100 100 100 100 100 55 22 52 96 100 100 98 67 68 46 73 1 0 0 0 0 38 97 72 26 6 1 0 0 0 29 99 100 90 29 18 8 36 51 1 63 75 55 63 69 22 33 26 61 80 23 24 63 43 81 38 29 94 98 100 100
5 21 2 24 0 26 96 49 57 97 100 100 100 100 86 92 94 40 98 98 76 100 100 100 100 100 100 100 100 100 100 100 100 100 100 100 100 100 100 100 100 96 21 20 64 97 100 100 93 82 44 0 0 0 0 0 39 100 100 34 0 11 19 0 5 86 100 100 50 19 23 30 61 40 38 81 82 54 63 40 20 47 12 16 33 75 58 86 92 74 67 31 93 100 100 100
17 16 14 48 1 2 27 69 91 93 100 100 91 100 100 100 74 72 57 64 88 98 100 100 100 100 100 100 100 100 100 100 100 100 100 100 100 100 100 100 100 90 89 64 19 5 46 90 89 100 80 5 0 0 6 41 86 100 100 95 80 82 6 16 63 100 100 100 44 70 97 83 46 16 42 74 82 66 98 100 98 88 23 0 0 2 8 24 29 36 51 35 100 100 100 100
14 21 46 32 1 9 4 35 70 100 100 95 99 100 98 75 61 100 69 89 100 73 32 41 98 100 100 100 100 100 100 100 100 100 100 100 100 100 98 96 100 56 25 99 99 76 21 21 82 100 98 51 0 1 0 54 100 100 100 98 94 68 3 33 94 100 100 100 96 100 95 75 40 0 37 91 90 89 100 100 98 100 79 41 9 1 1 2 0 4 57 61 100 100 100 100
13 44 37 27 0 7 4 0 35 94 87 98 97 100 100 100 88 79 98 100 85 35 54 98 100 100 100 100 100 100 100 100 100 100 100 100 100 100 100 100 97 47 81 100 100 100 99 63 4 33 52 14 0 0 12 98 100 100 100 100 100 48 7 12 73 99 96 100 100 100 98 32 17 4 65 99 80 94 100 100 100 100 100 100 93 31 0 0 14 42 99 80 92 100 100 100
30 94 67 50 51 21 11 0 0 36 93 100 100 100 100 100 100 94 46 96 100 99 100 100 100 100 100 100 100 100 100 100 100 100 100 100 100 100 100 100 80 78 100 98 100 100 100 98 37 18 0 0 0 10 82 100 100 100 100 92 98 95 84 80 88 100 90 89 100 100 96 58 61 71 87 87 100 100 100 100 100 100 100 100 100 74 48 3 0 0 20 87 77 100 100 100
18 64 32 4 18 28 15 0 0 0 11 74 100 100 100 100 100 100 98 100 100 100 100 100 100 100 100 100 100 100 100 100 100 100 100 100 100 100 100 100 100 100 98 100 100 100 100 76 15 67 36 0 0 60 100 100 100 100 100 99 100 98 100 88 99 98 98 100 100 100 93 79 57 65 75 86 100 100 100 100 100 98 100 100 100 100 70 49 37 16 0 6 51 100 100 100
10 25 70 28 9 23 12 1 12 7 7 1 44 96 100 100 100 100 100 100 100 100 93 100 100 100 100 100 100 100 100 100 100 100 100 100 100 100 100 99 90 98 99 100 100 100 100 54 14 89 100 49 0 89 100 100 100 100 98 92 87 100 100 98 100 95 100 100 100 100 100 100 100 98 100 100 100 100 100 100 100 100 100 100 100 100 100 79 80 52 13 30 53 100 100 100
69 66 25 5 8 22 5 1 12 75 86 57 31 40 92 100 100 100 100 100 100 92 100 98 100 100 100 100 100 100 100 100 100 100 100 100 100 100 100 100 100 100 100 100 100 99 83 33 28 96 100 100 48 23 98 100 100 100 100 100 100 100 96 84 100 100 100 100 96 100 100 100 100 98 98 74 68 82 100 100 100 100 100 100 100 100 100 100 100 91 98 41 25 99 74 100
59 94 35 4 15 30 60 31 22 92 100 100 100 100 100 100 100 100 100 100 100 100 100 100 100 100 88 100 100 100 100 100 100 100 100 100 100 100 100 100 100 100 100 100 100 100 76 37 43 81 100 100 99 28 46 100 100 100 100 100 100 100 100 100 100 100 89 92 100 98 100 100 100 100 36 3 30 56 76 86 100 100 100 100 100 100 98 100 100 100 100 91 45 23 30 63
17 100 100 99 96 62 83 94 97 100 100 100 100 98 98 100 100 100 100 100 100 100 100 100 100 100 100 100 100 100 100 100 93 96 83 100 100 100 100 100 100 100 100 100 100 100 68 16 28 90 100 100 100 88 10 74 100 100 100 100 100 100 100 100 100 100 100 100 100 100 100 100 80 20 32 3 0 0 0 28 96 100 100 92 92 100 98 100 100 100 100 86 37 15 27 0
0 76 100 100 100 93 92 98 99 100 100 100 100 98 98 98 100 100 100 100 100 100 100 100 100 100 100 100 100 100 100 100 100 89 92 100 100 100 100 100 100 100 100 100 100 100 84 90 100 98 98 100 100 100 77 16 96 90 100 100 100 100 100 100 100 100 100 100 100 100 100 98 83 58 74 79 34 5 1 56 85 74 91 43 99 69 87 100 100 100 100 98 74 6 44 17
0 31 100 100 100 96 100 100 100 100 100 100 96 100 100 100 100 100 100 100 100 100 100 100 100 100 100 100 100 100 100 100 95 94 69 41 56 64 73 99 59 53 72 98 100 100 84 67 98 82 51 63 82 76 99 35 4 69 100 100 100 100 100 100 100 100 100 90 95 88 95 100 97 100 84 17 74 18 49 95 97 87 94 64 69 57 35 96 100 100 100 100 99 29 64 20
11 5 85 100 100 98 97 100 100 100 100 100 100 100 98 98 93 100 100 100 100 100 100 100 100 100 100 100 100 100 100 100 100 100 100 100 89 31 58 96 87 83 61 27 47 60 73 98 100 99 67 97 83 90 63 41 0 49 100 100 100 100 100 100 100 100 100 100 97 70 98 100 100 83 76 47 30 85 100 95 84 26 83 99 95 77 32 53 100 100 100 100 99 30 69 55
30 0 53 100 100 96 99 98 98 100 100 100 100 100 100 100 87 93 100 100 100 100 100 100 100 100 100 100 100 100 96 100 100 100 100 100 51 19 44 88 97 93 67 95 100 83 74 82 98 61 19 93 95 100 96 99 62 2 57 100 100 100 100 100 100 100 100 100 97 88 60 98 91 100 100 100 100 100 100 100 98 68 92 97 100 78 70 82 97 93 100 100 97 79 84 77
65 0 26 98 100 100 100 100 100 100 100 100 100 100 100 93 100 94 100 100 100 100 100 100 100 100 100 100 100 100 100 100 98 100 100 98 46 59 28 35 88 65 37 87 98 100 42 12 46 13 0 16 80 81 100 98 52 69 9 41 98 100 100 100 100 100 100 100 99 80 78 54 100 100 100 100 100 92 90 98 100 82 52 91 84 77 68 54 76 95 100 100 97 12 79 82
88 12 0 90 100 100 98 100 100 100 100 100 100 100 100 100 100 100 100 100 100 100 100 100 100 100 100 100 100 100 88 98 100 100 91 59 82 99 100 100 100 85 12 3 46 34 16 3 0 0 0 6 80 100 100 49 8 73 87 26 23 90 100 100 100 100 98 99 16 21 82 100 93 100 100 100 100 97 95 92 100 98 95 93 99 63 70 42 96 100 100 100 100 19 10 52
90 51 0 64 100 98 100 100 100 100 100 100 99 100 100 100 98 100 100 100 100 100 100 100 86 100 100 100 100 100 97 100 100 84 58 58 75 98 97 100 85 50 1 0 0 0 0 0 0 0 0 0 39 89 84 5 27 62 91 98 45 9 77 100 100 100 100 96 34 41 79 100 86 88 100 100 100 98 95 99 100 100 100 95 98 100 73 94 100 100 100 100 100 82 62 54
90 60 0 27 100 100 98 100 100 100 100 100 100 93 100 100 83 99 100 100 100 100 100 100 92 100 100 100 100 99 91 98 96 33 63 64 43 88 100 100 79 41 0 0 0 0 0 0 0 0 0 0 0 36 25 21 65 47 33 73 87 68 5 71 100 100 100 97 99 92 94 97 93 74 100 98 100 99 75 100 100 100 99 99 100 98 52 89 100 100 100 100 100 100 100 100
86 99 21 5 93 100 100 100 100 100 100 100 98 91 100 98 89 94 100 100 100 100 100 100 93 85 100 100 89 67 100 98 51 52 79 47 58 90 100 100 84 57 15 0 0 0 0 0 0 0 0 0 16 35 6 36 68 73 31 25 74 100 70 8 59 100 100 100 100 100 100 100 99 51 98 57 100 66 79 79 98 100 99 98 100 100 100 100 100 100 100 100 100 100 94 91
87 100 45 0 57 100 100 89 98 98 93 95 83 99 100 91 85 100 100 100 100 100 100 100 99 91 100 100 95 73 95 98 68 96 94 87 80 98 100 100 100 95 58 60 12 18 0 0 0 0 0 0 53 35 1 4 36 11 10 71 100 100 100 78 4 64 100 91 100 100 100 99 100 85 79 45 96 67 76 96 98 100 100 100 100 100 100 100 100 100 100 100 100 78 72 45
90 100 48 0 3 58 71 48 66 65 67 91 63 79 88 33 34 71 100 78 94 97 100 100 100 100 97 100 99 40 29 76 43 100 86 83 98 84 94 98 97 52 70 60 87 75 14 0 0 0 0 0 66 10 1 10 22 35 91 100 100 96 98 97 40 5 77 100 100 86 55 54 100 100 100 67 19 70 95 100 100 100 100 100 94 100 100 100 100 100 100 100 100 84 40 60
90 100 64 0 0 32 39 55 58 90 95 100 85 93 97 49 42 75 91 97 67 59 33 41 56 83 95 100 100 86 59 50 31 99 90 100 95 95 91 96 85 97 100 62 63 98 79 53 1 0 0 0 28 78 12 41 22 70 98 100 100 100 100 100 62 15 4 77 79 47 75 47 67 99 100 85 97 64 50 80 100 100 100 100 100 100 100 89 67 78 88 81 82 45 95 65
85 96 23 0 0 0 0 4 33 94 90 96 87 84 94 79 73 100 100 98 89 65 41 11 61 48 58 92 100 100 100 80 45 78 65 84 97 98 96 92 96 99 99 69 36 47 70 68 17 3 0 0 2 13 21 2 17 65 100 100 100 90 100 87 96 64 58 7 68 84 100 100 52 30 89 86 99 86 66 42 86 73 61 67 67 92 95 94 37 27 5 27 47 100 100 100
86 56 1 0 0 0 0 0 31 74 98 100 98 88 82 58 93 96 95 96 64 81 60 31 75 95 94 73 64 60 72 36 66 47 34 95 100 100 98 100 100 90 88 82 63 37 21 55 10 10 14 10 4 39 17 40 86 73 95 85 90 78 78 89 100 99 87 39 4 77 100 95 92 85 49 29 88 100 94 96 100 100 88 100 100 100 100 100 100 100 51 17 38 100 100 100
90 91 2 0 0 3 12 0 26 85 96 88 60 80 21 91 92 83 82 48 79 79 33 21 54 72 76 82 100 94 75 20 52 64 95 100 100 100 98 100 100 100 91 96 41 63 62 86 53 22 8 1 0 38 71 92 85 83 75 37 84 88 62 88 100 92 100 68 44 8 80 100 100 99 68 51 78 77 100 96 94 100 100 100 100 92 100 100 100 100 100 80 60 100 100 100
63 62 2 0 0 21 42 68 41 70 87 66 81 65 69 87 100 98 53 37 73 72 50 17 24 62 81 88 93 100 91 58 32 93 100 100 100 100 100 94 98 95 92 83 50 35 54 44 7 0 0 0 16 45 92 71 75 94 77 71 94 92 99 100 97 54 76 80 55 0 7 65 57 88 100 100 100 87 100 100 100 100 100 100 98 100 100 100 100 100 100 62 59 100 100 100
72 2 0 0 28 41 20 61 46 90 62 69 93 14 17 54 98 94 76 89 70 39 57 93 89 80 55 78 99 92 41 64 46 49 90 100 99 100 100 100 95 93 85 64 74 25 12 0 0 0 0 0 9 1 35 94 76 50 15 49 51 87 55 41 74 89 88 61 14 0 0 52 29 30 97 100 100 100 100 100 100 100 94 100 100 100 100 66 88 100 100 100 99 100 100 88
71 0 1 50 70 70 61 54 67 85 76 93 64 30 45 86 97 80 51 46 28 35 84 54 79 86 91 100 100 96 76 26 41 29 54 93 83 100 100 90 91 89 30 15 6 13 2 0 0 0 0 0 0 0 0 31 15 26 11 12 11 40 49 54 27 54 41 6 1 0 0 16 50 86 89 91 100 100 100 100 100 100 92 100 100 100 100 65 93 100 100 100 100 100 100 84
51 0 0 77 95 100 100 65 40 88 79 79 56 82 81 55 63 85 87 16 5 25 34 61 74 81 70 59 100 98 100 66 30 69 26 99 100 100 99 93 100 61 48 12 2 0 0 0 0 0 0 0 0 0 0 4 52 23 11 35 70 38 81 23 5 4 14 32 59 27 6 0 47 67 58 54 85 99 92 100 100 95 100 100 100 100 100 100 100 100 100 100 100 100 100 66
0 0 27 77 100 100 100 100 90 94 96 86 65 47 72 77 39 65 91 29 1 4 45 36 71 97 83 94 98 100 100 84 67 95 83 81 88 99 93 84 78 97 37 1 0 0 0 0 22 55 44 1 0 0 0 0 22 28 47 45 47 20 40 74 65 7 0 4 57 7 0 0 0 0 17 22 100 100 98 95 100 88 73 74 100 100 100 100 100 100 100 100 100 100 100 95
0 0 20 94 100 100 100 100 100 100 94 86 100 89 92 100 100 100 90 91 25 9 31 52 99 88 73 93 95 100 95 95 76 98 100 100 84 72 69 60 73 55 27 29 8 0 0 7 96 100 99 27 5 0 0 0 1 9 27 24 44 25 11 55 70 58 13 2 9 2 2 0 0 13 52 65 99 100 100 100 100 94 85 96 98 98 100 100 100 100 100 100 100 100 100 100
10 16 2 38 99 95 100 100 100 100 95 100 100 100 87 98 100 100 95 69 55 44 71 65 96 74 98 100 97 83 53 86 82 82 82 98 87 98 93 98 100 100 88 97 92 87 68 64 41 22 72 79 24 41 29 0 11 43 49 51 45 40 25 64 98 100 88 86 81 50 28 18 0 77 100 100 100 100 100 100 100 100 100 100 100 100 100 100 100 100 94 100 100 100 100 100
83 100 87 24 40 95 98 100 100 100 100 100 100 100 100 100 100 100 96 98 48 38 81 74 95 60 58 100 93 84 81 84 82 44 58 97 62 63 87 99 100 100 91 86 92 91 93 100 99 98 76 48 39 40 92 23 51 64 95 88 53 71 42 72 100 100 100 100 100 100 100 66 0 64 100 100 100 100 100 100 100 100 100 100 100 100 100 100 88 61 16 76 100 100 100 100
90 100 100 99 71 35 91 100 100 100 100 100 100 100 100 100 100 95 92 95 10 70 52 61 72 64 82 89 60 77 72 60 48 71 50 76 89 73 90 97 100 100 100 81 94 90 86 98 100 100 100 100 94 67 41 12 58 97 85 83 59 89 94 100 100 100 100 100 100 100 99 73 27 24 98 100 86 98 100 86 99 100 100 100 100 100 100 82 18 0 33 84 100 100 93 100
88 98 100 100 100 92 73 100 100 100 100 100 100 100 100 100 100 98 87 42 29 94 77 40 35 18 65 90 68 36 52 77 75 73 62 43 80 45 90 100 100 100 100 90 84 56 67 56 98 100 100 86 39 67 60 3 24 88 64 65 84 97 97 100 100 83 98 96 78 100 96 73 50 0 26 64 21 34 100 90 100 100 100 100 100 100 100 77 52 26 77 61 71 100 100 92
83 92 100 100 100 100 100 100 99 100 100 100 100 100 100 100 100 100 91 60 89 89 87 94 61 58 41 56 65 70 49 49 50 76 40 50 38 72 100 98 90 63 94 100 61 51 55 27 71 100 96 100 81 14 42 63 36 72 27 15 32 65 52 98 79 90 85 72 25 99 100 98 61 0 0 0 20 43 100 100 98 100 100 100 100 100 98 96 58 48 99 28 37 99 86 90
11 7 37 79 97 100 100 100 94 90 100 100 100 100 100 100 100 100 98 100 95 53 48 32 66 100 76 27 37 16 36 27 19 12 30 18 36 75 91 100 96 95 86 74 77 84 60 55 69 100 100 100 100 98 100 100 67 57 60 58 41 62 99 100 96 84 87 33 67 97 97 96 80 52 3 0 5 0 14 48 76 94 98 100 100 100 98 91 91 46 32 5 12 90 91 59
39 6 0 0 9 41 66 91 100 94 85 98 100 100 100 100 100 100 100 100 100 87 12 57 61 82 46 47 60 40 9 2 11 1 0 1 1 72 98 88 75 100 100 71 39 54 64 50 62 97 100 100 100 100 100 71 49 16 63 78 79 73 89 87 58 45 61 92 89 86 73 70 89 97 62 0 0 0 0 0 10 35 78 92 100 100 95 88 58 68 62 8 78 66 73 89
28 0 1 4 0 0 0 1 15 49 26 25 92 100 100 100 100 100 100 100 100 76 79 100 70 68 79 95 100 32 1 35 42 1 0 10 0 14 72 96 99 98 98 96 91 40 62 48 82 97 100 100 100 100 78 4 19 14 11 50 56 69 47 76 61 72 94 79 91 90 52 23 9 85 77 14 16 83 78 62 52 41 65 58 53 72 31 12 3 14 74 73 73 24 2 18
21 0 0 0 0 0 0 0 0 0 5 45 26 83 100 100 100 100 100 100 100 100 100 95 93 63 31 58 61 37 56 37 25 0 2 27 5 0 63 99 98 100 98 98 92 100 98 98 100 100 100 100 100 100 75 50 33 44 35 61 20 43 44 56 85 86 93 75 85 83 99 88 30 76 13 6 1 71 100 100 100 100 100 83 62 91 28 21 27 34 6 60 81 18 0 0
28 0 0 0 0 0 0 0 0 0 1 75 86 24 62 100 100 100 100 100 100 100 100 85 79 70 39 25 29 77 97 59 6 0 6 1 0 0 3 6 62 78 95 100 98 100 100 100 100 100 100 100 98 100 98 84 46 37 29 59 34 43 16 38 53 52 76 95 97 76 43 68 93 92 24 1 0 24 100 99 100 99 46 35 74 82 58 40 17 4 1 9 1 18 11 0
