data/outputs/Sarzedas de Sao Pedro/2015/resolution_1/CONT_SPEC_1_5.asc
ncols         300
nrows         300
xllcorner     -8.224023584583
yllcorner      39.953368546911
cellsize       0.000044966080
NODATA_value  -9999
[rows 62 to 92 of 300, columns 69 to 137 of 300]
5.5000 5.16000 2.64000 3.24000 4.54000 5.84000 6.0000 6.0000 6.0000 6.0000 6.0000 6.0000 6.0000 6.0000 5.84000 2.32000 0.18000 0.0000 0.82000 4.08000 5.92000 4.02000 1.82000 2.44000 0.92000 0.0000 0.78000 0.06000 0.0000 0.0000 0.0000 0.04000 0.04000 0.0000 0.0000 2.78000 6.0000 6.0000 6.0000 6.0000 6.0000 5.92000 1.78000 0.18000 0.16000 3.4000 5.48000 5.62000 3.28000 0.3000 0.0000 0.5000 4.82000 6.0000 6.0000 6.0000 6.0000 6.0000 6.0000 6.0000 6.0000 6.0000 6.0000 6.0000 5.52000 6.0000 6.0000 3.1000 0.36000
4.96000 2.58000 3.84000 6.0000 6.0000 6.0000 6.0000 6.0000 6.0000 6.0000 6.0000 6.0000 6.0000 5.6000 2.84000 0.34000 0.1000 0.0000 0.0000 0.0000 0.94000 2.0000 0.22000 0.38000 0.0000 0.0000 0.0000 0.0000 0.0000 0.0000 0.0000 0.0000 0.0000 0.0000 1.32000 5.4000 5.12000 6.0000 6.0000 6.0000 6.0000 3.98000 0.08000 0.14000 1.5000 4.14000 4.42000 5.92000 6.0000 4.96000 1.08000 0.0000 0.14000 3.52000 5.98000 6.0000 6.0000 6.0000 6.0000 6.0000 6.0000 6.0000 6.0000 6.0000 6.0000 6.0000 5.76000 0.36000 0.12000
3.52000 3.68000 5.06000 6.0000 6.0000 6.0000 6.0000 6.0000 6.0000 6.0000 6.0000 6.0000 6.0000 5.84000 4.0000 0.14000 0.0000 0.0000 0.0000 0.0000 0.0000 0.0000 0.0000 0.0000 0.0000 0.0000 0.0000 0.0000 0.0000 0.0000 0.0000 0.0000 0.0000 0.0000 0.0000 3.24000 5.32000 6.0000 6.0000 6.0000 5.3000 0.44000 0.0000 0.3000 2.4000 1.28000 2.82000 5.2000 5.32000 6.0000 5.62000 1.3000 0.0000 0.0000 2.1000 5.78000 6.0000 6.0000 6.0000 6.0000 6.0000 6.0000 6.0000 6.0000 6.0000 6.0000 5.92000 1.06000 0.0000
3.22000 3.34000 1.94000 3.9000 2.18000 6.0000 5.6000 6.0000 5.2000 5.92000 6.0000 6.0000 2.36000 1.96000 0.12000 0.0000 0.0000 0.0000 0.0000 0.0000 0.0000 0.0000 0.0000 0.0000 0.0000 0.0000 0.0000 0.0000 0.0000 0.0000 0.0000 0.0000 0.0000 0.0000 0.0000 0.0000 0.72000 3.46000 6.0000 6.0000 2.82000 0.2000 0.54000 2.0000 1.8000 4.78000 5.9000 5.56000 5.82000 6.0000 6.0000 5.92000 3.5000 0.14000 0.0000 1.1000 5.5000 6.0000 6.0000 6.0000 6.0000 6.0000 6.0000 6.0000 6.0000 6.0000 5.02000 4.46000 2.72000
4.34000 4.7000 1.9000 1.48000 1.5000 4.62000 5.92000 6.0000 6.0000 6.0000 6.0000 5.56000 4.18000 4.14000 1.68000 0.04000 0.0000 0.0000 0.0000 0.0000 0.0000 0.0000 0.0000 0.0000 0.0000 0.0000 0.0000 0.0000 0.0000 0.0000 0.0000 0.0000 0.0000 0.0000 0.0000 0.0000 0.0000 2.34000 5.62000 4.92000 0.14000 1.44000 2.58000 5.02000 3.86000 3.06000 3.76000 0.24000 2.14000 3.9000 5.0000 6.0000 6.0000 5.02000 0.88000 0.0000 1.1000 5.42000 6.0000 6.0000 6.0000 6.0000 6.0000 6.0000 6.0000 6.0000 5.32000 5.78000 6.0000
5.6000 4.6000 4.08000 3.72000 3.54000 4.62000 6.0000 6.0000 6.0000 6.0000 6.0000 6.0000 3.1000 1.64000 2.32000 0.04000 0.0000 0.0000 0.0000 0.0000 0.0000 0.0000 0.0000 0.0000 0.0000 0.0000 0.0000 0.0000 0.0000 0.0000 0.0000 0.0000 0.0000 0.0000 0.0000 0.0000 0.0000 0.0000 0.78000 1.02000 0.0000 0.02000 1.1000 3.82000 2.9000 3.12000 1.42000 2.78000 2.76000 4.4000 4.16000 4.1000 4.68000 6.0000 4.34000 0.02000 0.0000 0.7000 4.9000 6.0000 6.0000 6.0000 6.0000 6.0000 6.0000 6.0000 6.0000 6.0000 6.0000
5.42000 4.36000 0.74000 1.42000 5.48000 3.62000 6.0000 6.0000 6.0000 6.0000 6.0000 6.0000 2.66000 2.42000 0.76000 0.0000 0.0000 0.0000 0.0000 0.0000 0.0000 0.0000 0.0000 0.0000 0.0000 0.0000 0.0000 0.0000 0.0000 0.0000 0.0000 0.0000 0.0000 0.0000 0.04000 0.24000 0.0000 1.08000 1.8000 0.2000 0.5000 0.8000 1.06000 3.0000 5.56000 5.36000 4.48000 2.58000 4.3000 1.38000 4.42000 3.46000 4.88000 6.0000 5.98000 4.56000 0.68000 0.0000 0.5000 4.58000 6.0000 6.0000 6.0000 6.0000 6.0000 6.0000 6.0000 6.0000 6.0000
3.34000 2.68000 3.54000 2.58000 4.4000 6.0000 6.0000 6.0000 6.0000 6.0000 6.0000 6.0000 5.6000 5.78000 4.7000 2.78000 0.88000 0.0000 0.0000 0.0000 0.0000 0.0000 0.0000 0.0000 0.0000 0.0000 0.0000 0.0000 0.0000 0.0000 0.0000 0.0000 0.0000 0.0000 0.0000 0.86000 2.74000 4.88000 0.6000 0.0000 0.72000 3.8000 3.08000 2.58000 5.18000 3.9000 3.68000 0.4000 0.08000 0.0000 0.3000 3.34000 6.0000 6.0000 6.0000 6.0000 5.5000 1.5000 0.0000 0.14000 3.52000 5.98000 6.0000 6.0000 6.0000 6.0000 6.0000 6.0000 6.0000
5.0000 5.86000 3.98000 4.28000 5.98000 6.0000 6.0000 6.0000 6.0000 6.0000 6.0000 6.0000 6.0000 6.0000 5.94000 4.88000 2.36000 2.34000 0.9000 0.0000 0.0000 0.0000 0.08000 0.0000 0.0000 0.0000 0.0000 0.0000 0.0000 0.0000 0.0000 0.0000 0.0000 0.0000 0.0000 1.2000 5.4000 5.08000 0.0000 0.06000 0.08000 0.0000 0.7000 2.98000 1.16000 0.14000 0.22000 0.0000 0.0000 0.66000 4.9000 6.0000 6.0000 6.0000 6.0000 6.0000 6.0000 5.86000 1.7000 0.0000 0.0000 3.8000 6.0000 6.0000 6.0000 4.86000 5.5000 6.0000 6.0000
6.0000 5.98000 4.96000 3.82000 5.08000 5.5000 6.0000 6.0000 6.0000 6.0000 6.0000 6.0000 6.0000 5.92000 4.94000 4.42000 2.16000 6.0000 5.24000 1.9000 1.04000 3.84000 0.4000 0.0000 0.0000 0.0000 0.0000 0.0000 0.0000 0.0000 0.0000 0.0000 0.08000 0.0000 0.0000 2.64000 3.42000 3.42000 0.0000 0.0000 0.0000 0.08000 0.08000 2.24000 2.3000 1.34000 1.04000 0.04000 2.32000 5.56000 6.0000 6.0000 6.0000 6.0000 6.0000 6.0000 6.0000 6.0000 5.26000 0.9000 0.0000 0.5000 4.96000 6.0000 6.0000 5.92000 5.52000 6.0000 6.0000
5.58000 5.6000 2.42000 5.7000 5.92000 2.76000 6.0000 5.92000 6.0000 6.0000 5.52000 6.0000 6.0000 4.66000 0.36000 1.66000 5.78000 4.78000 4.12000 5.62000 6.0000 5.16000 0.96000 0.0000 0.0000 0.0000 0.0000 0.0000 0.0000 0.0000 0.0000 0.0000 0.0000 0.0000 0.0000 3.42000 5.86000 0.96000 0.0000 0.0000 0.0000 0.0000 1.58000 4.26000 0.22000 0.0000 0.64000 3.82000 5.98000 6.0000 6.0000 6.0000 6.0000 6.0000 6.0000 5.52000 6.0000 6.0000 5.32000 0.72000 0.46000 0.0000 1.22000 5.62000 6.0000 6.0000 6.0000 6.0000 6.0000
5.12000 5.92000 5.92000 6.0000 5.9000 5.5000 5.94000 5.12000 5.54000 6.0000 6.0000 6.0000 5.32000 5.32000 2.18000 3.82000 5.48000 2.96000 2.52000 4.72000 4.62000 6.0000 5.98000 3.38000 0.0000 0.0000 0.0000 0.0000 0.0000 0.0000 0.0000 0.0000 0.0000 0.0000 0.0000 2.32000 4.12000 1.48000 0.0000 0.22000 0.0000 0.0000 0.78000 0.78000 0.0000 2.26000 5.56000 6.0000 6.0000 6.0000 6.0000 6.0000 6.0000 6.0000 5.12000 6.0000 6.0000 6.0000 5.86000 4.5000 3.8000 0.0000 0.0000 1.72000 5.24000 6.0000 6.0000 6.0000 6.0000
5.44000 6.0000 6.0000 5.84000 5.6000 5.92000 5.58000 5.86000 6.0000 6.0000 5.28000 5.24000 5.32000 5.58000 5.72000 6.0000 5.94000 3.66000 2.84000 3.68000 5.98000 6.0000 6.0000 5.14000 2.86000 2.66000 0.32000 0.0000 0.0000 0.0000 0.0000 0.0000 0.0000 0.0000 0.0000 3.0000 3.62000 5.1000 5.16000 0.76000 0.32000 0.4000 3.42000 1.28000 1.62000 4.76000 5.76000 6.0000 6.0000 6.0000 6.0000 6.0000 6.0000 6.0000 6.0000 6.0000 6.0000 6.0000 6.0000 5.62000 3.48000 0.0000 0.0000 0.0000 0.94000 5.56000 6.0000 5.04000 4.16000
6.0000 6.0000 6.0000 5.28000 6.0000 5.64000 5.64000 4.04000 6.0000 6.0000 5.84000 3.86000 5.94000 6.0000 6.0000 6.0000 6.0000 4.42000 3.9000 0.96000 4.6000 6.0000 5.6000 5.84000 5.14000 5.3000 4.4000 0.0000 0.24000 0.0000 0.0000 0.0000 0.0000 0.0000 0.0000 0.0000 0.06000 5.12000 3.26000 1.44000 0.26000 1.4000 4.6000 1.76000 0.66000 2.68000 3.62000 5.92000 5.52000 6.0000 6.0000 6.0000 6.0000 6.0000 6.0000 6.0000 6.0000 6.0000 6.0000 5.18000 0.52000 2.9000 0.64000 0.0000 0.0000 1.24000 5.62000 5.98000 3.68000
4.68000 4.52000 5.84000 6.0000 5.94000 5.98000 6.0000 5.46000 5.58000 5.12000 6.0000 5.94000 5.18000 6.0000 6.0000 6.0000 6.0000 5.0000 2.3000 2.86000 1.32000 4.92000 5.54000 5.92000 5.54000 4.06000 3.28000 0.32000 0.76000 0.08000 0.0000 0.0000 0.0000 0.0000 0.0000 0.52000 0.0000 1.04000 0.48000 0.82000 1.66000 0.06000 0.0000 0.0000 0.78000 0.98000 4.66000 6.0000 6.0000 6.0000 6.0000 6.0000 6.0000 4.98000 5.86000 6.0000 6.0000 6.0000 6.0000 5.98000 5.1000 2.8000 2.3000 4.12000 0.08000 0.0000 1.44000 5.5000 5.56000
5.2000 5.52000 4.36000 6.0000 5.32000 5.52000 6.0000 5.98000 5.94000 4.84000 6.0000 6.0000 6.0000 5.92000 5.76000 5.9000 5.86000 5.04000 4.22000 1.84000 2.62000 0.4000 0.3000 2.54000 2.9000 5.58000 3.5000 1.42000 1.64000 0.58000 0.0000 0.0000 0.0000 0.0000 0.0000 0.0000 0.06000 0.6000 0.98000 1.5000 1.06000 0.12000 0.26000 0.74000 2.62000 3.9000 5.94000 6.0000 6.0000 6.0000 6.0000 6.0000 6.0000 5.86000 4.92000 5.92000 6.0000 3.62000 5.18000 6.0000 6.0000 5.04000 5.1000 5.98000 3.74000 0.28000 0.0000 0.88000 4.4000
1.92000 5.86000 6.0000 6.0000 6.0000 6.0000 6.0000 5.52000 6.0000 6.0000 6.0000 6.0000 6.0000 5.58000 3.98000 5.04000 4.12000 4.32000 4.2000 2.06000 3.98000 2.36000 0.72000 0.3000 0.22000 1.46000 4.3000 0.34000 0.36000 0.0000 0.0000 0.06000 0.0000 0.0000 0.38000 0.14000 0.2000 1.38000 5.06000 0.8000 0.0000 0.72000 3.52000 5.38000 4.2000 2.96000 5.98000 6.0000 6.0000 5.92000 6.0000 6.0000 6.0000 5.78000 2.72000 5.56000 6.0000 5.78000 5.58000 6.0000 6.0000 6.0000 5.98000 5.46000 6.0000 2.84000 0.08000 0.0000 0.66000
1.78000 5.48000 5.52000 6.0000 6.0000 6.0000 6.0000 6.0000 5.92000 6.0000 6.0000 6.0000 6.0000 6.0000 6.0000 5.98000 5.86000 5.64000 5.62000 4.02000 4.96000 2.2000 3.54000 1.8000 2.76000 5.52000 1.92000 0.96000 0.74000 1.16000 1.16000 2.12000 1.14000 0.72000 1.26000 0.4000 0.2000 0.14000 2.8000 0.46000 2.72000 0.84000 4.62000 6.0000 5.12000 2.74000 5.92000 5.94000 4.82000 3.24000 5.2000 4.7000 4.84000 5.22000 4.94000 4.48000 2.78000 5.92000 4.08000 6.0000 6.0000 6.0000 5.7000 3.42000 6.0000 5.04000 1.48000 0.28000 0.0000
6.0000 6.0000 6.0000 6.0000 6.0000 6.0000 6.0000 6.0000 5.6000 6.0000 6.0000 6.0000 6.0000 6.0000 6.0000 5.52000 6.0000 6.0000 6.0000 2.82000 2.72000 5.26000 5.08000 3.8000 3.28000 5.5000 4.36000 2.88000 1.84000 1.46000 2.04000 0.54000 0.9000 0.12000 0.0000 0.06000 0.0000 0.1000 3.38000 4.5000 3.38000 4.92000 5.26000 4.8000 5.0000 5.8000 5.2000 3.34000 4.74000 2.16000 2.12000 3.22000 6.0000 6.0000 3.9000 5.04000 5.32000 6.0000 5.52000 6.0000 6.0000 6.0000 6.0000 6.0000 6.0000 4.36000 4.18000 4.78000 0.12000
6.0000 6.0000 6.0000 6.0000 6.0000 6.0000 6.0000 6.0000 6.0000 6.0000 6.0000 6.0000 6.0000 6.0000 5.92000 5.16000 5.08000 5.6000 5.52000 3.6000 0.64000 2.0000 2.7000 3.48000 4.32000 5.7000 4.98000 4.4000 3.56000 1.8000 0.0000 0.48000 0.0000 0.0000 0.0000 0.0000 0.0000 0.12000 5.62000 3.26000 5.94000 6.0000 5.94000 5.16000 5.46000 3.84000 4.96000 4.48000 5.48000 2.34000 2.22000 5.04000 6.0000 6.0000 5.18000 1.14000 3.34000 3.66000 6.0000 6.0000 5.92000 4.88000 5.24000 6.0000 6.0000 5.58000 2.16000 4.88000 0.72000
6.0000 6.0000 6.0000 6.0000 6.0000 6.0000 6.0000 6.0000 6.0000 5.6000 5.92000 5.92000 5.6000 6.0000 4.84000 6.0000 5.92000 3.72000 6.0000 3.62000 1.18000 1.34000 2.64000 3.86000 3.68000 1.88000 5.02000 1.16000 0.38000 0.0000 0.0000 0.0000 0.0000 0.0000 0.0000 0.0000 0.0000 0.66000 5.48000 6.0000 6.0000 5.14000 1.74000 3.76000 5.92000 5.78000 4.94000 5.76000 5.02000 3.7000 3.88000 5.76000 5.6000 4.2000 6.0000 5.84000 5.92000 6.0000 6.0000 6.0000 5.36000 0.44000 2.52000 5.92000 4.66000 3.42000 4.82000 5.6000 3.56000
6.0000 6.0000 6.0000 6.0000 6.0000 6.0000 6.0000 6.0000 6.0000 5.12000 6.0000 6.0000 6.0000 6.0000 6.0000 5.66000 4.52000 4.62000 5.64000 5.32000 1.84000 0.5000 3.84000 2.38000 3.04000 1.6000 1.94000 0.12000 0.0000 0.0000 0.0000 0.0000 0.0000 0.0000 0.0000 0.12000 3.76000 1.1000 3.66000 4.58000 5.46000 5.84000 4.3000 4.02000 4.38000 6.0000 5.76000 4.0000 3.72000 5.1000 4.36000 5.28000 6.0000 5.84000 6.0000 5.92000 6.0000 6.0000 6.0000 5.98000 5.94000 4.56000 5.54000 3.88000 3.82000 5.0000 5.98000 2.24000 1.9000
6.0000 6.0000 6.0000 6.0000 6.0000 6.0000 6.0000 6.0000 6.0000 6.0000 6.0000 6.0000 6.0000 6.0000 5.92000 5.94000 5.92000 4.3000 4.1000 4.66000 3.42000 0.64000 2.0000 2.2000 0.38000 0.0000 0.0000 0.0000 0.0000 0.0000 0.0000 0.0000 0.0000 0.0000 0.0000 0.26000 1.9000 0.34000 0.0000 2.48000 5.04000 5.28000 6.0000 5.14000 4.82000 4.28000 4.0000 0.64000 0.36000 1.66000 2.9000 2.54000 5.92000 6.0000 6.0000 5.52000 5.04000 2.44000 3.08000 4.26000 4.56000 6.0000 3.34000 4.12000 5.5000 4.9000 5.52000 2.22000 0.8000
6.0000 6.0000 6.0000 5.86000 5.98000 6.0000 6.0000 6.0000 6.0000 6.0000 6.0000 5.24000 5.64000 5.6000 4.78000 5.94000 2.64000 4.36000 2.48000 4.18000 5.6000 1.04000 2.28000 0.34000 0.0000 0.0000 0.0000 0.0000 0.0000 0.0000 0.0000 0.0000 0.0000 0.0000 0.0000 0.0000 0.0000 0.0000 0.0000 0.0000 0.86000 5.38000 6.0000 5.6000 2.66000 2.04000 1.78000 0.04000 2.54000 5.62000 1.6000 0.1000 3.64000 5.52000 3.34000 1.92000 0.74000 0.9000 3.4000 3.14000 5.84000 5.92000 6.0000 5.52000 6.0000 2.74000 1.46000 0.3000 0.0000
4.4000 5.6000 5.6000 3.02000 5.38000 6.0000 6.0000 6.0000 6.0000 6.0000 6.0000 5.02000 5.86000 5.92000 4.04000 2.22000 1.08000 1.32000 0.16000 0.12000 1.0000 2.36000 0.6000 0.4000 0.0000 0.0000 0.0000 0.0000 0.0000 0.0000 0.0000 0.0000 0.0000 0.0000 0.0000 0.0000 0.0000 0.0000 0.0000 0.0000 0.0000 1.82000 5.4000 2.18000 0.98000 1.56000 3.18000 0.14000 0.9000 2.68000 0.2000 0.36000 1.32000 1.9000 2.24000 2.28000 1.5000 0.62000 4.08000 1.1000 1.76000 5.26000 6.0000 5.42000 4.26000 1.32000 0.0000 0.0000 0.0000
5.0000 5.2000 5.92000 5.6000 6.0000 6.0000 6.0000 6.0000 6.0000 5.76000 3.76000 5.44000 5.6000 5.94000 5.4000 2.36000 1.52000 1.16000 0.86000 0.22000 0.18000 0.1000 0.0000 0.0000 0.0000 0.0000 0.0000 0.0000 0.0000 0.0000 0.0000 0.0000 0.0000 0.0000 0.0000 0.0000 0.0000 0.0000 0.0000 0.0000 0.0000 0.0000 0.22000 0.0000 0.32000 0.88000 0.72000 0.94000 0.62000 0.0000 0.0000 0.0000 0.92000 1.84000 3.72000 3.7000 4.34000 5.26000 3.06000 2.6000 1.02000 0.2000 1.42000 0.18000 0.0000 0.0000 0.0000 0.0000 0.24000
3.84000 5.84000 6.0000 6.0000 6.0000 6.0000 6.0000 6.0000 5.92000 4.44000 6.0000 6.0000 5.94000 3.8000 3.8000 5.02000 3.7000 1.36000 0.08000 0.18000 0.34000 0.1000 0.0000 0.0000 0.0000 0.0000 0.0000 0.0000 0.0000 0.0000 0.0000 0.0000 0.0000 0.0000 0.0000 0.0000 0.0000 0.0000 0.0000 0.0000 0.0000 0.0000 0.84000 4.8000 4.52000 1.36000 0.54000 0.1000 0.0000 0.0000 1.18000 2.2000 2.72000 0.12000 2.76000 4.46000 5.2000 2.22000 0.1000 0.5000 0.1000 0.58000 0.04000 0.9000 0.14000 1.06000 4.12000 2.94000 4.48000
0.46000 5.84000 6.0000 6.0000 6.0000 6.0000 6.0000 5.92000 6.0000 6.0000 5.92000 6.0000 5.98000 4.54000 2.46000 1.6000 1.12000 0.34000 1.04000 0.02000 0.0000 0.0000 0.0000 0.0000 0.0000 0.0000 0.0000 0.0000 0.0000 0.0000 0.0000 0.0000 0.0000 0.0000 0.0000 0.0000 0.0000 0.0000 0.0000 0.0000 0.0000 0.0000 0.0000 0.9000 2.26000 3.0000 0.54000 0.78000 1.74000 1.7000 5.62000 5.98000 6.0000 3.62000 2.6000 4.0000 5.84000 1.8000 1.5000 0.28000 0.24000 0.24000 0.0000 1.86000 0.56000 1.14000 1.24000 2.76000 4.04000
4.54000 2.56000 5.94000 6.0000 6.0000 6.0000 6.0000 5.6000 4.76000 4.88000 3.68000 4.44000 5.6000 6.0000 6.0000 3.16000 0.38000 0.0000 0.0000 0.0000 0.0000 0.0000 0.0000 0.0000 0.0000 0.0000 0.0000 0.0000 0.0000 0.0000 2.54000 2.0000 0.0000 0.0000 0.0000 0.0000 0.0000 0.0000 0.0000 0.0000 0.0000 0.0000 0.0000 1.24000 2.1000 1.6000 2.56000 3.06000 2.84000 2.7000 0.78000 2.96000 2.1000 1.54000 1.46000 1.18000 3.46000 5.14000 2.76000 2.74000 2.24000 0.0000 0.0000 0.0000 0.0000 0.0000 0.64000 3.94000 3.02000
5.94000 4.88000 5.98000 4.88000 4.28000 5.78000 6.0000 6.0000 5.84000 5.48000 6.0000 4.9000 3.68000 5.38000 6.0000 3.24000 1.98000 0.12000 0.0000 0.0000 0.0000 0.0000 0.0000 0.0000 0.0000 0.0000 0.0000 1.5000 3.7000 4.74000 5.84000 5.86000 2.6000 0.14000 0.0000 0.0000 0.0000 0.0000 0.0000 0.0000 0.0000 0.0000 0.0000 0.8000 1.24000 0.14000 2.46000 3.04000 2.3000 3.08000 4.24000 3.92000 2.26000 1.74000 0.0000 1.52000 3.4000 5.6000 4.2000 5.26000 5.36000 1.74000 0.0000 0.0000 0.0000 0.0000 0.26000 1.88000 4.88000
6.0000 6.0000 6.0000 5.3000 2.92000 2.92000 3.76000 5.74000 5.66000 4.62000 3.2000 3.12000 4.06000 1.08000 0.8000 0.2000 0.0000 0.0000 0.0000 0.0000 0.0000 0.0000 0.0000 0.0000 0.0000 0.0000 1.26000 5.86000 6.0000 6.0000 6.0000 6.0000 6.0000 2.62000 0.0000 0.0000 0.0000 0.0000 0.0000 0.0000 0.0000 0.0000 0.0000 0.0000 0.0000 0.0000 1.0000 1.34000 0.1000 0.62000 0.66000 3.12000 3.92000 1.36000 1.16000 0.16000 1.9000 5.46000 3.72000 4.64000 2.7000 4.04000 0.88000 0.06000 0.0000 0.0000 0.0000 0.12000 2.06000
