data/outputs/Sarzedas de Sao Pedro/2015/resolution_1/CONT_NORM_1_60.asc
ncols         25
nrows         25
xllcorner     -8.224023584583
yllcorner      39.953368546911
cellsize       0.000539592960
NODATA_value  -9999
14 41 73 32 70 52 27 3 27 57 9 25 54 43 38 22 34 58 72 78 98 91 62 53 43
42 45 47 44 59 35 17 36 24 73 8 7 7 26 32 88 86 82 81 97 99 94 74 79 98
22 56 60 79 98 91 88 76 40 56 14 52 45 64 59 74 98 93 75 84 85 89 90 56 73
30 37 91 89 100 100 96 87 39 92 84 94 78 98 53 77 73 58 66 73 57 48 91 30 38
66 93 99 100 100 96 84 82 83 74 100 96 61 79 88 65 51 52 89 85 65 96 93 42 51
65 99 97 100 96 84 81 18 20 48 79 87 90 94 90 84 62 86 67 70 59 100 81 73 58
35 60 77 68 81 70 95 64 14 62 84 64 79 91 92 77 91 94 82 65 89 54 25 38 26
45 83 76 51 88 74 89 28 20 26 48 24 67 96 97 98 85 94 98 75 66 92 52 19 58
70 97 100 72 63 47 82 77 84 60 80 86 45 84 82 72 86 68 81 80 55 57 89 28 64
5 9 83 98 59 24 32 73 98 61 48 75 30 60 32 17 61 78 59 88 93 98 98 54 16
50 23 83 54 43 45 77 59 76 90 38 42 25 14 22 26 39 59 77 98 99 100 100 100 93
57 45 86 34 28 82 37 77 92 78 49 29 23 14 25 37 38 43 74 75 100 100 100 97 74
77 30 64 50 71 45 30 74 61 51 17 20 39 27 25 21 25 15 17 12 60 100 97 99 90
95 78 91 71 78 29 28 57 82 33 37 53 13 6 20 16 20 42 50 26 30 48 80 84 30
95 97 93 39 47 58 60 52 82 47 48 55 9 0 0 12 50 68 11 43 51 78 94 28 43
91 97 95 37 36 64 52 40 29 34 29 79 40 12 3 2 40 97 96 98 100 100 84 14 55
74 95 99 78 89 93 92 73 98 82 88 100 96 39 53 92 98 97 95 99 99 100 58 11 91
94 99 93 95 100 97 91 94 100 99 98 96 96 25 85 100 100 91 77 93 99 71 97 92 97
98 100 94 80 99 99 73 73 91 53 25 66 73 89 77 92 100 99 93 94 87 70 100 100 63
98 100 82 62 97 89 87 94 83 51 80 95 75 44 66 59 91 100 100 96 99 91 94 99 98
66 47 31 3 31 54 29 25 12 21 91 53 50 59 100 95 75 90 88 96 92 100 98 99 64
93 96 81 63 93 100 97 73 62 77 91 68 77 98 99 73 84 77 67 84 99 100 98 100 71
84 88 74 57 93 100 96 59 83 80 60 58 75 66 55 50 83 44 37 91 100 96 96 100 63
95 66 92 89 80 84 90 86 87 28 36 43 48 51 60 27 58 16 47 77 64 70 69 100 94
91 97 77 86 96 76 92 93 82 89 84 64 26 87 33 48 40 31 49 55 85 88 82 98 77
