data/outputs/Sarzedas de Sao Pedro/2015/resolution_1/CONT_TOTAL_1_10.asc
ncols         150
nrows         150
xllcorner     -8.224023584583
yllcorner      39.953368546911
cellsize       0.000089932160
NODATA_value  -9999
[rows 48 to 95 of 150, columns 0 to 95 of 150]
497 599 524 147 238 573 588 600 600 600 600 600 600 600 600 600 600 600 574 590 291 231 488 442 567 358 348 600 557 506 489 501 489 266 350 585 370 378 521 596 600 600 544 514 553 547 556 600 596 586 456 289 237 240 551 140 306 386 570 530 318 428 252 434 599 600 600 600 600 600 600 396 0 385 600 600 600 600 600 600 600 600 600 600 600 600 600 600 525 369 97 455 600 600 600 600
540 600 600 596 424 211 545 600 600 600 600 600 600 600 600 600 600 573 550 569 60 422 314 365 431 384 491 532 362 460 432 357 289 425 299 459 537 436 542 583 600 600 600 486 564 540 517 585 600 600 600 600 563 401 246 70 345 582 509 497 356 534 566 599 600 600 600 600 600 600 596 439 165 145 591 600 517 588 600 515 596 600 600 600 600 600 600 492 107 0 200 501 598 600 560 600
526 590 600 600 600 551 439 600 600 600 600 600 600 600 600 600 600 588 524 252 172 561 464 238 208 105 388 539 407 215 314 459 450 437 372 256 478 271 539 600 600 600 600 537 506 338 400 338 588 600 600 517 232 399 363 17 142 526 384 392 506 582 582 600 600 497 588 574 470 599 576 439 303 0 156 382 125 203 598 541 600 600 600 600 600 600 600 461 315 158 461 366 427 600 598 553
498 553 600 600 600 600 600 600 594 600 600 600 600 600 600 600 600 600 547 359 535 532 525 566 367 350 244 336 391 422 296 292 302 454 240 300 227 432 600 588 540 378 564 598 367 306 331 162 426 600 578 600 489 83 252 379 217 432 161 92 195 390 314 588 471 543 509 430 149 594 600 586 364 2 0 0 121 257 600 600 588 600 600 600 600 600 590 576 346 285 591 169 220 596 515 540
65 42 223 474 581 600 600 600 564 541 600 600 600 600 600 600 600 600 588 600 570 317 287 192 396 600 455 162 220 95 214 160 115 72 178 110 219 447 547 600 576 568 513 445 461 502 359 328 413 600 600 600 600 591 600 600 400 345 360 350 244 372 596 600 579 504 524 197 401 581 581 575 479 314 17 0 31 3 83 287 457 567 589 600 600 600 590 548 545 278 193 29 74 537 544 353
232 35 0 0 55 249 397 546 600 566 507 589 600 600 600 600 600 600 600 600 600 521 71 340 365 490 274 284 363 241 52 11 68 5 2 5 5 431 585 528 452 598 600 429 233 326 387 299 370 584 600 600 600 600 600 426 293 96 381 468 477 436 532 523 345 268 364 554 537 516 437 418 533 579 372 2 0 0 0 0 61 207 471 552 600 599 567 526 350 409 369 46 467 397 439 533
167 0 4 27 0 0 0 7 93 292 156 152 555 600 600 600 600 600 600 600 600 454 473 600 421 406 471 567 598 189 4 212 252 4 0 63 0 81 434 578 596 588 590 576 543 243 369 286 491 579 600 600 600 600 469 21 115 86 67 300 335 415 282 455 364 430 564 473 544 540 313 136 52 507 459 85 93 497 467 369 309 247 388 350 317 434 184 71 21 83 444 436 437 144 14 110
127 0 0 0 0 0 0 0 0 0 27 270 154 496 600 600 600 600 600 600 600 600 600 570 560 378 185 349 365 225 334 223 148 0 12 159 29 0 378 594 589 600 588 588 553 598 590 588 600 600 600 600 600 600 451 302 198 267 211 367 120 260 263 334 511 518 560 451 509 500 594 529 182 456 80 38 4 428 600 600 600 600 600 497 374 544 169 123 160 202 37 357 488 106 0 0
165 0 0 0 0 0 0 0 2 0 4 451 518 141 375 600 600 600 600 600 600 600 600 509 473 422 234 153 177 461 580 355 37 0 34 3 1 0 15 35 370 467 568 600 589 600 600 600 600 600 600 600 590 600 588 505 277 222 173 351 201 259 95 225 316 310 453 570 579 456 257 406 561 554 144 7 0 143 600 592 600 591 277 212 445 490 345 237 100 26 4 54 3 106 64 0
246 2 22 0 0 0 0 0 0 0 0 178 552 535 160 293 588 600 600 600 600 600 600 600 596 556 204 112 174 288 521 219 0 22 184 118 2 101 0 0 52 173 318 541 528 533 598 597 600 600 600 600 598 600 600 594 340 55 83 212 214 208 73 88 277 418 598 581 576 405 364 501 559 447 238 138 1 5 415 459 572 181 83 258 383 233 117 494 57 0 73 212 13 0 6 0
209 0 0 0 0 0 0 0 0 0 0 151 459 515 563 380 246 584 600 600 600 600 600 600 600 600 551 211 6 8 80 1 0 14 402 214 329 65 0 13 13 0 12 182 287 341 313 417 514 596 600 600 600 600 600 596 277 333 523 535 194 405 222 200 222 525 482 242 484 600 581 547 233 199 0 0 73 17 0 8 353 491 291 497 425 72 101 54 0 6 146 160 9 0 0 59
213 0 0 0 0 0 0 0 0 0 0 167 600 600 600 600 502 216 549 600 600 600 600 600 600 600 600 432 7 1 47 0 0 0 426 587 521 222 1 0 0 0 0 6 107 311 526 406 477 579 600 600 600 600 600 590 465 570 600 542 232 7 375 514 319 183 42 0 69 593 600 572 243 81 0 0 0 0 1 190 7 138 399 129 2 12 238 273 2 164 40 67 0 0 0 0
29 0 0 0 0 0 0 0 0 0 0 321 600 600 600 600 600 553 210 512 600 600 600 600 592 213 398 135 0 123 130 0 0 0 12 424 385 557 145 0 0 0 0 183 71 72 181 295 147 539 590 598 600 600 600 600 600 569 496 241 0 0 112 468 380 325 322 404 488 599 480 52 7 87 0 0 0 0 0 2 194 310 579 229 262 53 14 12 97 376 96 0 0 0 0 36
364 148 11 0 0 0 0 0 0 0 0 327 520 600 600 600 600 600 570 232 545 543 356 279 206 63 0 0 0 21 13 0 0 0 0 72 521 503 508 213 10 257 421 214 97 320 309 201 446 438 494 568 600 600 600 600 600 600 470 20 15 47 375 256 515 578 600 588 600 394 78 0 0 0 49 17 241 140 20 7 22 114 149 10 143 263 7 0 139 146 427 96 0 0 0 361
540 600 505 163 3 0 0 0 0 0 0 132 246 432 580 578 600 600 600 426 23 25 0 9 264 261 177 100 64 107 0 43 120 50 307 524 600 572 596 596 471 591 588 515 447 220 147 28 196 142 262 590 600 600 600 600 600 600 597 158 12 33 44 238 544 495 560 600 415 38 8 0 0 0 161 469 410 120 0 0 1 0 2 0 267 591 40 0 0 24 218 57 0 0 0 327
538 600 600 588 487 62 0 0 0 200 318 38 0 0 82 364 382 344 169 76 0 0 58 263 588 460 537 479 554 447 353 485 423 591 576 600 482 565 600 600 600 600 600 600 600 508 350 145 84 173 292 600 600 600 600 600 600 600 600 587 413 118 10 115 443 524 560 342 34 18 0 0 0 12 113 410 521 532 6 6 1 0 0 0 207 286 184 231 9 203 2 0 93 97 266 504
504 598 437 533 588 275 332 81 224 249 545 450 556 506 357 496 600 600 435 177 2 222 582 283 94 62 514 209 585 304 123 506 583 590 586 598 584 524 550 600 600 600 588 600 600 560 579 378 281 449 472 582 566 577 600 600 600 600 600 433 308 284 43 4 75 214 255 318 109 15 4 6 0 0 55 312 419 365 236 101 0 0 114 118 0 22 28 178 233 350 48 0 145 467 461 526
478 600 600 588 316 126 139 38 228 335 441 595 598 553 600 600 600 577 600 496 385 190 495 510 453 130 469 408 270 23 33 255 600 580 469 186 352 580 554 439 574 600 582 600 499 258 89 286 287 257 401 425 562 576 600 580 600 600 590 335 274 521 103 217 53 0 240 143 117 338 203 232 361 270 45 121 95 30 0 0 0 3 372 377 118 0 74 93 7 0 2 92 35 235 463 600
490 409 551 555 492 204 141 465 225 166 355 459 454 600 600 465 600 598 333 160 42 199 451 291 261 69 114 11 0 39 419 524 467 600 574 191 334 197 304 321 421 517 390 525 550 490 429 371 274 439 321 277 568 600 600 466 463 544 572 464 426 527 550 165 53 5 455 507 483 470 482 183 209 81 201 114 33 152 0 0 86 91 138 407 103 57 211 44 0 0 33 400 319 266 553 527
498 87 135 224 30 17 87 74 213 413 550 588 543 600 600 589 600 600 573 284 35 92 264 0 0 0 19 18 63 582 600 486 600 600 586 354 92 0 0 9 110 79 15 130 310 554 600 600 487 599 588 578 600 600 588 588 557 329 553 520 466 523 600 261 14 298 360 354 411 246 183 90 230 189 7 74 445 165 220 19 472 550 378 321 561 298 0 12 0 0 238 567 574 50 74 247
540 498 101 58 198 202 42 188 456 487 598 552 490 600 588 600 600 600 598 506 66 1 1 0 0 0 41 217 104 589 600 600 600 600 566 433 183 0 0 0 0 0 7 7 96 566 600 561 560 600 525 472 574 600 572 401 463 372 535 434 563 480 592 466 213 195 342 131 263 2 211 105 0 159 300 0 0 0 0 143 128 4 0 0 36 80 312 55 0 215 101 468 311 80 93 260
540 600 533 419 228 52 29 225 354 337 478 581 497 492 408 600 506 273 122 235 13 2 74 25 0 19 23 8 313 574 600 600 591 543 584 572 446 283 143 47 0 19 91 271 534 598 600 600 600 600 600 595 504 600 547 578 578 443 495 576 398 372 235 370 219 2 8 59 22 0 0 3 254 286 286 0 0 0 0 0 0 0 23 49 0 143 164 154 15 71 0 397 541 32 147 85
540 600 589 384 94 28 388 233 50 10 29 257 365 507 594 598 487 415 443 191 72 182 120 30 52 540 247 62 152 134 124 247 437 447 600 600 584 525 576 76 97 274 455 580 600 600 600 600 600 600 600 600 598 588 527 371 596 547 388 466 489 544 100 286 178 120 203 21 20 0 0 3 384 415 106 168 50 0 0 0 0 0 0 0 36 546 500 320 11 0 0 337 589 31 12 40
540 600 600 449 84 92 412 159 35 0 0 0 10 512 337 354 600 600 579 494 521 353 11 7 153 600 600 420 24 60 341 222 409 366 434 600 466 132 368 292 427 600 600 600 600 600 600 600 600 600 600 588 600 580 122 361 600 351 173 163 433 250 39 45 8 134 296 204 73 0 0 0 10 16 156 79 140 358 44 0 0 0 0 0 64 423 548 415 36 0 0 61 240 112 12 107
540 600 600 328 7 0 2 15 0 0 0 0 355 74 16 13 419 600 420 70 160 296 72 145 389 600 600 600 291 208 247 137 310 167 436 595 531 27 0 65 444 600 576 585 600 600 600 479 585 564 598 600 447 274 505 598 600 600 600 596 512 157 175 10 0 257 193 296 591 262 23 32 26 97 39 317 315 346 505 97 393 103 0 0 394 539 253 286 237 0 0 0 0 0 54 397
540 600 598 188 18 0 0 0 2 0 0 0 464 579 316 214 163 549 52 0 0 99 61 327 489 464 350 212 170 67 88 205 178 7 2 85 280 0 0 251 600 586 562 576 600 600 600 348 492 571 571 258 12 106 147 349 600 558 292 96 3 46 59 62 80 23 6 88 423 362 29 0 2 20 171 536 266 130 392 330 169 38 0 0 246 165 119 28 94 337 6 0 65 22 179 304
540 600 590 513 287 18 0 18 84 66 105 70 129 418 490 445 136 151 120 99 100 144 77 32 276 430 542 533 259 57 67 31 276 315 197 82 186 369 212 107 533 428 232 600 596 598 568 558 588 598 291 0 0 0 18 335 600 598 264 160 0 0 83 0 10 0 0 22 62 295 91 0 0 0 4 414 568 476 392 223 0 0 57 242 76 189 335 132 2 377 362 288 20 139 8 247
540 600 600 600 483 257 203 24 263 489 482 515 417 372 171 130 327 546 540 462 503 466 294 184 573 514 494 482 509 60 7 168 600 563 600 539 142 159 155 1 0 203 576 600 537 522 335 554 600 326 19 0 43 11 7 155 533 384 258 114 0 0 0 0 2 0 0 20 235 215 15 0 16 0 308 600 543 238 58 190 420 14 168 318 301 83 380 215 32 298 255 168 0 0 0 0
540 600 600 600 600 589 445 422 179 318 376 507 580 598 526 512 495 550 600 600 600 596 122 385 600 205 284 486 600 371 274 419 562 600 600 600 244 52 0 0 0 70 223 89 302 532 410 448 600 600 404 7 217 352 0 64 131 275 543 100 27 35 132 246 459 28 2 185 406 41 0 1 68 280 596 394 536 134 124 165 53 140 63 140 301 0 0 50 9 0 0 0 85 290 3 5
540 600 600 600 556 537 309 235 207 264 436 529 600 525 227 459 588 600 600 600 600 600 426 435 600 556 597 600 598 578 76 34 79 105 159 274 28 91 21 149 2 8 32 14 149 180 225 294 540 565 600 559 573 583 457 37 32 55 139 130 160 405 284 88 205 26 208 29 0 0 83 59 0 41 353 294 38 204 238 1 37 243 393 141 0 0 15 7 0 1 0 297 505 579 336 16
540 600 600 600 438 329 10 56 316 412 551 485 570 392 348 558 600 600 600 600 600 600 333 540 600 600 519 480 600 598 131 106 38 4 0 46 16 259 323 266 45 84 0 33 138 297 112 121 161 451 594 492 598 600 572 12 0 11 20 0 39 107 72 16 121 129 57 2 0 234 600 296 0 0 97 97 0 12 0 0 0 58 69 16 0 2 247 261 320 71 33 448 219 345 400 8
540 600 600 600 600 515 135 132 451 525 595 497 538 462 297 571 600 600 600 600 567 589 313 600 600 600 562 311 445 229 105 462 281 62 12 0 104 358 42 89 210 52 27 142 337 240 302 411 223 100 181 86 545 600 454 13 0 0 0 0 0 194 351 186 539 394 444 123 69 109 179 358 40 0 0 0 0 0 0 0 0 0 0 22 134 0 44 142 94 107 123 15 56 49 127 38
540 600 600 600 600 600 410 245 268 454 516 480 506 436 598 600 600 550 407 596 520 220 229 600 600 600 530 59 199 84 160 600 189 0 82 0 11 369 81 212 60 23 187 585 76 537 579 600 540 436 336 255 405 589 562 332 59 174 247 0 4 0 42 516 547 477 504 220 1 88 95 537 383 86 0 0 0 0 0 0 0 0 0 0 95 95 270 218 23 0 197 25 0 19 84 22
540 600 600 600 600 589 543 600 494 537 600 590 578 600 600 600 600 426 233 520 298 154 175 600 600 600 600 403 0 0 295 229 2 0 0 0 0 10 161 113 241 104 93 107 421 582 535 545 448 582 579 575 577 600 600 490 42 532 31 0 0 24 337 236 550 466 301 171 321 568 597 598 399 409 258 18 0 91 22 0 0 0 6 0 0 6 51 102 60 251 9 9 27 17 78 139
540 600 600 600 600 492 304 600 600 600 588 600 600 600 600 600 600 399 285 471 554 295 47 304 600 600 600 424 276 267 33 335 291 19 18 43 6 8 1 0 327 400 284 246 190 600 600 598 590 600 600 598 596 600 600 406 37 297 0 27 0 0 147 373 491 485 322 105 458 600 600 600 569 98 15 1 0 0 0 75 0 0 85 0 7 338 209 562 136 0 0 196 23 0 114 105
540 600 600 600 598 585 588 600 600 600 600 600 600 600 600 600 573 534 509 506 412 108 281 563 600 600 600 600 600 600 578 600 600 387 232 355 452 557 298 122 501 237 188 195 567 587 600 598 583 600 600 590 546 600 600 500 118 355 0 2 6 20 57 113 482 416 165 160 349 572 600 478 114 1 0 0 0 228 400 318 192 2 0 0 0 41 146 195 38 6 91 236 165 1 0 10
540 600 600 600 590 446 577 600 600 600 600 600 600 600 600 600 562 579 386 217 426 157 335 558 582 570 588 442 600 600 600 600 487 159 381 450 304 342 515 142 399 358 309 294 299 368 521 537 583 600 600 600 600 600 600 600 509 194 111 450 538 515 301 125 435 130 45 16 253 600 543 421 130 0 0 0 0 0 1 90 0 0 0 0 0 0 0 0 0 0 8 375 467 19 22 414
540 600 600 600 600 584 585 590 600 600 600 600 600 600 600 600 598 272 135 263 437 90 251 578 402 70 226 306 600 600 595 579 280 20 303 181 239 103 226 72 424 530 339 255 140 29 1 267 549 582 600 600 600 600 505 373 145 7 263 581 581 592 426 474 450 389 11 12 326 485 32 0 54 0 0 0 0 0 0 0 0 0 0 0 0 0 0 0 0 0 0 0 16 3 50 589
540 600 600 600 600 600 600 600 600 600 600 600 600 600 600 600 600 415 539 492 177 2 63 510 340 185 0 0 307 600 561 564 295 9 68 206 42 194 3 32 109 76 53 302 315 367 249 54 46 472 600 600 600 423 0 0 424 223 414 448 501 579 595 518 600 471 77 439 600 523 159 17 0 60 179 0 0 0 0 0 0 0 0 0 0 0 0 0 0 0 0 0 0 0 0 437
540 600 600 600 600 600 600 600 600 600 600 600 578 486 426 494 406 326 196 117 12 0 54 80 98 0 0 0 93 531 335 287 225 203 399 245 353 434 426 583 268 321 16 216 475 599 549 497 267 433 578 600 600 321 0 13 471 385 496 314 230 24 86 189 344 225 349 582 483 598 399 143 120 377 525 48 0 0 0 0 0 0 0 0 0 0 0 0 0 0 0 0 0 0 0 130
540 578 561 600 600 583 595 600 600 600 600 564 600 600 600 600 586 574 442 199 81 29 5 45 15 80 81 61 502 437 399 7 58 529 414 513 588 594 600 600 600 414 206 530 451 168 110 335 385 598 600 566 600 165 146 0 0 8 485 600 366 0 0 0 5 44 427 526 520 330 272 349 326 99 30 0 0 0 0 0 0 0 0 0 0 0 0 0 0 0 0 0 0 0 0 0
478 600 352 551 600 583 405 439 600 600 600 463 600 600 600 600 600 540 506 459 448 187 0 0 0 0 42 423 257 473 600 370 449 447 211 518 418 576 600 600 502 288 546 579 583 204 4 470 565 468 294 146 409 287 261 149 156 0 221 594 88 0 0 88 57 300 600 595 349 18 357 326 37 8 0 0 0 0 0 0 0 0 0 0 0 0 0 0 0 0 0 0 0 0 0 0
540 600 169 566 600 600 600 565 600 600 600 600 600 600 600 600 600 459 0 40 12 5 0 0 0 0 135 281 204 586 600 567 240 86 557 595 265 457 573 600 600 541 584 548 571 440 97 295 526 363 0 24 243 233 288 575 475 278 568 546 44 0 0 22 80 127 528 360 589 551 453 19 0 0 0 0 0 0 0 0 0 0 0 0 0 0 0 0 0 0 0 0 0 0 0 0
490 588 546 600 600 600 600 600 600 600 600 600 600 600 600 600 600 600 131 15 195 104 115 158 66 114 65 1 0 135 539 534 312 212 600 598 558 528 495 595 487 259 67 243 43 39 20 3 95 142 10 19 330 361 310 425 415 148 67 59 2 0 0 86 446 462 251 475 467 589 238 29 0 0 0 0 0 0 0 0 0 0 0 0 0 0 0 0 0 0 0 0 0 0 0 0
540 600 600 600 600 600 600 600 600 600 600 600 600 590 586 543 568 492 78 54 334 241 37 223 209 154 205 257 59 0 26 72 174 179 543 533 154 368 282 311 53 0 0 164 71 303 354 45 0 1 0 1 158 194 63 152 131 16 0 0 2 0 0 30 492 556 61 384 586 600 600 471 11 34 203 248 0 0 0 0 0 0 0 0 0 0 0 0 0 0 0 0 0 0 0 0
522 600 600 600 600 600 600 600 600 600 600 600 600 600 555 561 588 600 135 87 250 433 467 536 389 137 108 337 314 177 12 168 9 116 366 360 164 0 81 365 15 135 142 135 141 304 107 126 31 0 0 2 0 15 102 148 6 0 123 0 0 7 3 47 522 596 282 539 600 589 545 600 544 592 600 598 199 0 0 0 0 0 0 0 0 0 0 63 268 6 0 0 0 0 0 0
524 537 592 499 600 522 507 600 600 600 600 600 600 600 581 588 600 437 8 0 322 478 536 600 579 173 266 283 4 124 465 578 541 460 250 183 142 25 9 105 205 341 273 189 308 547 568 371 120 3 16 276 305 203 328 362 40 51 514 102 77 108 191 301 549 595 302 600 600 600 600 600 600 600 600 600 482 3 9 44 275 354 103 0 0 0 0 69 6 0 0 0 0 0 0 0
419 540 546 367 568 343 110 544 571 589 600 600 600 600 600 598 458 302 349 117 398 566 500 558 600 441 388 30 306 579 480 557 600 600 600 530 307 201 487 596 596 432 18 143 316 227 596 309 446 453 277 325 600 522 554 316 0 0 292 4 16 19 64 155 260 368 334 597 600 600 600 600 600 600 600 600 319 29 125 520 258 467 441 4 0 0 0 18 179 24 10 0 11 128 129 148
