data/outputs/Sarzedas de Sao Pedro/2015/resolution_1/CONT_NORM_1_50.asc
ncols         30
nrows         30
xllcorner     -8.224023584583
yllcorner      39.953368546911
cellsize       0.000449660800
NODATA_value  -9999
10 18 88 50 20 84 56 28 9 2 51 53 7 25 37 68 40 45 26 21 50 65 80 74 98 96 71 41 50 44
42 67 35 63 47 49 38 19 15 20 31 63 6 3 18 14 16 17 70 69 80 62 79 96 99 100 92 62 79 92
25 33 42 40 65 89 63 65 79 60 42 67 6 26 13 53 64 66 75 97 100 87 95 92 94 93 77 92 80 92
16 52 92 79 86 100 100 100 72 71 17 75 33 84 42 80 55 32 81 100 86 67 68 73 61 59 94 65 55 48
38 21 77 97 99 100 100 100 98 70 55 99 96 98 87 86 100 72 62 73 45 63 85 70 61 51 81 62 19 37
68 96 100 99 100 100 96 80 85 81 82 72 100 97 85 53 85 85 73 56 42 63 96 86 72 95 98 83 32 60
59 100 99 98 99 98 87 77 41 11 36 51 75 87 90 92 95 86 86 58 82 83 51 70 44 100 97 84 90 63
45 52 90 81 73 86 69 94 77 27 16 55 87 65 82 76 93 91 74 81 94 89 67 70 89 73 67 2 26 23
33 54 66 74 53 85 59 98 68 19 13 51 64 43 56 92 99 96 94 86 92 99 96 65 78 62 45 13 37 51
55 96 92 89 52 85 77 85 73 61 45 41 60 63 38 94 96 90 92 94 84 93 97 75 48 85 98 77 11 81
51 76 93 95 69 59 33 59 87 68 86 47 76 80 59 36 82 69 61 77 83 76 66 90 74 46 80 70 7 57
7 0 54 90 98 49 24 23 52 89 99 61 41 71 59 29 60 28 13 36 80 76 47 89 97 97 100 95 39 12
52 9 56 77 49 39 37 79 66 48 93 88 32 63 7 29 18 23 16 54 35 79 68 100 99 100 100 100 100 93
65 35 89 82 26 27 88 40 46 79 90 84 58 36 30 11 28 13 40 47 38 72 80 84 100 100 99 99 96 75
74 11 37 55 28 55 42 47 86 96 62 72 24 26 11 41 12 39 17 35 18 20 40 37 87 100 100 99 98 82
96 51 77 90 82 79 40 26 26 61 57 20 24 20 23 26 20 16 29 8 20 40 35 5 24 79 92 83 94 65
98 88 97 84 65 74 46 30 45 93 93 37 39 52 50 8 3 18 15 25 33 42 22 41 29 47 55 94 79 13
95 97 97 74 26 39 55 60 57 55 71 45 45 62 26 0 0 0 0 35 94 49 10 46 50 81 99 69 14 47
93 99 99 60 42 27 55 56 41 33 23 35 20 79 53 15 5 3 0 14 94 94 94 100 100 100 100 57 5 59
73 83 99 91 69 80 97 89 63 79 92 60 66 96 100 72 44 33 71 81 100 98 100 99 99 100 95 15 13 93
82 100 100 88 98 100 90 93 100 100 98 99 99 100 100 61 14 92 100 100 100 82 89 99 100 79 95 58 80 97
98 100 99 84 91 100 100 86 68 96 100 73 73 73 93 93 51 98 100 100 100 84 81 89 88 79 98 100 99 72
98 100 100 90 82 99 99 92 75 77 72 67 23 58 64 74 74 68 74 100 100 99 95 97 95 59 95 100 99 72
98 100 93 57 74 97 87 80 93 97 72 45 85 97 81 70 53 68 67 77 100 100 99 97 99 92 92 99 99 98
62 32 39 9 3 36 47 27 14 33 3 29 95 68 62 48 66 100 97 80 86 98 82 96 95 99 98 99 95 59
91 100 96 61 64 82 99 94 81 38 55 53 90 71 37 75 97 100 84 53 89 75 80 86 93 100 98 100 100 70
96 90 75 62 39 95 99 100 90 54 94 94 94 50 86 95 98 87 77 85 86 35 35 95 100 100 99 100 100 45
82 73 93 87 85 95 100 97 84 72 78 47 35 33 66 38 31 33 25 67 67 25 47 98 98 93 62 92 100 82
98 79 71 96 88 80 72 82 83 97 67 32 54 59 42 66 85 56 22 56 23 38 40 65 60 66 66 97 100 90
88 98 87 75 93 96 86 85 92 91 87 98 85 63 24 52 81 26 49 49 27 53 40 64 88 89 76 96 98 71
