data/outputs/Sarzedas de Sao Pedro/2015/resolution_1/CONT_SPEC_1_20.asc
ncols         75
nrows         75
xllcorner     -8.224023584583
yllcorner      39.953368546911
cellsize       0.000179864320
NODATA_value  -9999
[rows 29 to 57 of 75, columns 0 to 65 of 75]
1.05500 0.0000 0.0000 0.0000 0.0000 0.792500 5.43500 5.356250 3.86500 5.872500 6.0000 6.0000 6.0000 4.483750 0.053750 0.317500 0.03500 4.07000 2.842500 0.03500 0.032500 0.497500 2.612500 4.152500 5.413750 6.0000 6.0000 5.96500 4.112500 5.498750 2.092500 3.272500 3.118750 1.911250 4.361250 5.747500 1.887500 0.0000 0.222500 0.496250 2.47000 3.288750 1.27500 1.662500 0.427500 1.03000 0.021250 0.146250 3.2000 3.62000 5.087500 4.836250 4.662500 3.20500 3.001250 0.03000 2.11000 5.69000 6.0000 6.0000 6.0000 5.97500 6.0000 6.0000 6.0000 6.0000
1.351250 0.026250 0.0000 0.0000 0.0000 1.618750 5.798750 6.0000 5.881250 3.808750 5.718750 4.586250 2.682500 1.331250 0.36000 0.35500 0.0000 1.267500 4.912500 2.162500 0.666250 2.04500 1.397500 2.461250 3.92500 5.622500 6.0000 6.0000 5.922500 3.06500 0.153750 3.023750 4.491250 4.78500 5.201250 1.523750 0.233750 0.162500 0.95000 0.071250 1.6000 2.417500 1.802500 0.081250 1.893750 1.547500 0.0000 0.99000 4.337500 4.822500 2.253750 4.262500 3.79500 2.483750 4.22000 1.73000 1.28500 4.877500 6.0000 6.0000 6.0000 6.0000 6.0000 6.0000 6.0000 6.0000
5.69500 4.638750 1.378750 0.0000 0.5000 1.218750 1.692500 4.006250 4.81500 3.17500 0.12000 0.823750 3.931250 3.23000 2.926250 2.201250 2.956250 5.01500 5.546250 5.98000 5.653750 5.757500 4.43500 1.67500 1.486250 4.356250 6.0000 6.0000 6.0000 4.853750 1.436250 1.016250 5.01000 5.153750 1.261250 0.02000 0.028750 2.877500 3.95500 0.027500 0.002500 0.003750 3.37500 1.13500 0.586250 0.692500 0.473750 2.74000 3.436250 0.513750 0.0000 0.526250 3.691250 5.97500 6.0000 5.73500 5.833750 5.823750 6.0000 6.0000 6.0000 5.512500 5.98500 6.0000 6.0000 6.0000
5.448750 5.39500 3.258750 1.472500 2.586250 5.073750 5.53000 5.13000 5.942500 4.268750 1.996250 4.673750 1.846250 3.998750 2.952500 2.291250 5.88000 4.596250 5.098750 5.356250 5.933750 5.92500 4.79000 3.328750 3.181250 4.69500 5.702500 5.95000 6.0000 4.892500 3.463750 0.913750 0.853750 2.388750 1.446250 1.11000 1.57500 1.33000 2.268750 0.841250 0.006250 2.451250 0.348750 0.93000 1.47500 0.352500 2.202500 5.123750 5.09500 0.683750 0.0000 1.26000 4.153750 5.651250 6.0000 5.67500 5.1000 6.0000 6.0000 6.0000 6.0000 6.0000 6.0000 6.0000 6.0000 6.0000
3.708750 3.661250 1.853750 1.91500 2.538750 4.87500 5.49000 5.63500 5.99500 3.373750 0.916250 2.512500 0.823750 0.401250 1.707500 5.071250 5.666250 4.26000 1.556250 1.581250 2.81500 2.647500 4.756250 4.998750 4.492500 4.41000 5.92000 5.60500 4.732500 5.27000 4.85000 3.938750 0.92500 4.186250 4.023750 2.343750 1.771250 0.99000 1.98500 0.596250 2.993750 3.107500 2.543750 0.666250 0.0000 3.093750 3.021250 3.501250 2.167500 0.288750 0.523750 2.211250 2.991250 4.97500 5.998750 5.453750 4.99000 4.261250 4.586250 6.0000 6.0000 6.0000 6.0000 6.0000 6.0000 6.0000
5.44500 2.776250 1.696250 1.206250 4.083750 5.521250 5.19500 5.49000 4.947500 3.648750 0.201250 0.248750 0.047500 0.721250 3.947500 6.0000 5.832500 5.38500 2.277500 0.47500 0.047500 0.94000 4.483750 5.902500 5.9000 5.478750 5.693750 5.241250 4.637500 5.098750 4.531250 4.156250 1.57000 1.348750 0.717500 0.79500 1.746250 1.46500 0.0000 0.356250 0.327500 0.18000 0.64500 1.708750 0.751250 2.413750 2.41000 1.462500 3.982500 3.752500 3.953750 2.58500 2.162500 3.146250 5.133750 4.891250 3.331250 2.35000 4.597500 5.96500 5.89500 6.0000 6.0000 6.0000 6.0000 5.79500
5.7000 5.052500 0.742500 2.976250 0.236250 0.713750 3.483750 4.706250 5.252500 4.263750 2.817500 0.416250 3.361250 3.318750 0.922500 2.332500 4.143750 5.58500 4.267500 3.276250 3.49500 5.586250 6.0000 6.0000 6.0000 5.97000 5.91500 3.448750 5.233750 2.971250 4.287500 1.171250 1.097500 1.807500 0.231250 0.006250 2.061250 1.27000 1.368750 0.108750 0.0000 0.0000 2.668750 4.452500 0.116250 0.99500 2.427500 0.42500 1.0000 2.57000 2.501250 2.168750 1.66000 1.52000 3.208750 3.871250 2.876250 3.412500 3.86000 5.532500 5.99000 6.0000 6.0000 6.0000 6.0000 6.0000
5.7000 4.28500 0.062500 0.042500 0.00500 0.0000 3.676250 1.392500 4.32500 1.351250 1.383750 1.51000 4.852500 4.40500 1.836250 1.688750 1.65500 2.791250 2.093750 0.788750 5.573750 5.742500 6.0000 5.067500 5.527500 5.06500 2.097500 3.99500 5.893750 3.96000 1.793750 0.761250 0.898750 1.456250 4.09000 0.21000 0.36000 2.65500 2.637500 3.307500 1.75500 0.0000 3.358750 1.71500 1.667500 0.013750 0.217500 2.331250 5.051250 0.777500 0.342500 0.406250 0.047500 0.542500 0.433750 0.946250 1.15500 1.892500 0.012500 2.038750 5.55500 5.78500 5.91500 6.0000 6.0000 6.0000
5.7000 5.756250 2.61000 0.608750 2.253750 2.928750 3.338750 3.087500 2.89500 3.048750 3.032500 1.46500 4.478750 5.123750 2.208750 0.678750 4.383750 3.54500 2.138750 1.187500 2.908750 5.018750 5.631250 5.03500 5.277500 0.773750 0.13500 1.28500 5.287500 1.988750 0.0000 0.207500 0.028750 0.10500 2.01500 0.262500 0.04000 3.312500 4.558750 2.153750 1.082500 1.958750 1.62000 2.653750 1.771250 2.681250 0.396250 0.637500 0.74500 0.982500 2.461250 0.798750 0.016250 1.823750 0.131250 0.01000 2.217500 0.631250 0.587500 0.653750 0.766250 1.902500 6.0000 6.0000 6.0000 6.0000
5.7000 6.0000 5.701250 3.523750 2.417500 4.617500 5.757500 4.31000 5.582500 6.0000 5.99000 3.416250 4.9000 4.913750 5.36500 2.003750 3.363750 4.08000 1.03500 0.423750 0.198750 0.892500 2.903750 3.438750 5.76000 3.92500 4.311250 1.392500 1.228750 2.278750 1.56500 1.871250 1.793750 1.056250 1.116250 0.357500 0.97000 4.091250 2.276250 1.316250 1.182500 1.841250 0.751250 0.18000 0.023750 0.742500 3.643750 0.897500 0.597500 1.09500 1.472500 0.2000 1.311250 2.991250 0.376250 1.387500 2.586250 0.773750 0.0000 0.01500 0.002500 1.831250 4.841250 5.836250 6.0000 6.0000
5.7000 6.0000 4.703750 0.831250 4.258750 5.316250 4.901250 4.432500 6.0000 6.0000 5.89000 4.462500 6.0000 4.677500 4.678750 2.007500 0.958750 0.142500 1.841250 1.797500 0.973750 0.502500 2.527500 2.361250 2.33500 3.378750 5.856250 2.62500 0.026250 0.048750 0.848750 1.56000 2.95500 1.562500 1.028750 3.578750 0.1000 0.482500 0.03000 0.0000 0.143750 0.26500 0.34000 1.731250 1.48000 1.54500 1.67000 1.428750 0.0000 0.64500 0.736250 1.677500 1.528750 3.578750 5.036250 3.877500 3.867500 0.59500 0.596250 0.368750 0.0000 1.132500 3.48500 1.69000 4.122500 3.60500
5.7000 6.0000 5.972500 4.493750 4.38000 5.462500 5.297500 5.99500 5.437500 4.39000 2.978750 4.007500 6.0000 3.978750 0.70500 3.207500 0.47500 0.203750 0.973750 1.41500 1.067500 2.426250 4.037500 5.647500 5.012500 4.358750 5.42500 4.96000 2.012500 0.693750 0.068750 2.82500 5.097500 2.986250 2.443750 4.562500 3.19000 0.688750 0.227500 0.05500 0.0000 0.01500 0.487500 1.601250 0.832500 0.597500 0.156250 0.803750 1.013750 1.021250 3.162500 3.002500 2.91500 4.43500 5.393750 3.92000 1.768750 1.403750 2.12000 0.711250 0.056250 2.152500 4.127500 2.94000 3.723750 0.153750
5.7000 6.0000 5.686250 5.23000 6.0000 5.97000 6.0000 6.0000 5.263750 4.42500 3.42000 2.98500 6.0000 5.56000 4.357500 3.863750 3.241250 1.616250 2.55500 1.051250 3.66000 2.281250 4.858750 5.99000 5.932500 5.97000 5.85500 5.26500 2.01500 0.072500 0.06500 1.723750 4.683750 1.876250 4.947500 5.693750 1.952500 0.038750 0.568750 1.981250 0.48500 0.212500 0.96500 2.78000 0.447500 1.307500 0.47000 0.571250 0.538750 2.462500 1.022500 2.247500 2.577500 0.611250 1.907500 1.15500 0.01000 1.173750 2.788750 4.402500 0.481250 2.146250 2.641250 2.757500 3.053750 3.827500
5.7000 6.0000 5.548750 5.877500 6.0000 6.0000 6.0000 6.0000 5.02500 2.5000 2.773750 4.301250 4.058750 3.901250 5.998750 5.932500 2.36500 3.28500 2.466250 2.382500 4.276250 2.991250 2.09000 3.313750 5.782500 6.0000 5.998750 5.193750 2.13500 3.51000 5.563750 3.313750 3.507500 0.207500 4.156250 2.487500 0.458750 0.0000 0.0000 0.22500 0.0000 0.0000 0.0000 0.0000 0.0000 0.957500 1.261250 2.68500 3.043750 2.181250 2.197500 3.051250 1.448750 0.607500 0.21000 0.151250 0.49000 0.03000 1.617500 3.41500 2.30500 1.162500 1.602500 1.282500 1.093750 4.388750
5.7000 6.0000 6.0000 6.0000 6.0000 6.0000 5.66000 5.3000 4.36500 3.356250 0.47500 1.76500 1.55500 0.0000 3.827500 4.366250 1.826250 2.293750 2.55500 2.608750 1.932500 1.466250 4.386250 3.37000 3.043750 5.94500 4.86000 0.031250 3.753750 4.177500 3.333750 3.468750 4.098750 3.612500 5.507500 1.793750 1.391250 1.877500 0.0000 0.0000 0.0000 0.0000 0.0000 0.0000 0.0000 0.0000 0.0000 1.416250 4.49500 1.80500 5.937500 6.0000 6.0000 4.167500 0.087500 0.11000 0.012500 0.052500 1.776250 3.8000 1.388750 0.888750 4.26500 5.95500 5.561250 6.0000
5.49000 5.158750 5.913750 5.09500 6.0000 5.567500 6.0000 6.0000 5.748750 4.012500 1.86000 0.123750 0.237500 1.516250 4.171250 3.438750 3.706250 4.137500 5.438750 6.0000 4.506250 4.651250 3.513750 2.293750 5.037500 4.013750 3.648750 1.388750 0.41000 4.747500 1.133750 0.22000 1.01000 5.366250 3.041250 3.258750 1.17000 0.073750 0.0000 0.0000 0.0000 0.0000 0.0000 0.0000 0.0000 0.0000 0.0000 0.0000 0.0000 1.262500 5.861250 6.0000 6.0000 3.673750 3.071250 0.488750 1.098750 4.177500 5.523750 2.666250 4.777500 5.39500 5.996250 6.0000 6.0000 6.0000
5.543750 4.701250 6.0000 5.911250 6.0000 6.0000 6.0000 6.0000 5.64500 0.46500 0.788750 0.681250 0.447500 1.201250 2.308750 5.596250 2.123750 5.872500 4.517500 5.656250 4.717500 3.603750 2.732500 1.036250 2.812500 0.131250 2.913750 3.992500 3.286250 3.096250 0.11500 0.268750 2.78500 4.03500 5.486250 1.843750 0.0000 0.0000 0.0000 0.0000 0.0000 0.0000 0.0000 0.0000 0.0000 0.0000 0.0000 0.0000 0.0000 0.353750 4.567500 6.0000 6.0000 4.382500 5.263750 5.723750 5.811250 5.748750 6.0000 5.98500 6.0000 6.0000 6.0000 6.0000 6.0000 6.0000
5.652500 6.0000 6.0000 6.0000 6.0000 6.0000 5.97500 5.61000 5.617500 0.882500 3.143750 3.15500 2.22000 2.26500 1.373750 0.69500 1.191250 4.501250 1.712500 2.596250 0.507500 1.1000 2.046250 1.576250 0.08000 0.007500 0.91500 1.161250 0.38000 0.306250 0.021250 0.2000 5.412500 3.162500 5.936250 5.54000 2.951250 4.12000 0.496250 0.0000 0.0000 0.0000 0.0000 0.156250 0.683750 0.0000 0.0000 0.0000 0.08500 3.916250 5.198750 6.0000 6.0000 6.0000 6.0000 6.0000 5.162500 5.632500 6.0000 6.0000 6.0000 6.0000 6.0000 6.0000 5.97000 6.0000
5.048750 5.007500 5.081250 4.401250 5.898750 6.0000 6.0000 5.91500 4.492500 1.181250 4.407500 5.482500 4.481250 2.416250 2.528750 5.198750 5.5000 3.906250 1.682500 2.992500 3.933750 1.553750 3.49500 4.606250 2.553750 2.232500 4.071250 3.897500 0.227500 2.28000 0.546250 1.77500 4.426250 4.577500 6.0000 6.0000 6.0000 6.0000 2.081250 1.741250 3.382500 1.366250 0.0000 0.217500 0.52000 0.02500 0.347500 0.69000 0.043750 1.687500 6.0000 6.0000 6.0000 6.0000 6.0000 6.0000 5.857500 5.792500 6.0000 6.0000 6.0000 6.0000 6.0000 6.0000 6.0000 6.0000
5.48000 3.126250 4.14000 3.616250 5.878750 6.0000 5.882500 5.782500 5.892500 5.646250 3.741250 4.943750 4.238750 4.023750 4.927500 5.99000 6.0000 5.96500 6.0000 5.99500 5.331250 0.887500 1.127500 3.691250 6.0000 6.0000 5.533750 5.222500 4.172500 0.248750 1.10500 5.288750 5.483750 5.80500 6.0000 6.0000 6.0000 6.0000 5.193750 4.647500 5.43000 2.981250 0.137500 0.0000 0.72500 2.46500 5.422500 6.0000 5.352500 5.63500 6.0000 6.0000 5.95000 5.94000 6.0000 6.0000 6.0000 6.0000 6.0000 5.67500 5.69500 6.0000 6.0000 6.0000 6.0000 6.0000
3.353750 5.458750 4.477500 5.671250 6.0000 6.0000 5.97000 6.0000 6.0000 6.0000 4.637500 1.538750 5.00500 5.927500 6.0000 5.97500 5.687500 5.13500 4.76000 5.838750 5.54500 5.356250 4.598750 5.797500 6.0000 5.961250 5.898750 6.0000 5.962500 4.63500 5.638750 5.99500 6.0000 6.0000 6.0000 6.0000 6.0000 6.0000 5.426250 1.758750 4.167500 0.5000 1.667500 4.297500 5.348750 5.862500 6.0000 6.0000 6.0000 6.0000 6.0000 5.99000 5.867500 5.642500 6.0000 6.0000 6.0000 6.0000 6.0000 6.0000 6.0000 6.0000 6.0000 6.0000 6.0000 6.0000
3.151250 5.036250 6.0000 6.0000 6.0000 6.0000 6.0000 6.0000 5.963750 4.426250 5.302500 5.956250 6.0000 6.0000 6.0000 5.71500 4.04000 5.556250 4.952500 5.328750 5.94000 6.0000 6.0000 6.0000 6.0000 5.66500 5.772500 5.97000 5.99500 5.85500 5.96500 6.0000 6.0000 6.0000 6.0000 6.0000 6.0000 5.58500 5.736250 1.282500 0.0000 0.268750 4.568750 6.0000 6.0000 6.0000 6.0000 6.0000 6.0000 6.0000 6.0000 5.83000 5.917500 5.5000 5.352500 4.63500 5.576250 6.0000 6.0000 6.0000 6.0000 6.0000 6.0000 5.99500 6.0000 5.922500
4.018750 5.256250 6.0000 6.0000 6.0000 6.0000 6.0000 5.616250 4.206250 5.847500 6.0000 6.0000 6.0000 6.0000 6.0000 6.0000 4.902500 5.436250 5.556250 5.933750 6.0000 6.0000 6.0000 6.0000 5.99000 5.95500 6.0000 6.0000 5.977500 5.927500 5.917500 5.922500 6.0000 6.0000 6.0000 6.0000 6.0000 6.0000 5.381250 1.16000 0.0000 1.601250 2.488750 5.54000 6.0000 6.0000 6.0000 6.0000 6.0000 6.0000 6.0000 6.0000 5.318750 4.778750 4.857500 4.091250 5.791250 5.952500 6.0000 6.0000 6.0000 6.0000 5.772500 3.593750 3.296250 5.061250
5.7000 6.0000 6.0000 6.0000 6.0000 5.99000 5.99500 5.952500 5.006250 5.882500 6.0000 6.0000 6.0000 6.0000 6.0000 6.0000 6.0000 6.0000 6.0000 6.0000 5.136250 5.192500 6.0000 6.0000 6.0000 6.0000 6.0000 6.0000 6.0000 6.0000 6.0000 6.0000 6.0000 6.0000 5.55500 5.912500 6.0000 6.0000 5.251250 0.953750 0.0000 0.0000 3.833750 5.73000 6.0000 6.0000 6.0000 6.0000 6.0000 6.0000 6.0000 6.0000 5.893750 3.676250 2.971250 5.032500 4.598750 5.418750 6.0000 6.0000 6.0000 6.0000 5.95000 3.701250 1.836250 5.777500
5.7000 6.0000 6.0000 6.0000 5.97000 5.718750 5.968750 6.0000 5.621250 3.936250 5.523750 6.0000 6.0000 6.0000 6.0000 6.0000 6.0000 6.0000 5.99500 4.283750 4.233750 4.113750 5.726250 5.963750 6.0000 6.0000 6.0000 6.0000 5.626250 5.93500 5.832500 5.99500 5.30500 5.493750 5.01000 5.947500 5.44000 6.0000 6.0000 5.326250 2.498750 1.933750 4.51500 6.0000 6.0000 6.0000 6.0000 6.0000 6.0000 6.0000 5.862500 6.0000 5.882500 5.782500 4.937500 4.818750 4.577500 3.992500 5.38000 5.241250 5.682500 6.0000 6.0000 5.322500 4.307500 5.357500
5.7000 6.0000 6.0000 6.0000 6.0000 6.0000 6.0000 6.0000 3.686250 5.022500 3.806250 5.34000 6.0000 6.0000 6.0000 6.0000 6.0000 6.0000 5.886250 2.627500 2.138750 4.82500 3.28500 5.848750 6.0000 6.0000 6.0000 5.3000 1.672500 1.19500 2.502500 2.68500 1.981250 4.31500 1.068750 4.633750 5.467500 6.0000 5.97500 6.0000 6.0000 5.817500 3.121250 5.916250 6.0000 6.0000 6.0000 6.0000 6.0000 6.0000 6.0000 6.0000 6.0000 5.45000 4.777500 5.762500 5.886250 5.233750 5.823750 4.232500 3.86500 4.336250 5.568750 5.353750 5.10500 6.0000
5.7000 6.0000 6.0000 6.0000 6.0000 6.0000 6.0000 6.0000 5.802500 4.968750 4.54500 3.231250 6.0000 6.0000 6.0000 5.807500 5.92000 5.747500 5.996250 4.103750 2.512500 5.226250 2.142500 4.72500 5.48500 5.78500 5.013750 0.648750 5.318750 3.161250 0.903750 0.882500 0.423750 1.12000 4.24000 5.626250 5.787500 2.666250 5.01000 6.0000 6.0000 6.0000 4.781250 4.367500 5.022500 5.962500 6.0000 6.0000 6.0000 6.0000 6.0000 6.0000 6.0000 5.94000 5.641250 5.762500 5.90500 5.94500 5.936250 5.941250 6.0000 5.843750 4.743750 3.021250 3.506250 5.53000
5.7000 6.0000 6.0000 6.0000 6.0000 6.0000 6.0000 5.99500 5.466250 5.691250 5.687500 4.68000 5.462500 5.95500 6.0000 6.0000 6.0000 5.756250 5.87500 5.556250 4.883750 5.306250 3.917500 4.09500 5.193750 5.84500 3.87500 0.218750 5.526250 5.428750 1.97000 0.923750 1.156250 3.27500 6.0000 5.523750 1.041250 1.752500 5.896250 4.29500 3.377500 4.63500 3.466250 3.86500 5.306250 3.633750 4.211250 6.0000 6.0000 6.0000 6.0000 6.0000 6.0000 6.0000 5.913750 5.67000 4.72500 5.76500 5.95500 6.0000 5.85000 5.26500 5.71000 2.91000 1.497500 4.77000
5.7000 6.0000 6.0000 6.0000 6.0000 6.0000 5.388750 5.24000 4.838750 3.232500 5.291250 5.13500 5.22500 5.827500 6.0000 6.0000 6.0000 5.78500 5.99500 6.0000 5.97000 5.837500 5.752500 5.12000 5.398750 5.852500 5.318750 1.327500 3.94000 5.616250 4.473750 3.851250 2.73500 5.662500 6.0000 4.928750 2.722500 2.056250 5.428750 2.44000 0.008750 3.562500 4.596250 3.92500 0.567500 0.738750 2.093750 3.643750 6.0000 6.0000 6.0000 6.0000 6.0000 6.0000 6.0000 6.0000 5.97500 6.0000 5.99000 4.591250 5.812500 5.647500 6.0000 3.7000 3.98000 5.94000
