data/outputs/Sarzedas de Sao Pedro/2015/resolution_1/CONT_SPEC_1_30.asc
ncols         50
nrows         50
xllcorner     -8.224023584583
yllcorner      39.953368546911
cellsize       0.000269796480
NODATA_value  -9999
[rows 0 to 36 of 50, columns 0 to 49 of 50]
0.008888 0.224444 0.662222 5.291111 5.467222 3.493333 1.962778 0.076666 2.933889 5.786667 5.138889 3.60500 2.876111 1.538333 0.356666 0.21500 0.533333 3.460556 4.624444 3.132222 0.786666 1.043889 2.353333 2.557778 2.680556 4.640556 5.130556 2.518889 1.527222 4.738333 2.74500 0.552777 0.768888 2.236667 1.72000 3.531111 3.441111 5.23000 5.225556 4.944444 5.8000 5.8000 5.615556 5.130556 2.736667 4.177778 1.713333 4.108889 0.830555 4.79000
2.231111 0.790555 1.021111 2.900556 5.001111 3.632222 3.371667 2.302222 3.320556 4.788889 2.539444 1.189444 1.328333 0.796111 0.218888 0.006666 0.137777 2.257222 5.610556 0.301666 0.051111 0.183333 0.196666 0.783333 2.531111 3.162778 0.908888 1.777778 1.570556 1.215556 0.793888 1.086111 0.758333 4.440556 4.931667 3.67500 4.731111 3.981111 4.98500 3.618889 6.0000 6.0000 5.995556 5.014444 5.877222 2.11000 3.942222 3.031667 1.416111 3.39500
3.537222 3.472778 5.245556 2.266111 1.926667 3.166111 2.242222 2.968333 2.894444 1.223889 1.673333 2.309444 0.371666 0.071666 0.688333 1.793333 1.498889 0.939444 5.508333 2.294444 0.055555 0.010555 0.019444 1.53000 0.168888 0.538888 1.23500 0.989444 0.019444 0.86500 4.253333 5.862222 4.441111 4.131667 4.241111 3.590556 3.128889 4.559444 5.822222 5.977778 6.0000 6.0000 5.967778 5.973333 5.413889 3.496667 2.008333 4.965556 5.995556 5.8000
0.416111 2.730556 2.456667 0.752777 2.52000 3.59000 2.333889 2.910556 4.717222 5.293333 2.641111 1.888889 0.977777 2.621111 4.466667 1.592222 1.675556 1.749444 4.887222 4.748333 1.333889 0.497777 0.174444 0.041111 0.085555 0.940555 2.052222 1.917778 2.400556 4.349444 5.85000 5.181667 6.0000 5.982222 5.904444 5.871667 5.84500 5.97000 6.0000 5.530556 5.683333 6.0000 5.763333 4.77500 4.221111 4.613889 5.989444 6.0000 5.986667 5.8000
1.022222 2.918889 2.076667 1.777222 3.003333 1.935556 2.787778 5.326111 5.94500 5.478889 4.674444 5.201667 4.817222 5.236111 4.458333 5.598889 2.685556 2.454444 5.128333 2.161667 0.007777 0.011111 3.943333 0.859444 1.507222 2.99000 5.380556 4.16000 4.56500 4.049444 4.013889 4.133889 6.0000 5.986667 6.0000 5.24000 4.183333 5.828333 5.525556 5.238333 5.366667 5.763889 5.982222 5.651111 4.125556 5.841111 5.767778 2.93500 5.557222 5.128333
0.655555 0.668888 4.181667 5.313889 5.423333 4.066111 4.94000 5.986667 6.0000 6.0000 5.986667 6.0000 6.0000 5.083333 3.49500 4.683889 4.492222 0.040555 1.395556 4.817222 1.352778 1.995556 5.222778 2.515556 2.203333 4.213889 3.81500 2.03500 2.017222 3.52000 3.576667 5.986667 6.0000 5.628889 5.78000 5.303889 3.183889 4.788889 4.243889 5.218333 5.557222 3.831667 4.653333 5.152778 6.0000 5.667222 1.957222 2.867222 5.008889 1.784444
2.44500 1.311667 1.062222 5.357222 5.96000 5.303333 5.22000 4.206111 5.988889 6.0000 6.0000 6.0000 5.988889 5.017222 5.348889 4.522778 2.831111 0.506111 4.304444 5.935556 3.977778 4.528889 5.813333 5.018889 2.546667 5.53500 5.986667 5.463333 2.379444 0.43000 4.488889 6.0000 6.0000 4.01500 3.478889 3.358333 2.3000 4.176111 4.259444 4.927222 2.582222 2.454444 1.916111 4.870556 5.566111 4.742778 1.0000 4.941111 3.557778 0.772777
2.517222 0.973888 0.388333 2.118333 4.691111 6.0000 5.983889 5.885556 6.0000 6.0000 6.0000 6.0000 6.0000 5.917778 5.984444 4.969444 3.63500 2.46000 5.983889 5.924444 5.868333 5.75000 5.962222 5.812222 5.264444 5.400556 6.0000 5.986667 5.796111 4.021667 2.106667 5.816667 4.372778 3.097222 3.078333 3.96000 4.239444 5.137778 5.3000 2.917778 4.166667 4.520556 2.122778 2.669444 5.696111 5.81500 0.372777 0.870555 1.669444 3.057778
3.873333 3.994444 4.516111 5.948333 5.957778 5.988889 6.0000 6.0000 5.916667 6.0000 5.953333 5.73000 6.0000 6.0000 6.0000 4.473889 4.908333 5.436111 4.118889 5.932222 6.0000 6.0000 5.868889 5.973333 3.886111 1.406667 3.513889 5.333889 5.621667 6.0000 4.867778 1.498889 1.29500 1.094444 3.789444 5.001667 5.114444 5.4000 5.882222 3.067222 2.591667 1.997222 5.531667 5.426111 6.0000 5.888889 1.778889 0.083888 0.462222 3.412222
2.092778 5.936667 5.936667 6.0000 5.962778 5.794444 6.0000 6.0000 6.0000 6.0000 5.938889 5.357222 3.225556 5.020556 4.446667 4.808889 4.496667 5.197222 3.310556 4.508333 6.0000 6.0000 5.853333 5.312778 5.533333 3.807778 5.446111 4.728333 4.086667 5.466667 5.965556 3.381667 5.687222 4.196667 1.763889 1.957222 4.837222 5.971111 6.0000 5.450556 5.578333 5.460556 6.0000 6.0000 5.596111 4.757778 5.218889 2.881111 3.086111 5.348889
2.211667 5.66500 5.986667 5.998333 5.990556 5.901667 6.0000 6.0000 5.90500 6.0000 5.871111 4.987778 4.562778 4.708889 1.896667 1.375556 0.402222 3.270556 3.483889 3.711111 4.27000 6.0000 4.950556 4.230556 5.772222 5.916111 5.793333 5.376111 4.877778 5.046667 5.977222 3.019444 2.592222 3.557222 5.416667 3.608333 5.893889 2.479444 4.673333 2.261111 2.114444 3.421111 6.0000 6.0000 5.702778 5.986667 6.0000 6.0000 5.595556 5.316667
3.920556 3.882222 5.897778 5.903889 5.758889 5.602222 6.0000 6.0000 5.733889 5.488889 5.297778 4.097222 5.043333 5.037222 0.971666 0.12000 0.002222 1.170556 1.749444 2.495556 4.681667 3.89500 5.913889 5.878889 5.182222 4.848333 5.337778 5.965556 5.663333 5.927778 6.0000 5.198333 4.656111 4.07500 5.552778 5.973333 4.412778 3.326667 4.113889 5.711111 3.635556 4.898889 6.0000 6.0000 4.636667 3.086667 1.919444 3.548889 1.687778 1.209444
4.641667 0.618333 2.486667 5.241111 5.133333 3.70500 5.433333 3.647778 4.658333 5.446111 3.418889 5.231111 5.650556 5.413889 4.306111 3.367222 0.14000 1.31000 0.982777 5.055556 5.893889 3.759444 3.799444 4.305556 4.921667 4.483333 4.787778 5.342222 5.645556 4.615556 4.198333 4.593889 4.59000 5.402222 5.667778 5.028889 5.293333 3.743333 1.98500 4.808889 4.92000 5.968889 4.461667 5.103889 3.641667 0.003333 0.25000 2.64000 0.062222 1.831111
3.009444 0.159444 1.472222 5.091667 4.288889 5.318333 4.171667 2.96000 4.212778 5.027778 3.347222 4.86000 5.973333 5.846667 4.569444 3.035556 0.822222 1.023889 4.198333 4.59500 5.098889 5.461111 3.69000 3.538333 4.918889 4.728333 5.866667 5.921111 5.934444 5.999444 3.768889 5.997778 6.0000 5.951111 5.97000 5.995556 6.0000 4.732222 5.16500 3.65500 5.096667 5.425556 0.7000 2.618333 1.807778 0.432222 2.488889 3.646667 1.355556 2.888333
1.315556 3.536111 3.431111 4.810556 3.202222 4.753889 3.114444 3.207222 4.704444 5.486667 3.26500 4.058889 5.88000 5.411111 2.237222 0.345555 0.0000 0.069444 2.041667 1.551111 3.219444 2.468333 2.103889 0.675555 3.68000 5.518889 5.943333 5.874444 6.0000 5.408889 5.993333 5.586111 4.728333 4.462222 5.614444 5.795556 5.957778 5.987778 5.812222 2.44500 4.374444 4.524444 5.058889 5.089444 2.2000 0.063888 1.03500 1.273889 0.923333 5.567778
0.511666 5.353889 5.931111 5.665556 5.010556 5.193889 3.630556 2.374444 5.19000 5.722222 4.917778 5.456667 5.216667 4.961667 2.513333 1.507222 3.667222 1.178333 0.423333 2.153889 1.978889 3.940556 2.268333 0.706666 1.731667 5.241667 5.948889 5.391111 5.973333 6.0000 5.961111 5.968889 5.835556 5.386667 5.175556 5.975556 5.98000 5.701111 5.931111 3.784444 2.814444 4.221111 5.977778 5.963333 5.658889 4.607778 2.15500 0.0000 1.972778 5.505556
5.639444 4.37500 5.746667 6.0000 6.0000 5.955556 3.978333 3.91500 3.642222 4.638889 4.198889 3.829444 4.522222 5.976667 5.447222 4.909444 5.806667 3.863333 2.42000 4.859444 4.578889 5.697222 5.812222 5.381111 2.603333 4.683333 5.833333 6.0000 6.0000 3.360556 4.11500 5.900556 5.272222 5.213889 4.677222 3.503333 5.652778 4.84000 4.008889 4.878889 3.62500 0.970555 2.541111 4.801667 5.959444 5.92500 3.594444 1.573889 4.131111 5.8000
2.49500 4.175556 5.667222 5.781111 6.0000 6.0000 5.553889 3.721111 3.932222 2.79000 1.676111 1.515556 3.879444 5.363333 4.676111 3.331667 5.3000 5.29000 4.183889 2.980556 3.947778 4.909444 4.068889 5.430556 2.953889 0.457777 2.971667 5.316667 5.939444 4.29000 2.395556 4.947778 4.646667 5.580556 4.527778 3.698333 5.07000 3.882778 4.423333 5.808333 5.690556 2.985556 3.15000 3.237778 5.221667 4.339444 1.539444 0.026111 0.991666 4.483333
0.513333 0.029444 0.112777 1.501111 4.486111 6.0000 6.0000 5.560556 3.942778 3.423889 2.381111 0.303888 1.041111 4.906111 5.771667 4.970556 5.85500 5.988889 3.248333 2.268889 2.475556 3.844444 5.223333 4.143333 3.32500 1.436667 5.263333 4.178333 3.665556 1.135556 2.509444 0.602777 2.33000 4.906111 4.593333 5.917778 5.867222 5.01000 5.15500 4.812778 5.791667 4.636111 5.542222 6.0000 5.937778 5.667778 3.635556 0.06000 0.0000 1.988889
0.767222 0.0000 0.0000 0.549444 5.091667 4.451111 5.943333 6.0000 5.451667 1.37500 0.963333 2.183333 1.378889 0.278333 2.198333 4.489444 5.738889 5.997778 5.18000 3.835556 2.141111 3.047222 3.413333 5.288889 2.221111 0.258333 2.226111 2.739444 1.756667 1.16500 0.797777 0.071111 3.191667 4.214444 4.525556 3.771667 2.393889 0.947777 5.203889 6.0000 6.0000 5.986667 6.0000 6.0000 6.0000 5.997778 5.756111 3.436667 1.521667 0.305555
2.44000 0.183888 0.0000 0.866111 5.306667 5.922222 4.129444 3.346111 2.412778 0.610555 0.338333 1.541111 4.872222 2.373889 2.816667 1.967222 3.613889 5.95000 6.0000 4.166111 0.706111 4.217778 5.085556 1.831111 0.336111 1.548889 0.272222 1.547222 1.821667 0.880555 0.993333 0.802777 4.296667 1.916667 3.343333 3.385556 4.32500 2.698889 5.422778 6.0000 6.0000 6.0000 6.0000 6.0000 6.0000 6.0000 6.0000 6.0000 5.723333 5.311667
5.50500 3.956667 1.155556 3.520556 3.611667 5.068889 2.598889 2.890556 3.673333 3.640556 3.732222 5.30500 5.322222 5.791667 5.853889 3.502222 2.992222 5.652222 5.977778 5.493333 2.301111 1.82500 2.351667 0.90500 0.948333 3.113889 0.386666 1.092222 1.018333 1.447222 0.461111 4.019444 3.111111 0.072222 2.259444 5.144444 6.0000 5.455556 6.0000 6.0000 6.0000 5.776667 6.0000 6.0000 6.0000 6.0000 5.986667 6.0000 5.978333 5.233889
3.676111 2.197222 2.097778 4.627778 5.637222 5.835556 2.883333 1.440556 0.558333 1.801667 5.438889 5.002778 1.231667 1.616667 2.253333 5.3000 4.878889 5.41000 5.218889 4.801667 5.248889 1.85500 3.670556 2.189444 1.527778 1.091111 1.184444 2.096111 1.84000 0.360555 3.343889 2.388333 2.287778 0.976111 2.522222 3.504444 5.508333 4.368889 3.620556 5.668333 6.0000 6.0000 6.0000 5.911111 5.997778 5.925556 5.997778 5.51000 4.79000 3.656667
5.713333 2.029444 2.091667 1.878889 4.134444 4.923889 2.962778 0.890555 2.480556 1.937778 3.96500 5.271667 3.913333 2.034444 4.811111 5.997778 6.0000 5.835556 4.752778 3.999444 3.175556 1.510556 1.00500 0.006111 2.124444 0.882222 0.048333 0.08000 2.689444 1.133333 2.404444 0.641111 2.211111 3.742778 2.045556 2.336667 4.272222 3.519444 3.418889 5.321111 5.948889 6.0000 6.0000 5.997778 6.0000 5.957778 5.954444 5.784444 5.297222 4.070556
5.786667 1.508889 0.133888 0.267222 3.153333 2.98500 1.131667 1.389444 4.597222 2.660556 1.707222 2.093333 1.782778 4.013889 5.472222 5.500556 5.395556 1.88500 4.167222 4.181111 1.148889 0.489444 1.865556 1.213889 0.396111 3.738889 2.776667 0.487222 2.572222 1.657222 0.822222 1.497778 2.916111 0.624444 0.371111 0.412222 0.612222 1.547222 1.063889 1.16000 4.182222 5.572778 6.0000 6.0000 5.973889 5.847778 5.878889 5.993333 6.0000 5.431111
5.8000 5.355556 2.537222 4.349444 4.461667 4.673333 5.671111 3.895556 4.911667 4.756667 2.463333 4.487222 0.988888 0.480555 2.798889 3.886111 4.724444 2.60500 1.570556 2.218889 1.156667 1.169444 1.202778 0.459444 1.84500 3.309444 1.425556 1.798333 1.198889 0.678888 1.45500 1.363333 0.714444 1.756111 0.254444 2.578889 0.408888 1.54000 0.401666 0.31000 0.166111 4.567222 5.927222 6.0000 5.977222 5.398333 5.891667 5.976667 5.835556 4.301667
5.8000 5.423889 2.246111 5.013889 4.604444 5.864444 5.655556 4.468889 5.789444 3.336111 2.299444 0.226111 1.735556 1.153889 1.691667 3.551667 3.353889 4.631111 2.22500 0.5000 0.897777 3.247778 1.575556 2.77000 0.671666 0.120555 0.0000 0.181666 0.983888 1.372222 1.237778 1.21000 0.094444 1.466111 1.908889 3.092222 5.009444 3.761111 0.907777 0.851111 0.276666 2.844444 1.832778 3.046111 4.862222 4.877778 4.203333 5.421111 3.872222 0.701111
5.8000 5.848333 5.476111 5.90500 5.975556 5.478889 4.207222 2.805556 6.0000 3.522222 3.290556 1.168889 1.656667 2.269444 2.543333 5.827778 5.757222 5.868333 3.768889 1.381111 0.655555 4.011111 2.610556 5.790556 2.068333 0.374444 1.118333 0.103333 0.885555 1.498333 0.838333 0.513888 1.432778 1.718889 2.835556 2.196111 2.962222 0.238888 1.777222 2.757222 0.469444 3.619444 3.578889 3.041667 3.37000 6.0000 5.27500 5.370556 2.518333 0.001111
5.8000 5.799444 5.945556 6.0000 6.0000 5.360556 3.41000 2.824444 3.29000 4.504444 5.066111 1.972778 2.182778 2.377222 2.561667 2.656667 5.145556 5.802778 3.50500 2.986667 5.141111 3.988889 1.973889 3.086111 0.468888 0.0000 0.1000 0.0000 0.0000 0.0000 0.962222 1.702778 3.871667 2.692778 3.723889 1.902778 0.137777 0.304444 0.168333 2.658333 1.596111 1.638333 2.712778 4.078889 5.982222 5.251111 1.053889 1.492222 4.802778 1.54000
5.387778 5.906667 5.597778 5.807778 5.655556 5.25000 2.73000 0.443333 0.350555 3.084444 3.032222 3.862778 5.097778 4.638333 4.0000 3.26000 4.651111 4.102778 1.327222 3.446667 0.881111 1.388889 4.92000 3.100556 1.687778 0.052777 0.0000 0.0000 0.0000 0.0000 0.0000 0.143888 0.689444 4.65000 6.0000 4.79500 1.598333 0.501666 3.367778 4.053889 3.722222 5.390556 6.0000 6.0000 6.0000 5.278889 3.464444 0.667222 0.465555 3.437778
5.191111 5.961667 5.960556 6.0000 5.973333 5.622222 0.953888 0.978888 1.050556 1.689444 3.401667 4.333889 4.087222 3.827778 2.544444 1.772222 1.262222 1.733889 3.146667 1.866111 0.053333 2.554444 4.109444 3.942222 0.27500 0.27500 0.0000 0.0000 0.0000 0.0000 0.0000 0.0000 0.14000 3.741111 6.0000 5.281111 5.672778 5.538889 5.72500 5.993333 6.0000 6.0000 6.0000 6.0000 5.921111 3.867778 2.01500 0.021666 0.751111 3.607222
5.420556 5.22000 5.256667 5.987778 5.927778 5.256667 1.848333 5.191111 3.421667 2.390556 3.787222 3.848333 1.570556 3.099444 1.847778 3.502222 1.494444 2.49500 2.06000 1.206111 0.536111 3.767222 4.946667 5.926667 5.928333 3.143333 1.365556 1.518889 0.0000 0.701111 0.023333 0.448888 0.836111 4.99500 6.0000 6.0000 6.0000 5.818889 5.907778 6.0000 6.0000 6.0000 5.988889 5.997778 6.0000 4.38000 1.338333 0.0000 3.106111 5.8000
5.051667 3.591667 4.839444 6.0000 5.863333 5.94000 5.283889 3.927222 4.31000 5.203889 5.881667 5.751667 5.686111 5.498333 1.933889 3.603333 6.0000 5.790556 5.477778 2.209444 3.361111 5.75500 5.913333 6.0000 6.0000 5.390556 4.416667 3.13000 0.358333 1.76500 4.111111 6.0000 5.568889 5.981111 6.0000 5.826111 6.0000 6.0000 6.0000 5.855556 5.864444 6.0000 6.0000 6.0000 5.222222 0.837777 0.0000 0.105555 4.862222 5.428889
3.322778 5.911111 5.901111 6.0000 5.986667 5.983889 5.10500 4.436111 5.873889 6.0000 5.506111 5.111111 4.976111 5.924444 6.0000 6.0000 6.0000 5.69000 5.986667 5.908889 5.984444 6.0000 6.0000 6.0000 6.0000 5.694444 1.251111 0.551666 4.652222 6.0000 6.0000 6.0000 6.0000 6.0000 5.906667 5.661667 5.153333 5.763889 6.0000 6.0000 6.0000 6.0000 5.997778 5.965556 5.687778 2.157222 0.017777 2.458889 5.900556 5.623889
4.722222 6.0000 6.0000 6.0000 6.0000 4.701111 5.932222 6.0000 6.0000 6.0000 5.866667 5.39500 5.773333 5.995556 6.0000 6.0000 5.975556 6.0000 6.0000 5.957778 5.931111 5.997778 6.0000 5.993333 6.0000 5.392222 0.53500 0.711666 3.415556 6.0000 6.0000 6.0000 6.0000 6.0000 6.0000 4.724444 4.183333 5.553333 5.9000 6.0000 6.0000 5.876667 2.828333 5.280556 5.943889 5.358889 4.292778 5.928333 5.892222 5.691111
5.8000 6.0000 6.0000 5.857222 5.983889 5.7000 4.818889 6.0000 6.0000 6.0000 6.0000 6.0000 5.766111 4.304444 4.719444 5.945556 6.0000 6.0000 5.997778 5.807222 5.925556 5.688889 5.43000 5.651667 5.751111 6.0000 3.392222 1.349444 5.076667 6.0000 6.0000 6.0000 6.0000 5.938889 6.0000 5.201111 4.459444 4.326667 4.783333 5.532222 5.858889 6.0000 4.023889 4.868889 6.0000 6.0000 5.939444 5.905556 5.973889 5.619444
5.8000 6.0000 6.0000 6.0000 6.0000 4.91000 4.775556 4.40500 6.0000 6.0000 6.0000 6.0000 5.305556 2.33000 3.996111 5.093889 5.961667 5.876667 3.769444 1.812778 2.278333 1.505556 2.762778 3.936667 5.697778 5.282778 6.0000 5.918889 3.736111 5.895556 6.0000 6.0000 6.0000 6.0000 6.0000 5.731111 5.367222 5.933333 5.611667 5.129444 4.645556 5.08500 5.018333 5.729444 6.0000 5.921111 6.0000 6.0000 4.383889 1.482222
