data/outputs/Sarzedas de Sao Pedro/2015/resolution_1/CONT_TOTAL_1_5.asc
ncols         300
nrows         300
xllcorner     -8.224023584583
yllcorner      39.953368546911
cellsize       0.000044966080
NODATA_value  -9999
[rows 0 to 52 of 300, columns 192 to 287 of 300]
0 48 107 119 118 28 85 120 117 7 0 0 0 0 0 0 0 0 0 0 48 73 47 100 120 120 120 110 120 120 120 120 120 100 101 65 75 58 40 117 120 120 120 120 120 120 120 120 120 120 120 120 120 120 120 120 120 120 120 120 120 120 120 120 120 120 120 120 120 120 120 91 120 99 120 114 102 51 93 112 119 120 120 119 27 0 2 99 120 72 27 32 80 101 91 112
0 0 6 46 103 111 142 150 127 9 0 0 0 0 0 0 0 11 15 126 130 110 141 150 150 150 149 107 109 144 145 150 141 130 143 97 140 101 69 136 150 150 150 150 150 150 150 150 150 150 150 150 150 150 150 150 150 150 150 150 150 150 150 150 139 102 98 150 150 123 135 135 120 4 30 39 107 74 102 137 150 150 150 149 39 0 56 148 150 150 129 117 150 150 137 39
0 0 0 0 0 0 31 108 30 2 0 0 0 0 0 0 67 144 126 118 118 145 106 121 129 80 139 31 43 59 105 138 123 100 113 138 150 150 145 142 150 150 150 150 150 150 150 150 150 150 150 150 150 150 150 150 150 150 150 150 150 150 150 150 138 101 130 150 148 84 108 116 84 1 15 28 59 4 6 133 148 150 141 76 0 0 39 87 56 132 150 150 150 150 120 0
0 0 0 0 0 6 3 51 31 23 15 11 42 27 0 0 0 36 68 72 111 92 10 23 36 86 32 28 83 31 123 150 148 114 131 150 150 150 150 150 150 150 150 150 150 150 150 150 150 150 150 150 150 150 150 150 150 150 150 150 150 150 150 150 148 116 53 128 150 124 149 132 106 85 43 13 41 0 29 150 150 150 77 0 0 0 25 0 17 144 150 150 150 148 101 0
0 0 0 0 0 2 0 19 90 106 93 99 147 69 54 62 49 90 148 125 46 1 21 57 95 90 62 27 53 87 139 150 150 150 150 150 150 150 150 150 150 133 45 54 52 147 150 150 150 150 150 150 150 150 150 150 150 150 150 150 150 150 150 150 150 141 141 150 150 150 150 133 99 113 75 21 65 5 95 150 150 150 132 0 0 0 0 0 20 143 150 150 150 130 0 0
0 0 0 0 0 0 42 115 115 68 71 140 132 85 118 137 133 148 150 150 144 97 127 71 131 105 103 21 7 27 109 147 150 150 150 150 150 150 150 150 138 23 0 0 20 116 148 150 150 150 150 150 150 150 150 150 150 150 150 150 150 150 150 150 150 150 150 150 150 148 126 70 85 125 115 133 123 53 68 55 124 95 19 0 0 0 0 0 0 20 133 150 150 97 5 0
2 0 0 0 0 3 75 130 91 109 98 148 121 131 149 49 15 100 148 126 91 53 120 136 150 148 148 137 54 89 129 150 150 150 150 150 150 150 150 150 148 27 1 1 0 26 140 150 150 150 150 150 150 150 150 150 150 150 150 150 150 150 150 150 150 150 150 150 145 97 23 30 144 149 150 150 138 130 127 44 58 7 0 0 0 0 0 0 0 15 141 150 150 139 2 0
0 0 0 0 2 10 74 119 29 128 150 150 150 129 117 81 93 60 135 50 7 59 150 150 146 112 148 150 145 88 69 138 101 112 150 150 150 150 150 150 150 50 0 0 0 53 147 150 150 150 150 150 150 150 150 150 150 150 150 150 150 150 150 150 150 150 150 150 132 84 5 88 150 150 150 150 150 140 123 10 7 0 0 16 38 51 8 0 0 100 150 150 150 116 3 0
8 0 0 0 0 9 122 148 142 137 150 150 147 150 134 149 79 118 131 69 24 64 149 142 116 66 147 141 141 100 86 108 107 127 93 150 150 150 150 150 145 34 0 0 0 2 133 150 150 150 150 150 150 150 150 150 150 150 150 150 150 150 150 150 150 150 150 150 150 147 93 117 138 150 150 150 148 148 53 17 0 0 16 42 120 149 135 25 74 150 150 150 125 94 2 0
13 0 20 0 40 106 91 110 110 134 150 149 134 148 150 150 97 83 146 76 44 28 68 138 148 120 87 136 141 97 101 15 44 108 130 101 144 150 150 132 138 113 87 60 49 40 146 150 150 150 150 150 150 150 150 150 150 150 150 150 150 150 150 150 150 150 150 150 148 109 69 150 150 150 150 150 138 118 40 0 0 3 71 117 140 148 150 148 150 150 150 117 12 0 0 0
0 0 30 35 44 148 99 104 127 138 148 150 150 140 128 150 150 150 150 146 29 26 104 102 139 108 128 139 150 56 117 70 56 97 94 109 123 150 120 100 38 83 127 150 150 148 150 150 150 150 150 150 150 150 150 150 150 150 150 150 150 150 150 150 150 150 150 150 149 106 126 150 150 150 150 150 150 150 148 48 0 45 150 150 150 150 150 150 150 150 138 138 71 0 54 20
0 6 43 27 94 48 45 19 27 19 95 140 150 138 145 132 150 127 150 74 19 59 63 92 97 75 55 102 148 115 68 97 36 26 10 40 67 115 148 81 134 149 150 150 150 150 150 150 150 150 150 150 150 150 150 150 150 150 150 150 150 150 150 148 148 150 150 150 150 150 150 150 150 150 150 150 150 150 150 51 0 112 150 150 150 150 150 150 150 150 133 111 77 0 28 13
0 36 8 50 66 24 24 53 11 77 148 134 98 126 85 13 70 64 135 50 36 50 84 116 124 67 5 27 68 118 45 55 64 79 43 63 101 128 148 65 148 150 150 150 150 150 150 150 150 150 150 150 150 150 150 150 150 150 150 150 150 150 150 141 130 150 150 150 150 150 150 150 150 150 150 150 150 150 143 22 29 96 146 150 144 138 98 117 129 150 106 29 12 3 9 38
104 135 99 50 22 9 42 81 4 131 150 133 121 138 61 56 111 94 70 37 27 76 100 101 138 74 20 8 110 37 71 20 68 111 96 70 150 150 150 150 150 150 150 150 150 150 150 150 150 150 150 150 150 150 150 150 150 150 150 150 150 150 150 150 150 150 150 150 150 150 150 150 150 150 150 150 150 150 56 0 6 76 113 109 58 59 118 65 4 84 87 60 129 122 127 150
150 150 103 90 143 62 80 66 13 115 150 142 82 106 145 51 92 62 34 52 146 147 80 73 85 62 43 94 138 96 69 108 81 148 150 139 150 150 150 150 150 150 150 150 150 150 150 150 150 150 150 150 150 150 150 150 150 150 150 150 150 150 150 150 150 150 146 132 150 150 150 150 150 129 150 150 128 136 17 0 70 103 102 98 55 0 8 2 0 77 150 150 150 150 150 150
150 150 150 150 150 150 86 35 63 150 139 121 132 147 118 104 124 69 68 91 150 150 104 38 49 34 56 52 95 88 114 120 148 150 150 150 150 150 150 150 150 150 150 150 150 150 150 150 150 150 150 150 150 150 150 150 150 150 150 150 150 150 150 150 150 150 150 150 150 150 150 148 130 148 150 150 150 74 0 52 114 129 63 13 2 0 4 0 0 25 150 150 150 150 150 150
150 150 150 150 150 150 136 114 85 136 150 150 150 84 134 146 116 125 107 79 111 135 97 116 34 85 71 63 124 150 150 150 150 150 150 150 150 150 150 150 150 150 150 150 150 150 150 150 150 150 150 150 150 150 150 150 150 150 150 150 150 150 150 150 150 150 150 150 150 150 150 150 150 150 150 150 141 20 64 150 150 150 141 76 9 0 9 0 0 67 150 150 150 150 150 150
150 150 150 150 150 150 150 88 128 150 150 140 148 109 124 149 121 150 143 50 43 141 147 56 63 114 78 70 144 140 147 150 150 150 150 150 150 150 150 150 150 150 130 150 150 150 150 150 150 150 150 150 150 150 150 150 150 150 150 150 150 150 150 150 150 150 150 150 150 150 150 150 150 150 150 150 69 0 92 150 150 150 136 38 26 8 94 89 61 117 150 150 150 150 150 150
150 150 150 150 150 150 138 147 150 150 150 150 150 142 149 150 99 136 126 138 119 139 150 127 150 148 73 132 150 150 125 149 150 150 150 150 150 150 150 150 150 150 148 138 138 137 150 150 150 142 149 150 150 150 150 150 150 150 150 150 150 150 150 150 150 150 150 150 150 150 150 150 150 150 150 138 6 23 145 150 150 150 148 91 147 144 150 150 150 150 150 150 150 150 150 150
150 150 150 150 150 150 150 150 150 150 150 150 150 150 150 150 150 140 150 150 150 150 150 139 130 150 150 150 150 150 150 150 150 150 150 150 150 150 150 150 150 150 150 133 149 75 104 145 126 149 150 150 147 111 150 150 150 150 150 150 150 150 150 150 150 150 150 150 150 150 150 150 150 150 150 94 0 107 150 150 150 115 76 63 150 150 150 150 150 150 150 150 150 150 150 150
150 150 150 150 150 150 150 150 150 150 150 150 150 150 150 150 150 150 150 150 150 150 150 148 128 150 150 150 150 150 150 150 150 150 150 150 150 150 150 150 150 150 150 150 150 150 150 150 149 130 137 122 150 147 150 150 150 150 150 150 150 150 150 150 150 150 150 150 150 150 150 150 150 150 131 22 25 149 93 72 122 68 57 148 150 150 150 150 150 150 150 150 150 150 150 150
150 150 150 150 150 150 150 150 150 150 150 150 150 150 150 150 150 150 150 150 150 150 150 150 150 150 150 150 150 150 150 150 150 150 150 150 150 150 150 150 150 150 150 150 126 146 98 150 150 132 125 125 150 150 150 150 150 150 150 150 150 150 150 150 150 150 137 110 101 98 147 150 150 150 80 0 96 126 22 61 58 145 140 150 150 150 150 150 150 150 150 150 150 150 150 150
150 150 150 150 150 150 150 150 150 150 150 150 150 150 150 150 150 150 150 150 150 150 150 150 150 150 150 150 150 150 150 150 150 150 150 150 150 150 150 150 150 150 150 150 133 144 75 138 150 112 150 150 150 150 150 150 150 150 150 150 150 150 150 150 147 61 7 0 0 31 141 150 150 150 47 28 145 90 37 30 87 141 150 150 150 150 150 150 150 150 150 150 150 150 150 150
150 150 150 150 150 150 150 150 150 150 150 150 150 150 150 150 150 150 150 150 150 150 150 150 150 150 150 150 150 150 150 150 150 150 150 150 150 150 150 150 150 150 150 138 150 120 150 148 130 150 150 150 140 148 150 150 150 150 150 150 150 150 150 150 150 31 0 0 90 138 150 150 150 114 0 132 150 150 137 150 150 150 150 150 150 150 150 150 150 150 150 150 150 150 150 150
150 150 150 150 150 150 150 150 150 150 150 150 150 150 150 150 150 150 150 150 150 150 149 150 150 150 150 150 150 150 150 150 150 150 150 150 150 107 150 150 150 150 138 149 142 99 149 150 111 140 150 150 150 126 150 150 150 150 150 150 150 150 150 150 150 146 133 29 131 150 150 150 150 60 33 148 150 150 150 150 150 150 150 150 150 150 150 150 150 150 150 150 150 150 150 150
150 150 150 150 150 150 150 150 150 150 150 150 150 150 150 150 150 150 150 150 150 147 40 108 121 126 148 136 148 126 150 150 150 150 150 150 138 148 150 150 150 132 148 119 147 139 142 149 138 148 149 123 150 122 150 150 150 150 150 150 150 150 150 150 150 150 150 148 150 150 150 150 123 7 107 150 150 150 150 150 150 150 150 150 150 150 150 150 150 150 150 150 150 119 62 95
150 150 150 150 150 150 150 150 150 150 150 150 150 150 150 150 150 150 150 150 150 148 80 69 26 29 116 15 115 145 150 150 146 132 150 150 101 94 146 150 122 63 98 120 143 103 150 138 150 149 142 146 150 138 126 140 150 150 150 150 150 150 150 150 150 150 150 150 150 150 150 150 54 10 137 150 150 150 150 150 150 138 150 150 150 150 150 150 150 150 150 146 107 15 2 0
150 150 150 150 150 150 150 150 150 150 150 150 150 150 150 150 150 150 150 150 150 150 133 83 63 26 120 110 79 140 150 150 148 134 150 150 150 146 129 150 131 126 123 116 115 99 150 150 150 117 86 126 142 115 150 150 150 150 150 150 150 140 150 150 150 150 150 150 150 150 150 139 0 0 66 150 150 150 150 150 114 73 150 150 150 150 150 150 150 150 136 42 0 0 0 35
150 150 150 150 150 150 150 150 150 150 148 140 150 150 150 150 150 150 150 146 150 150 102 106 39 25 109 100 42 148 148 150 150 150 150 150 150 150 139 150 150 149 74 130 125 115 150 150 128 149 148 124 74 100 126 133 150 150 150 150 150 148 150 150 150 150 150 150 150 150 150 54 0 0 41 150 150 150 150 150 138 146 150 150 150 150 150 150 150 133 37 0 0 0 2 128
150 150 150 150 150 150 150 150 150 150 150 150 150 150 150 150 150 150 129 98 136 140 150 57 99 101 89 129 77 123 46 143 150 150 150 150 127 148 150 150 150 130 116 120 150 130 136 150 148 140 129 148 130 150 137 89 150 134 111 144 150 150 150 150 150 150 150 150 150 150 150 104 72 55 102 150 150 150 150 150 150 150 150 150 150 150 150 145 88 27 0 0 2 2 65 150
150 150 150 150 150 150 150 150 150 150 146 69 129 150 140 148 150 150 150 150 150 150 114 55 7 71 135 97 19 66 106 72 148 150 150 150 128 140 119 148 78 107 127 150 150 146 125 150 140 147 148 118 150 150 141 137 71 77 82 83 134 140 150 150 150 150 150 150 150 150 148 150 150 150 150 150 150 150 150 150 150 150 150 150 150 150 150 66 0 0 0 0 0 21 130 137
150 150 150 150 150 150 150 150 150 149 150 100 148 150 150 148 129 119 138 150 149 132 142 61 19 89 112 83 27 104 109 48 122 150 150 150 150 148 131 104 91 128 129 150 150 108 87 134 124 57 147 148 150 150 128 116 6 126 150 148 148 148 150 150 150 150 150 150 150 150 140 150 150 150 150 150 150 150 150 150 150 150 150 150 150 150 104 4 0 0 0 0 51 121 150 97
150 150 150 150 150 150 150 150 138 142 150 150 146 150 150 150 129 139 150 136 140 145 150 62 62 126 111 146 95 52 95 120 150 150 150 148 129 150 149 66 69 54 122 150 132 110 146 147 124 136 150 150 150 139 36 68 90 148 150 150 149 150 150 145 150 150 150 150 145 67 118 150 150 150 150 150 150 150 150 150 150 150 150 150 150 126 61 0 0 0 0 0 122 150 150 148
150 150 150 150 150 150 150 142 104 132 150 138 91 146 150 150 150 150 150 124 150 150 129 49 69 49 15 117 73 11 38 68 139 150 150 149 142 150 139 29 14 83 148 150 144 72 138 150 140 150 150 150 150 150 104 131 150 116 117 127 105 132 116 86 102 150 150 150 71 33 143 150 150 150 150 150 150 150 150 105 139 150 150 150 150 52 0 0 0 0 0 17 142 150 150 150
150 150 150 150 150 150 150 149 148 150 150 138 150 140 150 150 150 150 150 150 150 140 150 101 102 55 67 150 118 78 74 10 67 129 137 141 138 140 108 8 61 123 150 150 108 77 65 150 150 150 150 150 150 147 85 28 64 51 54 105 54 26 70 24 78 119 150 131 14 139 150 150 150 150 150 150 150 150 150 129 82 127 150 149 94 0 2 2 0 0 0 36 32 144 137 47
150 150 150 150 150 150 150 150 92 134 150 150 150 150 150 150 150 150 150 150 150 148 133 129 29 45 62 112 150 150 119 134 145 136 81 131 138 100 113 2 99 150 150 150 73 117 148 150 150 134 146 122 107 83 69 95 87 38 38 88 41 92 27 50 131 128 133 24 36 150 150 150 150 150 150 150 150 150 150 150 123 124 148 76 17 75 68 44 0 0 0 0 0 115 144 43
150 150 150 150 150 150 150 140 102 136 140 150 122 147 138 150 150 150 150 140 132 139 141 141 82 36 100 147 137 132 53 105 128 146 139 149 147 121 17 7 99 150 150 150 60 122 150 126 68 16 24 3 38 55 57 81 75 90 46 33 32 77 80 112 124 140 73 0 101 150 150 150 150 150 150 150 150 150 126 91 150 150 123 9 3 7 0 0 0 0 61 52 22 127 150 139
150 150 150 150 150 150 150 111 62 143 150 149 111 138 132 149 140 145 133 147 119 108 107 130 128 6 33 28 38 36 62 109 149 113 17 89 45 54 36 56 70 150 71 132 144 143 70 41 46 0 0 0 0 0 2 0 0 0 0 0 0 14 24 7 89 150 28 5 144 150 150 150 150 150 150 150 150 126 1 102 150 150 30 22 2 0 0 0 0 7 95 150 74 148 150 150
150 150 150 150 150 150 150 150 69 10 49 128 138 148 150 148 136 102 81 115 147 80 135 135 82 9 0 0 20 58 39 39 38 58 108 141 2 7 48 136 74 34 77 96 150 126 98 143 63 83 21 42 21 7 25 35 27 0 0 0 0 0 0 0 90 120 0 49 150 150 150 150 150 150 150 150 150 52 63 148 150 146 108 137 67 0 0 4 16 102 150 150 138 150 150 150
150 150 150 150 150 150 150 150 99 0 0 63 144 82 66 48 67 91 52 104 65 92 116 52 7 0 0 9 59 11 16 25 72 116 149 150 141 144 138 150 150 114 93 109 121 65 78 140 138 92 106 114 73 140 138 140 148 82 55 54 30 9 18 0 86 28 32 138 150 150 150 150 150 150 150 150 145 9 84 150 150 129 124 150 65 2 19 109 49 109 150 150 150 150 150 150
150 150 150 150 150 150 150 150 117 7 0 3 12 0 26 11 33 35 5 21 41 38 42 30 7 7 29 58 124 72 111 144 149 149 150 150 150 150 140 126 150 150 150 150 148 148 139 150 121 118 90 52 17 14 58 71 94 138 131 107 96 81 45 10 0 0 96 150 150 150 150 150 150 150 150 150 150 96 147 150 150 150 150 150 103 2 7 61 4 24 135 150 150 150 141 67
150 150 150 150 150 150 150 150 150 129 11 0 0 0 0 0 6 23 0 0 2 8 7 78 97 112 127 61 99 126 96 49 108 150 150 150 150 150 150 148 134 150 150 150 150 150 150 150 138 150 150 146 74 112 69 62 75 133 122 65 87 127 54 0 0 0 120 150 150 150 150 150 150 150 150 150 143 92 150 150 150 150 84 49 49 3 0 9 18 64 110 150 147 113 14 18
150 150 150 150 150 150 150 150 150 150 66 0 0 0 0 0 0 0 5 36 52 74 66 72 146 99 59 91 88 134 147 102 121 150 150 150 150 150 150 148 136 103 52 126 150 118 112 150 127 150 150 150 150 150 150 98 80 60 89 54 65 143 47 0 0 22 32 61 91 46 20 26 131 150 150 150 135 125 150 150 150 150 125 121 28 0 0 0 0 0 37 117 23 2 0 0
150 149 150 150 150 150 150 150 150 150 143 10 0 0 0 0 24 73 93 132 127 27 17 61 142 130 150 99 55 95 146 125 139 144 138 150 150 150 150 148 40 0 0 80 98 87 135 138 150 150 150 150 150 150 150 150 69 80 80 131 77 14 2 0 4 88 120 13 77 89 0 0 133 150 150 148 53 150 150 150 150 150 150 148 54 0 0 0 0 10 8 18 0 0 0 0
138 72 115 88 71 108 150 138 150 150 120 0 0 15 65 85 119 148 129 71 116 122 38 49 140 150 150 147 120 46 103 140 106 72 148 115 122 150 150 130 133 77 23 41 10 12 20 115 147 150 150 150 150 118 150 147 124 116 95 83 128 25 0 0 89 148 136 84 136 84 16 7 144 150 150 150 146 150 150 150 150 150 150 79 1 0 0 0 3 77 39 10 0 0 0 0
111 68 111 126 101 148 117 85 101 83 43 0 52 141 150 150 150 140 141 132 113 147 110 68 44 53 118 117 150 150 109 136 119 132 137 140 149 150 150 140 128 150 150 134 37 2 2 20 40 148 150 150 136 142 149 150 127 103 86 128 72 5 0 26 122 149 150 150 150 141 36 49 150 150 150 148 104 147 150 150 150 150 150 140 2 0 0 0 14 71 135 22 0 0 0 0
140 138 94 54 79 73 20 3 3 27 29 8 36 91 124 150 150 150 150 148 138 150 113 120 62 7 71 108 131 141 115 141 78 142 144 147 142 144 144 150 150 150 150 119 129 6 0 0 0 16 32 92 20 99 121 129 98 143 150 150 96 0 0 110 145 146 128 121 85 48 0 124 150 150 150 141 123 150 150 150 150 150 150 126 0 0 0 0 6 38 134 70 12 0 0 0
150 144 13 0 0 0 0 73 40 2 0 33 112 131 121 97 150 150 150 150 150 149 92 63 52 87 140 90 129 131 149 148 115 80 112 141 140 112 86 150 150 150 150 123 106 35 2 0 0 3 5 34 0 45 89 86 145 111 112 93 38 0 23 91 26 15 0 0 0 0 41 148 150 150 150 150 150 150 150 150 150 150 150 147 33 0 0 0 4 0 15 83 46 0 0 17
117 128 8 0 0 9 33 35 7 2 16 21 62 78 146 147 150 150 150 150 150 150 123 100 121 118 136 102 139 149 91 103 137 141 146 148 148 149 128 150 150 147 109 93 58 38 0 1 12 18 7 11 28 58 57 93 47 43 87 95 5 75 146 143 139 111 65 12 0 55 139 138 150 150 150 150 150 150 150 150 150 150 150 150 132 4 0 0 0 0 0 0 2 0 0 4
51 146 62 0 0 4 18 46 87 38 93 143 91 53 53 145 150 150 150 150 149 142 150 150 138 124 148 134 137 106 30 40 94 150 150 150 150 150 150 140 150 120 129 137 49 72 0 6 19 51 42 0 0 19 35 118 83 6 72 8 35 148 150 150 150 150 150 146 134 147 150 150 150 150 150 150 150 150 150 150 150 150 141 106 150 92 0 0 0 0 0 0 1 0 0 0
0 10 0 0 0 0 0 26 39 139 81 57 37 43 74 102 102 146 150 150 150 149 150 150 124 85 79 15 103 65 54 132 148 150 150 150 150 150 150 148 150 140 79 80 92 22 2 1 17 68 51 2 0 40 22 43 80 9 15 7 130 150 150 150 150 150 150 150 150 150 150 150 150 150 150 150 150 150 150 150 150 150 141 112 150 81 0 0 0 0 0 0 3 7 0 0
0 0 0 0 0 0 0 0 3 29 44 23 50 17 46 125 150 128 101 150 150 150 150 150 150 148 144 138 110 137 148 150 150 150 150 150 150 150 150 138 150 150 96 45 4 38 118 121 113 60 29 49 32 18 24 5 0 28 0 69 150 150 150 150 150 150 150 150 150 150 150 150 150 150 150 150 150 150 150 150 150 150 150 150 150 118 7 0 0 0 0 0 0 56 4 0
7 2 0 7 25 0 0 0 0 0 0 2 87 106 94 136 150 143 21 134 150 150 150 150 150 150 150 150 150 150 150 150 150 150 150 150 150 150 150 150 150 148 127 103 47 105 150 118 116 127 120 106 135 105 39 27 10 5 7 134 150 150 150 150 150 150 150 150 150 150 150 150 150 150 150 150 150 150 150 150 150 150 150 150 150 139 18 0 0 0 0 0 0 0 0 0
