data/outputs/Sarzedas de Sao Pedro/2015/resolution_1/CONT_TOTAL_1_5.asc
ncols         300
nrows         300
xllcorner     -8.224023584583
yllcorner      39.953368546911
cellsize       0.000044966080
NODATA_value  -9999
[rows 53 to 105 of 300, columns 192 to 287 of 300]
37 118 132 136 131 40 7 0 0 0 0 0 19 26 65 87 80 31 25 7 54 64 62 76 119 150 138 150 150 150 150 150 150 150 150 150 150 150 150 150 150 140 130 101 66 133 150 148 148 150 150 148 140 150 150 146 17 0 73 150 150 150 150 150 150 150 150 150 150 150 150 150 150 150 150 150 150 150 150 150 150 150 150 150 150 150 102 12 0 0 0 0 0 0 0 0
101 150 150 150 150 148 107 7 0 0 0 0 0 0 0 6 54 75 140 142 114 33 51 130 115 131 150 150 150 150 150 150 150 149 150 150 150 150 150 150 150 150 150 92 150 150 150 141 148 138 150 130 148 148 150 150 106 51 137 150 150 150 150 150 150 150 150 150 150 150 150 150 150 150 150 150 150 150 150 150 150 150 150 150 150 150 150 139 88 2 0 0 0 0 0 0
100 150 150 150 150 150 150 122 88 11 5 6 0 0 0 0 0 0 38 79 90 70 81 145 103 130 119 150 126 121 150 150 149 142 150 150 150 150 150 150 150 150 150 150 150 150 148 131 148 150 150 150 141 141 138 150 150 66 122 150 150 150 150 150 150 150 150 150 150 150 150 150 150 150 81 116 150 150 150 150 150 150 150 150 150 150 150 150 116 0 0 0 0 0 0 0
148 150 150 150 150 150 130 116 148 146 69 9 0 0 0 0 0 0 0 0 59 120 110 109 139 146 150 150 133 141 150 150 150 150 150 150 150 150 150 150 150 150 150 150 150 150 150 150 150 150 150 150 150 150 150 150 150 98 148 150 150 150 150 150 150 150 150 150 150 150 150 150 150 150 63 78 150 150 150 150 122 89 121 148 150 150 150 150 131 23 7 8 2 0 0 0
150 110 150 138 150 150 150 150 150 150 150 116 36 1 3 3 0 0 0 3 9 3 34 63 31 62 150 150 148 106 150 150 150 150 150 150 150 150 150 150 150 150 150 150 150 150 150 150 150 150 150 150 109 150 150 137 150 150 150 150 150 150 150 150 150 150 150 150 150 150 150 150 150 150 150 150 150 148 104 133 32 19 9 76 143 150 150 150 150 146 127 110 142 125 134 140
147 138 150 150 150 150 150 150 150 150 150 150 123 102 141 96 30 34 4 3 0 4 0 1 69 65 79 78 93 92 136 150 150 150 150 150 150 150 150 150 150 150 150 150 150 127 148 150 150 150 150 150 150 150 139 75 149 150 150 150 150 150 150 150 150 150 150 150 150 150 150 150 150 150 150 148 130 138 127 135 98 56 43 26 28 138 150 150 150 150 150 150 150 150 150 150
106 88 146 150 150 150 150 150 150 150 150 150 150 150 150 150 146 140 21 8 22 5 2 77 148 150 136 137 88 125 150 150 150 150 150 150 150 150 150 150 150 150 150 150 138 33 19 30 64 79 66 118 150 144 148 106 148 150 150 150 150 150 150 150 150 150 150 150 150 150 150 150 150 150 150 136 102 148 150 122 129 150 148 148 145 150 150 150 150 150 150 150 150 150 150 150
150 150 150 150 150 150 150 150 150 150 150 150 150 150 150 150 150 150 117 62 124 34 82 138 150 130 148 150 150 150 150 150 150 150 150 150 150 150 150 150 150 150 150 150 150 74 0 0 0 4 35 57 150 51 18 47 78 92 150 150 150 150 150 150 150 150 150 150 150 150 150 150 150 150 150 96 3 143 150 150 150 150 150 150 150 150 150 150 150 150 150 150 150 150 150 150
150 130 150 150 150 150 150 150 140 138 146 130 150 150 150 150 150 128 73 0 46 110 114 150 150 150 150 150 150 150 150 150 131 126 139 150 150 150 150 150 150 150 150 150 117 32 0 0 8 65 100 49 114 118 102 126 24 50 150 150 150 150 150 150 150 150 150 150 150 150 150 150 150 150 150 150 114 150 150 150 150 150 150 150 150 150 150 150 150 150 150 150 150 150 150 150
77 16 57 92 81 134 150 111 130 40 79 150 150 150 150 150 150 145 43 0 0 117 150 150 150 150 150 150 150 150 148 61 8 0 27 61 119 150 150 150 150 150 150 131 69 0 0 0 19 10 39 147 150 134 91 92 20 50 150 150 150 150 150 150 150 150 150 150 150 150 150 150 150 150 150 150 150 150 150 150 150 150 150 150 150 150 150 150 150 150 150 150 150 150 150 150
0 0 0 0 0 3 35 36 126 89 49 148 150 150 150 150 139 6 0 7 52 105 150 150 150 150 150 150 150 150 102 0 0 0 0 0 11 29 144 150 150 150 148 45 0 0 2 0 48 50 144 128 141 92 15 90 3 50 150 150 150 150 150 150 150 150 150 150 150 150 150 150 150 150 150 150 150 150 150 150 150 148 140 150 150 150 150 150 150 150 150 150 150 150 150 150
0 0 0 0 0 0 0 0 2 7 67 115 127 150 150 150 86 0 0 0 123 150 150 150 150 150 150 150 150 141 59 0 0 0 0 0 0 0 109 150 150 150 150 30 0 0 0 0 0 7 10 11 7 7 0 59 0 50 150 150 150 150 150 150 150 150 150 150 150 150 150 150 150 150 150 150 150 150 150 150 150 150 150 150 150 150 150 150 150 150 150 150 150 150 150 150
38 57 0 2 0 0 0 0 0 0 12 106 150 129 141 150 145 83 15 99 142 150 150 150 150 150 150 150 148 88 21 0 0 0 0 0 0 0 22 61 112 150 145 37 0 0 61 98 7 6 0 0 0 3 79 51 0 96 150 150 150 150 150 150 150 150 150 150 150 150 150 150 150 150 150 132 147 150 150 150 150 150 150 150 150 150 150 150 150 150 150 150 150 150 150 150
148 130 70 73 46 2 0 0 11 68 144 150 150 116 61 136 150 150 148 150 150 150 150 150 150 150 150 150 150 150 76 0 0 0 0 0 0 0 0 0 102 150 150 141 111 53 148 150 124 117 2 21 6 55 113 0 53 150 150 150 150 150 150 150 150 150 150 150 150 150 150 150 150 150 150 87 140 150 150 150 150 150 150 150 150 148 148 150 150 150 150 150 150 150 150 150
150 140 150 149 150 123 58 0 51 141 150 150 150 150 150 150 150 150 150 150 150 150 150 150 150 150 150 150 150 150 148 119 96 12 0 0 0 0 4 87 148 150 150 150 100 89 150 150 150 63 26 144 103 115 16 0 109 150 150 150 150 150 150 150 150 150 150 150 150 150 150 150 150 150 150 150 150 150 150 150 150 143 150 150 150 75 37 83 148 150 150 150 150 150 150 147
150 129 150 150 150 129 65 7 8 62 150 150 150 150 150 150 150 150 150 150 150 150 150 150 150 148 97 128 137 148 150 150 150 102 0 0 0 7 90 150 150 150 150 150 150 150 150 150 150 48 35 61 117 31 0 86 148 150 150 150 150 150 150 150 150 150 150 150 150 150 150 150 150 150 150 150 150 118 150 150 143 13 73 65 46 22 4 0 27 90 147 150 150 140 137 50
123 88 99 148 129 75 97 94 103 112 150 150 150 148 138 148 150 147 150 150 150 150 150 150 150 104 0 64 16 132 150 150 150 115 1 4 13 126 150 150 150 150 150 150 150 150 150 150 150 146 140 136 64 4 83 145 129 150 150 150 150 150 150 150 150 150 150 150 150 150 150 150 150 150 150 145 130 42 53 117 55 0 0 0 0 1 0 0 0 0 31 97 150 141 26 0
36 132 144 141 138 77 70 107 124 149 150 150 150 139 133 128 86 125 150 150 150 150 150 137 150 62 0 6 45 107 150 150 150 111 73 140 132 150 150 150 150 150 150 150 150 150 150 150 150 150 148 64 3 83 150 132 98 150 150 150 150 150 150 150 150 150 150 150 150 150 150 150 150 145 144 63 55 8 17 43 90 16 0 0 0 0 0 0 0 0 0 0 36 62 6 0
68 101 129 118 131 131 102 150 150 150 150 150 150 150 138 67 142 150 150 150 150 150 150 142 149 145 116 97 15 12 51 109 129 79 150 132 148 148 150 150 150 150 150 150 150 150 150 150 150 150 126 0 98 150 150 150 150 150 150 150 150 150 150 150 150 150 150 150 150 150 150 150 150 83 15 0 0 1 1 0 1 1 0 0 0 0 0 0 0 0 0 0 0 75 4 0
45 140 123 75 111 68 75 148 150 150 138 150 150 150 150 148 140 150 150 150 150 150 150 150 150 150 148 38 17 41 41 51 44 92 150 117 44 48 112 118 119 150 150 150 150 150 150 150 150 139 48 38 148 150 150 150 150 150 150 150 150 150 150 150 150 150 150 150 150 150 150 150 150 122 52 20 25 0 0 0 0 0 0 0 0 0 0 0 0 0 0 0 80 132 30 0
31 94 81 118 136 73 108 110 133 100 146 123 150 150 150 150 149 150 125 122 150 150 150 150 150 150 148 88 81 122 150 150 146 147 150 137 44 0 12 73 143 150 150 138 150 150 150 150 136 14 28 138 150 150 150 150 150 150 150 150 150 150 150 150 150 150 150 150 150 150 150 150 150 150 150 149 66 0 0 0 0 0 0 0 0 0 0 0 0 0 0 12 102 150 26 0
22 31 50 25 135 91 102 126 140 150 116 138 150 150 150 150 104 107 127 63 117 97 115 150 150 150 150 150 150 150 150 150 101 108 90 136 148 52 0 0 8 108 150 150 150 150 150 138 28 17 138 150 150 150 150 150 150 150 150 150 150 150 150 150 150 150 150 148 112 150 150 150 150 150 150 150 54 0 0 0 0 0 0 0 0 0 0 0 0 0 20 48 126 148 76 6
150 150 150 144 140 150 150 142 149 117 122 132 128 150 138 150 150 148 113 146 64 107 149 150 150 150 150 150 150 150 150 143 77 8 99 53 102 135 6 0 0 20 129 150 150 150 147 44 20 124 150 150 150 150 150 150 150 150 150 150 150 150 143 138 150 150 150 150 149 150 150 150 150 150 150 113 13 0 0 0 2 1 0 0 0 0 0 0 0 0 92 132 125 71 23 0
150 150 150 150 150 150 150 149 150 144 107 150 150 139 150 95 147 150 88 148 52 37 139 150 121 150 150 150 150 150 92 18 0 0 56 136 25 19 18 0 0 0 20 138 150 147 54 12 129 150 150 150 150 150 150 150 150 150 150 150 129 86 12 12 50 139 122 148 90 63 150 150 150 150 150 145 29 0 0 0 0 0 0 0 0 0 0 0 0 61 119 118 111 132 17 0
150 150 150 150 150 150 150 150 150 150 150 150 91 121 150 149 150 150 144 150 125 97 138 119 65 148 150 150 150 150 146 54 8 1 93 131 114 1 0 16 2 4 0 78 150 77 0 59 150 150 150 150 138 150 150 150 150 150 150 122 3 0 0 0 3 3 0 14 10 0 141 150 118 89 109 74 4 0 0 0 0 0 0 0 0 0 0 6 25 134 150 144 107 84 0 0
150 150 150 150 150 150 150 150 150 150 150 137 148 147 150 150 150 150 150 150 150 150 150 147 150 150 150 150 150 150 150 108 0 16 91 149 148 73 0 28 123 142 133 150 134 57 81 76 147 150 150 150 150 150 150 150 150 150 150 85 4 0 0 0 0 0 0 2 49 132 150 144 146 150 73 17 0 0 0 0 0 0 0 0 0 0 15 4 61 150 150 129 63 12 0 0
150 150 150 150 150 150 150 150 150 150 150 120 129 150 150 150 150 150 150 150 150 150 150 150 150 150 150 150 150 150 150 148 19 103 150 150 150 150 64 69 150 150 150 150 48 103 150 150 150 150 150 150 150 150 150 150 150 150 150 122 11 0 0 0 0 0 27 73 145 150 150 87 65 150 95 8 0 0 0 0 0 0 0 0 0 0 9 71 24 106 150 80 8 37 93 76
150 150 150 150 150 150 150 150 150 150 150 150 150 150 150 150 150 150 150 150 150 150 150 150 150 150 150 150 150 150 150 150 50 27 147 150 150 150 150 148 126 43 110 121 0 125 150 150 150 150 150 150 150 150 150 150 150 150 125 118 40 35 0 0 0 0 90 150 150 150 150 150 149 150 150 40 0 5 0 0 0 0 0 0 0 9 11 39 113 97 148 102 79 147 150 136
150 150 150 150 150 150 150 150 150 150 150 150 150 150 150 150 150 150 150 150 150 150 150 150 150 150 150 150 150 150 150 150 105 46 95 101 147 150 150 150 133 110 133 53 0 118 150 150 150 150 150 150 150 150 150 150 150 150 107 55 10 0 0 0 0 0 15 43 55 80 103 115 144 146 119 7 0 0 0 0 0 0 16 98 92 54 13 132 113 131 150 150 150 150 147 66
150 150 150 150 150 150 150 150 150 150 150 150 150 150 150 150 150 150 150 150 150 150 150 150 150 150 150 150 150 150 150 150 147 92 122 149 150 150 150 150 150 150 150 40 0 32 97 110 110 91 66 81 102 139 150 138 100 150 114 43 44 73 57 4 0 0 0 0 0 0 0 0 7 9 0 0 0 0 0 0 0 12 85 92 58 51 67 150 93 131 150 150 146 113 27 0
150 150 150 150 150 150 150 150 150 150 150 150 150 150 150 150 150 150 150 150 150 150 150 150 150 150 150 150 150 150 150 150 150 150 150 150 150 150 150 150 150 150 150 74 0 0 0 0 0 24 51 96 109 124 146 144 150 150 150 139 101 150 103 2 0 0 0 0 0 0 0 0 0 0 0 0 0 0 0 0 0 7 31 50 51 79 80 80 80 80 80 67 16 0 53 113
112 150 150 150 150 150 150 150 150 150 150 150 150 150 150 150 150 150 150 150 150 150 150 150 150 150 150 150 150 150 150 150 150 150 150 150 150 150 150 150 150 131 139 81 0 0 0 59 105 72 83 150 150 147 118 61 132 150 150 140 133 126 137 43 49 3 27 107 52 36 0 101 64 0 0 0 0 0 0 0 0 3 1 10 36 50 43 20 20 24 21 38 70 121 142 57
41 128 150 150 150 150 150 150 150 150 150 150 150 148 133 148 150 139 150 150 150 150 150 150 150 150 150 150 150 150 150 150 150 150 150 150 150 150 150 150 150 27 91 106 0 2 62 18 71 134 146 150 150 150 142 149 148 138 108 110 111 108 72 125 70 134 147 150 150 146 97 150 145 74 0 0 0 0 0 0 0 0 0 8 96 133 80 91 81 146 136 114 101 123 15 111
92 148 150 150 150 150 150 144 133 141 134 149 150 144 105 138 138 129 150 150 119 108 149 150 150 150 150 150 150 150 150 150 150 150 150 150 150 150 150 150 150 124 141 138 10 0 25 107 148 148 150 112 137 150 149 150 148 134 42 97 128 150 150 150 150 150 150 150 150 133 146 150 128 69 0 0 0 0 0 0 0 0 4 0 5 11 0 0 5 48 34 1 25 3 2 2
0 66 119 138 150 150 137 13 0 15 99 150 150 119 146 150 150 150 150 150 138 117 121 150 150 150 150 150 150 150 150 150 150 150 150 150 150 150 150 150 150 150 150 57 16 0 14 54 65 140 147 107 41 102 143 150 144 67 103 114 129 150 140 150 123 138 150 150 149 107 84 147 128 128 107 6 0 0 0 0 0 0 0 0 2 34 0 0 0 0 2 0 1 3 2 20
17 84 60 68 150 89 6 2 0 51 40 147 150 119 146 150 150 150 150 150 150 150 140 150 131 150 150 150 150 150 150 150 150 150 150 150 150 150 150 150 150 150 150 150 91 0 39 75 36 90 142 66 65 105 78 70 56 54 122 118 150 150 148 150 126 139 150 150 150 150 141 141 150 138 148 73 4 0 0 0 0 0 0 0 2 6 0 0 0 0 0 0 2 7 0 0
27 114 134 123 150 150 123 110 85 108 145 140 148 150 150 148 71 84 130 148 150 150 148 150 131 150 150 150 150 150 150 150 150 139 150 150 150 150 150 150 150 150 150 150 96 0 8 25 49 65 125 64 90 94 73 117 55 95 135 120 150 150 150 147 141 138 150 150 129 150 148 148 138 150 150 110 72 0 0 0 2 32 0 0 0 0 0 0 0 0 0 0 0 0 0 0
123 150 87 96 150 150 150 150 150 150 150 150 150 150 150 150 122 146 150 150 150 150 150 150 150 150 150 150 150 150 150 150 119 132 147 115 150 150 150 150 150 150 150 150 146 41 30 14 90 77 104 100 48 59 65 69 100 52 114 150 150 150 150 134 147 150 150 150 148 140 148 150 150 150 150 150 146 63 1 4 0 75 109 73 68 3 0 0 0 0 0 0 0 0 0 0
150 150 148 148 150 150 150 150 150 148 118 111 150 130 105 148 150 150 150 150 150 150 150 150 150 150 150 150 150 150 150 150 116 112 129 64 148 150 150 150 150 150 150 150 138 17 0 54 98 112 7 42 95 146 48 106 104 89 149 150 150 150 150 150 150 150 150 150 150 134 148 150 150 150 150 150 103 109 41 49 63 110 150 150 148 20 0 0 0 0 0 0 0 0 0 0
150 150 150 150 150 150 150 150 150 118 32 136 150 94 107 150 150 150 150 150 150 150 150 150 150 150 150 150 150 150 150 150 150 150 150 150 150 150 150 150 150 150 150 150 150 60 9 90 118 139 31 26 85 110 114 69 97 106 114 150 150 150 150 150 150 150 150 150 150 150 150 150 150 150 150 150 125 150 134 143 150 150 150 150 150 143 39 1 5 0 0 0 0 0 0 0
150 150 150 150 150 150 150 150 150 87 145 150 150 138 54 107 148 150 150 150 150 150 150 150 150 150 150 150 150 150 150 150 150 150 150 150 150 150 118 150 150 150 150 150 150 81 0 2 14 56 92 28 113 138 142 4 66 121 128 150 150 150 150 150 150 150 150 150 150 150 150 150 150 128 128 150 148 120 145 150 150 150 150 150 150 150 112 0 0 0 0 0 0 0 0 0
150 150 150 150 150 150 150 150 150 97 138 136 138 77 101 102 150 150 150 150 150 147 150 150 150 150 150 150 150 150 150 150 150 150 150 150 150 150 139 150 150 150 150 150 150 95 8 9 112 36 90 23 22 93 150 58 120 150 150 150 150 150 150 150 150 150 150 150 150 150 150 150 150 150 150 150 150 126 93 115 150 150 150 150 150 150 146 33 0 0 0 0 0 0 0 0
150 150 150 150 150 150 150 149 139 122 128 50 44 141 71 142 148 149 150 150 150 134 149 150 150 149 134 150 150 150 150 150 150 150 150 150 150 150 150 150 150 133 141 150 150 150 24 51 28 27 76 57 10 41 95 49 59 117 114 139 150 150 150 150 150 150 150 150 150 150 150 150 150 150 150 150 150 150 87 59 150 150 150 150 150 150 149 26 0 0 0 0 0 0 0 0
150 150 148 119 150 150 136 110 150 150 150 148 150 148 90 138 102 140 145 150 150 150 150 150 150 150 147 150 150 150 150 150 150 150 150 150 150 150 150 150 150 146 148 150 150 148 59 131 147 124 137 147 17 0 0 25 75 28 130 150 133 141 138 138 150 150 150 150 150 150 150 150 150 150 150 150 150 150 139 108 148 150 150 150 150 150 150 85 0 0 0 0 0 0 0 0
147 123 148 150 149 113 124 71 150 150 149 118 150 147 113 100 138 121 69 150 150 136 125 150 150 150 150 150 150 150 150 150 150 150 150 150 150 150 150 150 150 150 150 150 112 33 97 150 150 150 118 22 9 0 2 16 13 11 50 53 46 135 150 150 113 134 150 150 150 150 150 150 150 150 150 150 146 132 150 138 150 150 150 150 150 150 131 46 38 0 0 0 29 3 7 44
115 141 129 150 139 128 107 68 149 150 132 100 150 103 47 115 121 22 123 148 88 28 40 145 150 150 150 150 150 150 150 150 150 150 150 150 150 150 135 91 80 80 80 67 22 16 105 149 117 150 93 5 75 23 22 2 6 11 30 64 1 77 89 107 124 141 150 148 150 150 150 150 150 150 150 150 150 150 150 150 150 150 150 150 150 150 119 16 52 3 0 0 90 100 121 86
149 117 139 150 143 90 76 85 138 150 150 150 150 150 138 59 7 62 98 37 1 0 36 134 150 150 150 150 150 150 150 150 150 150 150 148 108 42 8 10 41 43 42 81 109 145 150 150 126 150 129 88 127 112 50 2 0 0 0 0 0 0 6 25 44 99 148 140 150 150 150 150 150 150 150 150 150 150 150 150 150 150 150 150 150 150 116 96 149 19 2 0 19 99 61 71
130 147 150 150 75 128 139 132 150 150 150 150 150 150 150 144 122 63 39 64 10 0 59 150 150 150 150 150 150 150 150 150 141 108 79 34 56 39 14 22 125 150 150 150 150 150 150 150 150 150 109 87 17 21 64 41 8 0 0 0 0 0 0 0 0 0 34 49 120 133 150 150 150 150 150 150 150 150 150 150 150 150 150 150 150 150 146 94 42 0 22 48 60 146 106 133
91 139 150 150 62 91 72 95 148 150 150 150 150 150 150 149 120 56 0 10 36 5 82 150 150 150 148 76 44 24 20 22 12 29 9 7 3 0 24 143 150 150 150 150 150 150 150 150 150 150 117 50 54 0 8 0 2 16 0 0 0 0 0 0 0 0 0 0 6 0 20 76 136 150 150 150 150 150 150 150 150 150 150 150 150 150 116 12 9 0 31 35 37 64 10 1
117 75 87 108 139 101 68 30 125 150 150 150 150 150 150 130 129 9 0 8 109 3 75 150 150 150 150 41 0 44 59 50 40 19 0 0 0 0 0 90 150 150 150 150 150 146 146 150 150 150 142 149 114 20 0 0 0 0 3 3 0 0 0 0 0 0 0 0 0 0 15 14 83 129 150 140 141 139 150 150 150 150 150 150 150 150 147 62 17 0 0 2 0 0 6 8
74 50 49 95 147 148 134 150 150 150 150 150 150 150 98 115 142 116 6 82 37 90 146 150 150 150 150 102 0 16 89 43 9 0 0 0 0 0 19 42 53 112 150 150 150 127 132 150 150 150 150 150 150 115 56 54 32 0 35 6 44 81 73 56 0 0 0 0 3 14 0 9 61 83 150 148 119 124 150 150 150 140 142 90 148 150 150 107 3 0 0 0 0 0 0 0
93 113 141 150 150 136 130 150 150 150 150 150 150 128 146 110 96 107 0 7 33 125 120 150 150 150 150 150 139 101 80 95 91 80 80 61 50 51 143 150 141 133 150 150 150 150 150 150 150 150 150 150 150 149 125 149 25 32 103 89 86 119 106 101 44 3 23 59 11 35 16 47 35 76 126 143 150 150 150 150 117 59 13 3 38 65 108 82 2 0 0 0 0 0 0 0
85 119 113 150 138 139 150 150 150 150 149 150 148 150 150 129 48 12 0 0 58 150 150 146 150 135 150 150 150 150 150 150 150 150 150 150 150 150 150 150 150 150 150 95 147 150 150 150 150 150 150 150 150 149 144 150 72 101 138 145 24 81 150 150 150 143 150 150 147 148 148 129 99 142 146 100 149 148 90 138 135 82 57 0 2 0 0 0 0 0 0 0 0 0 0 0
