data/outputs/Sarzedas de Sao Pedro/2015/resolution_1/CONT_TOTAL_1_30.asc
ncols         50
nrows         50
xllcorner     -8.224023584583
yllcorner      39.953368546911
cellsize       0.000269796480
NODATA_value  -9999
8 202 596 4762 4921 3144 1767 69 2641 5208 4625 3245 2589 1385 321 194 480 3115 4162 2819 708 940 2118 2302 2413 4177 4618 2267 1375 4265 2471 498 692 2013 1548 3178 3097 4707 4703 4450 5220 5220 5054 4618 2463 3760 1542 3698 748 4311
2008 712 919 2611 4501 3269 3035 2072 2989 4310 2286 1071 1196 717 197 6 124 2032 5050 272 46 165 177 705 2278 2847 818 1600 1414 1094 715 978 683 3997 4439 3308 4258 3583 4487 3257 5400 5400 5396 4513 5290 1899 3548 2729 1275 3056
3184 3126 4721 2040 1734 2850 2018 2672 2605 1102 1506 2079 335 65 620 1614 1349 846 4958 2065 50 10 18 1377 152 485 1112 891 18 779 3828 5276 3997 3719 3817 3232 2816 4104 5240 5380 5400 5400 5371 5376 4873 3147 1808 4469 5396 5220
375 2458 2211 678 2268 3231 2101 2620 4246 4764 2377 1700 880 2359 4020 1433 1508 1575 4399 4274 1201 448 157 37 77 847 1847 1726 2161 3915 5265 4664 5400 5384 5314 5285 5261 5373 5400 4978 5115 5400 5187 4298 3799 4153 5391 5400 5388 5220
920 2627 1869 1600 2703 1742 2509 4794 5351 4931 4207 4682 4336 4713 4013 5039 2417 2209 4616 1946 7 10 3549 774 1357 2691 4843 3744 4109 3645 3613 3721 5400 5388 5400 4716 3765 5246 4973 4715 4830 5188 5384 5086 3713 5257 5191 2642 5002 4616
590 602 3764 4783 4881 3660 4446 5388 5400 5400 5388 5400 5400 4575 3146 4216 4043 37 1256 4336 1218 1796 4701 2264 1983 3793 3434 1832 1816 3168 3219 5388 5400 5066 5202 4774 2866 4310 3820 4697 5002 3449 4188 4638 5400 5101 1762 2581 4508 1606
2201 1181 956 4822 5364 4773 4698 3786 5390 5400 5400 5400 5390 4516 4814 4071 2548 456 3874 5342 3580 4076 5232 4517 2292 4982 5388 4917 2142 387 4040 5400 5400 3614 3131 3023 2070 3759 3834 4435 2324 2209 1725 4384 5010 4269 900 4447 3202 696
2266 877 350 1907 4222 5400 5386 5297 5400 5400 5400 5400 5400 5326 5386 4473 3272 2214 5386 5332 5282 5175 5366 5231 4738 4861 5400 5388 5217 3620 1896 5235 3936 2788 2771 3564 3816 4624 4770 2626 3750 4069 1911 2403 5127 5234 336 784 1503 2752
3486 3595 4065 5354 5362 5390 5400 5400 5325 5400 5358 5157 5400 5400 5400 4027 4418 4893 3707 5339 5400 5400 5282 5376 3498 1266 3163 4801 5060 5400 4381 1349 1166 985 3411 4502 4603 4860 5294 2761 2333 1798 4979 4884 5400 5300 1601 76 416 3071
1884 5343 5343 5400 5367 5215 5400 5400 5400 5400 5345 4822 2903 4519 4002 4328 4047 4678 2980 4058 5400 5400 5268 4782 4980 3427 4902 4256 3678 4920 5369 3044 5119 3777 1588 1762 4354 5374 5400 4906 5021 4915 5400 5400 5037 4282 4697 2593 2778 4814
1991 5099 5388 5399 5392 5312 5400 5400 5315 5400 5284 4489 4107 4238 1707 1238 362 2944 3136 3340 3843 5400 4456 3808 5195 5325 5214 4839 4390 4542 5380 2718 2333 3202 4875 3248 5305 2232 4206 2035 1903 3079 5400 5400 5133 5388 5400 5400 5036 4785
3529 3494 5308 5314 5183 5042 5400 5400 5161 4940 4768 3688 4539 4534 875 108 2 1054 1575 2246 4214 3506 5323 5291 4664 4364 4804 5369 5097 5335 5400 4679 4191 3668 4998 5376 3972 2994 3703 5140 3272 4409 5400 5400 4173 2778 1728 3194 1519 1089
4178 557 2238 4717 4620 3335 4890 3283 4193 4902 3077 4708 5086 4873 3876 3031 126 1179 885 4550 5305 3384 3420 3875 4430 4035 4309 4808 5081 4154 3779 4135 4131 4862 5101 4526 4764 3369 1787 4328 4428 5372 4016 4594 3278 3 225 2376 56 1648
2709 144 1325 4583 3860 4787 3755 2664 3792 4525 3013 4374 5376 5262 4113 2732 740 922 3779 4136 4589 4915 3321 3185 4427 4256 5280 5329 5341 5400 3392 5398 5400 5356 5373 5396 5400 4259 4649 3290 4587 4883 630 2357 1627 389 2240 3282 1220 2600
1184 3183 3088 4330 2882 4279 2803 2887 4234 4938 2939 3653 5292 4870 2014 311 0 63 1838 1396 2898 2222 1894 608 3312 4967 5349 5287 5400 4868 5394 5028 4256 4016 5053 5216 5362 5389 5231 2201 3937 4072 4553 4581 1980 58 932 1147 831 5011
461 4819 5338 5099 4510 4675 3268 2137 4671 5150 4426 4911 4695 4466 2262 1357 3301 1061 381 1939 1781 3547 2042 636 1559 4718 5354 4852 5376 5400 5365 5372 5252 4848 4658 5378 5382 5131 5338 3406 2533 3799 5380 5367 5093 4147 1940 0 1776 4955
5076 3938 5172 5400 5400 5360 3581 3524 3278 4175 3779 3447 4070 5379 4903 4419 5226 3477 2178 4374 4121 5128 5231 4843 2343 4215 5250 5400 5400 3025 3704 5311 4745 4693 4210 3153 5088 4356 3608 4391 3263 874 2287 4322 5364 5333 3235 1417 3718 5220
2246 3758 5101 5203 5400 5400 4999 3349 3539 2511 1509 1364 3492 4827 4209 2999 4770 4761 3766 2683 3553 4419 3662 4888 2659 412 2675 4785 5346 3861 2156 4453 4182 5023 4075 3329 4563 3495 3981 5228 5122 2687 2835 2914 4700 3906 1386 24 893 4035
462 27 102 1351 4038 5400 5400 5005 3549 3082 2143 274 937 4416 5195 4474 5270 5390 2924 2042 2228 3460 4701 3729 2993 1293 4737 3761 3299 1022 2259 543 2097 4416 4134 5326 5281 4509 4640 4332 5213 4173 4988 5400 5344 5101 3272 54 0 1790
691 0 0 495 4583 4006 5349 5400 4907 1238 867 1965 1241 251 1979 4041 5165 5398 4662 3452 1927 2743 3072 4760 1999 233 2004 2466 1581 1049 718 64 2873 3793 4073 3395 2155 853 4684 5400 5400 5388 5400 5400 5400 5398 5181 3093 1370 275
2196 166 0 780 4776 5330 3717 3012 2172 550 305 1387 4385 2137 2535 1771 3253 5355 5400 3750 636 3796 4577 1648 303 1394 245 1393 1640 793 894 723 3867 1725 3009 3047 3893 2429 4881 5400 5400 5400 5400 5400 5400 5400 5400 5400 5151 4781
4955 3561 1040 3169 3251 4562 2339 2602 3306 3277 3359 4775 4790 5213 5269 3152 2693 5087 5380 4944 2071 1643 2117 815 854 2803 348 983 917 1303 415 3618 2800 65 2034 4630 5400 4910 5400 5400 5400 5199 5400 5400 5400 5400 5388 5400 5381 4711
3309 1978 1888 4165 5074 5252 2595 1297 503 1622 4895 4503 1109 1455 2028 4770 4391 4869 4697 4322 4724 1670 3304 1971 1375 982 1066 1887 1656 325 3010 2150 2059 879 2270 3154 4958 3932 3259 5102 5400 5400 5400 5320 5398 5333 5398 4959 4311 3291
5142 1827 1883 1691 3721 4432 2667 802 2233 1744 3569 4745 3522 1831 4330 5398 5400 5252 4278 3600 2858 1360 905 6 1912 794 44 72 2421 1020 2164 577 1990 3369 1841 2103 3845 3168 3077 4789 5354 5400 5400 5398 5400 5362 5359 5206 4768 3664
5208 1358 121 241 2838 2687 1019 1251 4138 2395 1537 1884 1605 3613 4925 4951 4856 1697 3751 3763 1034 441 1679 1093 357 3365 2499 439 2315 1492 740 1348 2625 562 334 371 551 1393 958 1044 3764 5016 5400 5400 5377 5263 5291 5394 5400 4888
5220 4820 2284 3915 4016 4206 5104 3506 4421 4281 2217 4039 890 433 2519 3498 4252 2345 1414 1997 1041 1053 1083 414 1661 2979 1283 1619 1079 611 1310 1227 643 1581 229 2321 368 1386 362 279 150 4111 5335 5400 5380 4859 5303 5379 5252 3872
5220 4882 2022 4513 4144 5278 5090 4022 5211 3003 2070 204 1562 1039 1523 3197 3019 4168 2003 450 808 2923 1418 2493 605 109 0 164 886 1235 1114 1089 85 1320 1718 2783 4509 3385 817 766 249 2560 1650 2742 4376 4390 3783 4879 3485 631
5220 5264 4929 5315 5378 4931 3787 2525 5400 3170 2962 1052 1491 2043 2289 5245 5182 5282 3392 1243 590 3610 2350 5212 1862 337 1007 93 797 1349 755 463 1290 1547 2552 1977 2666 215 1600 2482 423 3258 3221 2738 3033 5400 4748 4834 2267 1
5220 5220 5351 5400 5400 4825 3069 2542 2961 4054 4560 1776 1965 2140 2306 2391 4631 5223 3155 2688 4627 3590 1777 2778 422 0 90 0 0 0 866 1533 3485 2424 3352 1713 124 274 152 2393 1437 1475 2442 3671 5384 4726 949 1343 4323 1386
4849 5316 5038 5227 5090 4725 2457 399 316 2776 2729 3477 4588 4175 3600 2934 4186 3693 1195 3102 793 1250 4428 2791 1519 48 0 0 0 0 0 130 621 4185 5400 4316 1439 452 3031 3649 3350 4852 5400 5400 5400 4751 3118 601 419 3094
4672 5366 5365 5400 5376 5060 859 881 946 1521 3062 3901 3679 3445 2290 1595 1136 1561 2832 1680 48 2299 3699 3548 248 248 0 0 0 0 0 0 126 3367 5400 4753 5106 4985 5153 5394 5400 5400 5400 5400 5329 3481 1814 20 676 3247
4879 4698 4731 5389 5335 4731 1664 4672 3080 2152 3409 3464 1414 2790 1663 3152 1345 2246 1854 1086 483 3391 4452 5334 5336 2829 1229 1367 0 631 21 404 753 4496 5400 5400 5400 5237 5317 5400 5400 5400 5390 5398 5400 3942 1205 0 2796 5220
4547 3233 4356 5400 5277 5346 4756 3535 3879 4684 5294 5177 5118 4949 1741 3243 5400 5212 4930 1989 3025 5180 5322 5400 5400 4852 3975 2817 323 1589 3700 5400 5012 5383 5400 5244 5400 5400 5400 5270 5278 5400 5400 5400 4700 754 0 95 4376 4886
2991 5320 5311 5400 5388 5386 4595 3993 5287 5400 4956 4600 4479 5332 5400 5400 5400 5121 5388 5318 5386 5400 5400 5400 5400 5125 1126 497 4187 5400 5400 5400 5400 5400 5316 5096 4638 5188 5400 5400 5400 5400 5398 5369 5119 1942 16 2213 5311 5062
4250 5400 5400 5400 5400 4231 5339 5400 5400 5400 5280 4856 5196 5396 5400 5400 5378 5400 5400 5362 5338 5398 5400 5394 5400 4853 482 641 3074 5400 5400 5400 5400 5400 5400 4252 3765 4998 5310 5400 5400 5289 2546 4753 5350 4823 3864 5336 5303 5122
5220 5400 5400 5272 5386 5130 4337 5400 5400 5400 5400 5400 5190 3874 4248 5351 5400 5400 5398 5227 5333 5120 4887 5087 5176 5400 3053 1215 4569 5400 5400 5400 5400 5345 5400 4681 4014 3894 4305 4979 5273 5400 3622 4382 5400 5400 5346 5315 5377 5058
5220 5400 5400 5400 5400 4419 4298 3965 5400 5400 5400 5400 4775 2097 3597 4585 5366 5289 3393 1632 2051 1355 2487 3543 5128 4755 5400 5327 3363 5306 5400 5400 5400 5400 5400 5158 4831 5340 5051 4617 4181 4577 4517 5157 5400 5329 5400 5400 3946 1334
5220 5400 5400 5400 5398 5163 5019 3908 5167 5400 5291 5202 5315 3645 4233 3335 4850 4175 1706 4658 1390 576 3229 5063 1877 4079 4048 4476 3780 4290 3916 5207 5400 5400 5400 5398 5202 4645 5266 5400 5059 5057 1772 3633 5400 5400 5400 5400 4718 3562
5220 5400 5400 5400 4640 4459 3386 4563 4895 5400 5378 5314 5352 5368 5155 4972 5073 4805 1410 3535 3496 3560 5070 4905 2696 4366 1437 2484 3225 2185 1856 2898 5379 5400 5400 5400 5400 5388 5372 4748 5186 5295 3726 5261 5400 5400 5400 5400 5400 5220
5220 5379 5396 5400 5145 3462 1500 4036 5366 5202 4279 4147 3815 4294 4945 5215 5270 2872 3214 2860 4780 5400 5380 5116 4468 4707 3101 2449 4958 3995 4695 3394 3491 5400 5400 5384 5400 5389 5125 5400 5400 5400 5400 5361 4301 5253 5390 5223 5341 5220
4287 2226 1012 3375 1612 672 20 91 1057 3843 2090 1269 1324 666 1531 2593 2333 47 936 2819 5347 5186 5394 4388 5068 3503 2895 2310 5400 5388 5307 4920 4183 3899 5400 5257 4616 3574 4760 5245 5357 5221 5400 5369 5156 5331 5400 5209 4024 3075
4268 3540 3071 2779 2703 1744 541 56 5 1779 4712 3635 2983 1193 228 1105 230 52 6 720 5191 3905 1221 380 1241 922 2361 5141 5400 5400 5353 4853 3093 5015 3453 5394 5400 5358 5388 5302 4943 4401 5400 5400 5388 5366 5400 5400 4502 2307
4692 5400 5400 5364 5382 3407 3248 4494 4462 5206 5378 5388 4875 5335 4878 2042 2196 3511 2845 2884 4763 4779 4728 1325 2327 4208 5202 5251 5296 5388 5378 2032 2643 4988 4913 3332 4632 4052 4728 5096 5267 5363 5400 5400 5142 5400 5400 5378 5323 2819
4731 5202 5333 4680 3857 4799 3088 2738 4989 5400 5360 5378 5400 5400 5246 3499 2489 5284 5400 5400 5147 5003 3565 5125 4635 5373 5338 5305 5400 5400 5400 2943 5085 5398 5171 3305 3263 2436 3645 4600 5346 5388 5400 5400 5334 5367 5400 5400 5061 2151
5127 5274 4427 4552 3844 2892 2135 1377 4036 5380 5400 5346 5368 5400 3891 1956 4568 5223 5137 4629 5109 4052 1217 4516 4412 5394 4611 5260 5265 3637 4740 2956 4869 4037 4472 11 2008 1063 4309 5400 5400 5400 5400 5324 5369 5400 5400 5400 3801 1279
4475 3198 4790 5235 4700 4481 4915 3960 5316 5400 5400 5400 5037 4897 4541 2299 4191 3861 4036 3549 3185 581 1730 5013 3943 2371 2823 1546 2424 658 690 2482 4351 4766 4000 927 2391 2534 4527 5400 5400 5400 5105 4988 4726 5275 5400 5400 4568 3890
5218 4773 2105 5117 4982 5100 4692 4941 4704 4459 4944 5377 5229 4564 4379 5271 4830 4710 2927 21 1550 1834 686 2027 2210 1354 286 2961 2584 2980 1780 1942 2555 4294 1196 124 2026 2190 4423 5321 4744 3421 5152 3503 1480 4282 5388 5400 5149 5220
5196 5386 4453 2688 4468 5350 5119 4547 4305 3919 3908 3863 4544 5185 3703 5179 5216 4031 2428 704 1875 2497 3699 2829 2362 4416 3025 4651 3723 3759 1363 657 3567 2096 1398 666 4484 1354 2738 4103 4292 1440 2989 3405 3875 5214 5400 5400 5253 4608
4789 5400 5390 5165 2970 4849 4532 5348 5098 5211 4891 1168 4521 5086 5179 5287 4538 3172 4075 4722 5260 4534 4952 4584 965 3404 4849 4686 3877 1031 1468 2403 1434 726 413 449 3292 2360 1377 1630 4607 3722 4874 4890 4027 5023 5396 5400 5400 3100
4473 5021 5220 5220 4957 3850 3765 4997 5210 5220 5220 5077 5176 5076 4670 4983 4846 5184 5109 5220 5208 3136 2391 1932 66 1213 4650 4668 613 1602 2811 3700 3281 3161 1494 4430 2759 2129 4219 4682 5017 5096 5030 4158 3542 5156 5220 5220 5149 3076
