data/outputs/Sarzedas de Sao Pedro/2015/resolution_1/CONT_TOTAL_1_80.asc
ncols         18
nrows         18
xllcorner     -8.224023584583
yllcorner      39.953368546911
cellsize       0.000719457280
NODATA_value  -9999
17691 13679 17823 23955 13923 17499 16085 13734 4111 8166 14116 29631 34312 30770 36264 37726 32020 30558
10324 30009 32175 38281 38134 30733 14312 24061 28345 26146 21765 25955 33026 23699 31365 24161 31895 20561
22896 33318 38128 38303 34899 32920 29354 35295 37454 26986 33805 28214 19062 27889 32062 26360 35110 18193
26005 35671 35529 35409 31408 16047 9005 25901 30557 33742 35637 32892 28045 31622 24602 28505 33654 22357
14392 27448 23922 30035 31809 20616 6078 23612 18067 29914 36323 33723 35147 37083 26736 28436 18225 10218
27581 37802 29182 25621 25856 28601 26290 22921 29053 21898 36455 28872 33419 30536 30508 21737 31840 15951
1737 19000 35485 17239 9410 21762 35757 18000 27051 11384 17159 6175 24818 25425 30142 36571 38217 28216
19820 25827 19064 16839 26985 25636 32045 26317 13262 8726 8170 12120 12392 31054 33136 38157 38304 37888
24065 17170 21100 20956 17904 27797 24352 16200 6613 12995 10088 7595 9268 8111 11298 29770 37986 37587
34058 35206 27944 28371 10708 19602 31980 10593 20710 4000 3611 6486 11202 15742 10144 11985 25095 29128
36467 37645 16834 14088 22695 17376 15993 11568 24756 4832 63 840 22993 27588 26179 33067 37986 12079
30020 38131 30245 32171 31736 27946 33112 24676 36917 30181 13994 25363 33816 37122 37961 38276 35945 5279
36950 38085 33552 38400 35449 32986 38098 31676 32489 33182 21999 38400 38345 32013 34452 34059 33846 36012
37920 37455 29757 37335 36436 31350 26777 20467 27843 24823 25451 26844 38001 37959 36701 33699 34016 38288
26417 22345 6292 20642 17854 15483 10246 26547 26432 21596 30124 33966 29967 36634 35990 36721 36769 38100
36475 32776 21588 35466 37777 29364 27428 33098 27393 31985 37647 31124 33621 22085 29963 38164 38002 38345
30715 33498 31304 34956 35597 29349 32042 17208 13261 20366 18400 13292 25902 10767 29597 32703 29440 38062
36167 31037 33705 34975 31064 35353 30693 29161 25472 17017 25786 14518 14560 18082 18134 30536 29445 37632
