data/outputs/Sarzedas de Sao Pedro/2015/resolution_1/CONT_SPEC_1_50.asc
ncols         30
nrows         30
xllcorner     -8.224023584583
yllcorner      39.953368546911
cellsize       0.000449660800
NODATA_value  -9999
0.584200 1.062400 5.26100 3.003800 1.171800 5.02700 3.360200 1.660400 0.518200 0.130800 3.045400 3.183800 0.413600 1.512200 2.211400 4.062400 2.403600 2.677800 1.552200 1.26100 2.979400 3.91500 4.788800 4.419600 5.88000 5.733200 4.245600 2.454200 3.028400 2.620400
2.529800 3.990800 2.07800 3.764800 2.839800 2.94800 2.291200 1.112200 0.877200 1.198800 1.869400 3.808800 0.358200 0.162400 1.077800 0.824600 0.961800 1.023200 4.20700 4.16200 4.819200 3.74500 4.740800 5.732200 5.968200 5.97800 5.54700 3.729200 4.733400 5.54200
1.475600 1.98400 2.533800 2.39400 3.897200 5.367200 3.757800 3.872200 4.757200 3.61600 2.524400 4.02100 0.359800 1.548200 0.785400 3.155600 3.851800 3.951200 4.513800 5.79600 5.995200 5.206200 5.71800 5.537400 5.62300 5.575800 4.645800 5.546800 4.778200 5.511800
0.978400 3.123200 5.509600 4.750600 5.142400 6.0000 5.995200 5.987200 4.295800 4.269200 1.049200 4.500600 1.964600 5.05800 2.525600 4.818800 3.307400 1.948200 4.855600 5.975800 5.164800 4.045800 4.102200 4.376600 3.681600 3.54000 5.629800 3.910800 3.32000 2.905200
2.276200 1.243600 4.638200 5.840400 5.955600 5.97000 6.0000 5.998400 5.859400 4.185600 3.282800 5.954400 5.748400 5.86900 5.209800 5.155600 5.995200 4.31000 3.74800 4.381800 2.685200 3.804600 5.111400 4.17700 3.675600 3.049600 4.851200 3.734200 1.126200 2.20300
4.083600 5.759200 5.971400 5.92200 6.0000 6.0000 5.776400 4.81600 5.129600 4.878400 4.910400 4.29900 6.0000 5.817800 5.100600 3.157200 5.094800 5.097200 4.406400 3.336200 2.514400 3.788400 5.736400 5.176400 4.340400 5.676200 5.854600 5.000400 1.92500 3.596600
3.517200 5.984800 5.951600 5.877800 5.931200 5.85400 5.217200 4.618800 2.47700 0.639200 2.144200 3.043200 4.515200 5.218400 5.428400 5.54200 5.712600 5.15200 5.171600 3.483800 4.93400 4.985400 3.04600 4.181200 2.665200 6.0000 5.79700 5.044600 5.389200 3.769600
2.71100 3.122800 5.383600 4.88200 4.379800 5.143800 4.169400 5.658600 4.607200 1.62400 0.965600 3.322200 5.236200 3.91000 4.92200 4.534400 5.602200 5.468600 4.435800 4.832200 5.624400 5.33100 4.03500 4.194400 5.369800 4.35600 4.044400 0.11000 1.572400 1.401800
1.982200 3.259200 3.96300 4.43500 3.187400 5.121600 3.569200 5.87800 4.104400 1.142600 0.76100 3.03300 3.866800 2.55700 3.337400 5.540400 5.935600 5.768400 5.662400 5.186800 5.51400 5.911200 5.764800 3.900400 4.70800 3.72100 2.72300 0.807600 2.193400 3.044200
3.308400 5.755200 5.538200 5.325400 3.12900 5.129200 4.624200 5.128600 4.374800 3.636200 2.684200 2.430400 3.606600 3.75400 2.303400 5.637400 5.772800 5.392600 5.51000 5.632600 5.05900 5.561800 5.830800 4.488400 2.858600 5.11400 5.855200 4.628800 0.635200 4.841200
3.067200 4.574800 5.583400 5.70300 4.147400 3.522400 1.984200 3.568200 5.222200 4.088200 5.187800 2.817400 4.550600 4.77700 3.517600 2.136400 4.919800 4.132800 3.643600 4.642400 5.000400 4.568400 3.966600 5.420800 4.422200 2.751600 4.823600 4.220400 0.44800 3.441400
0.392800 0.000800 3.244600 5.42200 5.883200 2.917600 1.454200 1.353600 3.090600 5.352600 5.930800 3.673800 2.450800 4.278800 3.56900 1.72600 3.600200 1.685800 0.776400 2.132200 4.808400 4.57600 2.805400 5.340600 5.83900 5.810200 5.982400 5.690200 2.354200 0.746200
3.133400 0.568600 3.362200 4.60800 2.932600 2.323400 2.194400 4.766200 3.940200 2.873600 5.59500 5.267600 1.937800 3.756400 0.443200 1.731200 1.08800 1.392600 0.988600 3.215400 2.089200 4.752600 4.093400 5.998600 5.919600 6.0000 6.0000 6.0000 6.0000 5.599600
3.905800 2.09400 5.365600 4.925200 1.53800 1.638800 5.309400 2.405800 2.769200 4.760200 5.388200 5.052800 3.462200 2.17900 1.826400 0.64300 1.684400 0.800200 2.42700 2.825800 2.254200 4.336600 4.777200 5.048600 5.983200 6.0000 5.966400 5.967400 5.76800 4.48200
4.410800 0.643400 2.24900 3.281400 1.664400 3.286200 2.513600 2.802200 5.17900 5.738800 3.691200 4.342800 1.425600 1.578200 0.647800 2.45600 0.725800 2.354800 1.013400 2.124800 1.087200 1.21300 2.390400 2.225600 5.190200 6.0000 5.990600 5.916400 5.874400 4.910800
5.750600 3.04600 4.636400 5.414200 4.929200 4.748400 2.416400 1.581400 1.546800 3.656600 3.42000 1.200600 1.46500 1.180600 1.354400 1.544200 1.210600 0.950200 1.731400 0.49300 1.227800 2.387400 2.072400 0.31400 1.45900 4.767600 5.491200 4.977800 5.614800 3.928600
5.875200 5.251800 5.79600 5.019800 3.925400 4.415800 2.748800 1.818600 2.673800 5.57900 5.602200 2.203600 2.34200 3.11500 3.01000 0.496600 0.154600 1.097600 0.871400 1.485400 1.997800 2.515400 1.323800 2.470800 1.754200 2.831800 3.271800 5.663400 4.754600 0.808200
5.711800 5.824600 5.806800 4.461600 1.559400 2.348600 3.280400 3.57700 3.413400 3.304800 4.279200 2.705600 2.71600 3.708400 1.545600 0.01900 0.0000 0.0000 0.027400 2.103800 5.627200 2.913800 0.620200 2.763400 2.990400 4.864200 5.94200 4.115400 0.843200 2.809400
5.564400 5.91700 5.964400 3.591800 2.51400 1.644800 3.28000 3.33600 2.444800 1.958400 1.390600 2.07800 1.20200 4.753600 3.174600 0.872400 0.292400 0.164200 0.0000 0.839800 5.642600 5.623400 5.64900 5.985200 6.0000 5.995200 5.971600 3.44300 0.30500 3.539600
4.382200 5.008200 5.94600 5.45100 4.114800 4.82800 5.840400 5.317800 3.758200 4.74900 5.50200 3.594800 3.986600 5.74800 6.0000 4.32100 2.644400 1.95200 4.23100 4.83100 5.994400 5.90800 6.0000 5.94800 5.951200 6.0000 5.70400 0.898400 0.778800 5.581400
4.93000 6.0000 6.0000 5.250400 5.881400 6.0000 5.371400 5.57600 5.988800 5.998400 5.89800 5.960800 5.968800 5.997600 6.0000 3.670400 0.811800 5.52800 6.0000 6.0000 5.97200 4.920400 5.321800 5.965600 5.971800 4.732400 5.720800 3.46200 4.797400 5.79400
5.88000 5.995200 5.947600 5.016400 5.467200 6.0000 6.0000 5.166800 4.054400 5.781400 5.980400 4.376200 4.39400 4.367400 5.584200 5.553800 3.089400 5.904200 6.0000 6.0000 5.97800 5.015800 4.842400 5.317400 5.29400 4.751600 5.861600 5.971600 5.935400 4.343200
5.88000 6.0000 5.995200 5.421600 4.909400 5.920400 5.947200 5.53400 4.51800 4.628600 4.347400 4.006800 1.362800 3.503400 3.845600 4.419400 4.417200 4.09800 4.44300 6.0000 6.0000 5.919200 5.672800 5.791200 5.707600 3.513200 5.718400 6.0000 5.951600 4.32700
5.877600 5.992400 5.59800 3.4000 4.44600 5.847600 5.235600 4.815600 5.572600 5.827600 4.322800 2.723200 5.129400 5.834800 4.845400 4.197600 3.175400 4.090400 4.000200 4.61100 6.0000 5.993600 5.960800 5.800800 5.91600 5.54000 5.519800 5.941200 5.915600 5.86600
3.74700 1.923600 2.320400 0.539200 0.170800 2.155800 2.825400 1.643800 0.810800 1.95900 0.20800 1.737200 5.709400 4.09300 3.707600 2.87000 3.978200 5.995200 5.834800 4.787400 5.140200 5.858600 4.89700 5.785600 5.718400 5.956400 5.884800 5.958600 5.676400 3.510600
5.442800 5.986200 5.779200 3.65300 3.827200 4.907600 5.964800 5.631600 4.85900 2.281800 3.284200 3.20100 5.40600 4.259600 2.238800 4.513600 5.841200 5.985600 5.023800 3.15900 5.346600 4.498800 4.821800 5.162200 5.56000 5.999200 5.896800 5.998400 5.991200 4.172200
5.774600 5.382200 4.497400 3.698800 2.345800 5.683200 5.965600 5.975200 5.391800 3.264800 5.612800 5.61100 5.620600 3.017200 5.15400 5.726200 5.86800 5.240800 4.619200 5.123600 5.164200 2.073600 2.07800 5.692400 6.0000 6.0000 5.930800 5.988400 6.0000 2.700200
4.930200 4.39300 5.55800 5.229400 5.090800 5.699800 5.985600 5.822600 5.020200 4.308200 4.659600 2.825200 2.084600 1.968800 3.94100 2.265200 1.849400 1.974600 1.520800 4.04600 4.03100 1.479200 2.84400 5.886400 5.904400 5.557800 3.73200 5.543400 6.0000 4.919400
5.859800 4.750600 4.26500 5.764800 5.278600 4.807400 4.29400 4.93800 4.998400 5.801400 4.001400 1.946600 3.249600 3.52100 2.537200 3.972800 5.080600 3.364200 1.330200 3.374400 1.380600 2.292600 2.39900 3.901400 3.6000 3.976800 3.97800 5.813800 6.0000 5.42200
5.296400 5.870400 5.23000 4.483200 5.568600 5.789600 5.160400 5.09100 5.50200 5.486600 5.249200 5.875200 5.071400 3.8000 1.443200 3.146200 4.867600 1.537800 2.910800 2.968400 1.645600 3.167200 2.428200 3.81400 5.29300 5.360800 4.548400 5.767800 5.88000 4.247200
