data/outputs/Sarzedas de Sao Pedro/2015/resolution_1/CONT_TOTAL_1_60.asc
ncols         25
nrows         25
xllcorner     -8.224023584583
yllcorner      39.953368546911
cellsize       0.000539592960
NODATA_value  -9999
2930 8888 15835 6942 15147 11226 5885 718 5750 12302 1859 5302 11714 9303 8147 4660 7384 12472 15645 16897 21240 19581 13412 11517 9389
9141 9649 10083 9410 12716 7662 3638 7687 5277 15695 1708 1589 1561 5575 6871 19033 18500 17647 17553 20998 21315 20232 15971 17067 21224
4739 12015 12986 17137 21082 19677 19023 16413 8706 12153 3031 11287 9823 13852 12737 15940 21254 20092 16186 18204 18468 19296 19471 12175 15731
6523 8034 19759 19166 21590 21600 20632 18743 8489 19934 18113 20346 16872 21093 11365 16571 15737 12488 14268 15664 12352 10421 19638 6466 8152
14308 20161 21334 21600 21525 20682 18222 17757 18035 16083 21600 20708 13171 17120 19058 14143 11046 11261 19191 18360 14065 20662 20019 8967 11079
14112 21408 20928 21600 20815 18229 17417 3928 4361 10296 16962 18877 19547 20226 19364 18176 13393 18496 14502 15084 12663 21600 17472 15722 12429
7586 12863 16601 14592 17411 15172 20596 13751 2967 13349 18192 13800 17147 19726 19976 16703 19749 20396 17792 14053 19270 11596 5297 8123 5524
9646 17855 16345 11094 18993 15929 19323 5943 4424 5553 10447 5179 14555 20842 21044 21159 18372 20305 21264 16176 14341 19881 11278 4018 12573
15017 20876 21560 15452 13503 10098 17768 16528 18234 13000 17220 18624 9629 18110 17631 15623 18642 14766 17501 17208 11945 12358 19301 6061 13866
1179 1947 18026 21154 12774 5249 6844 15687 21223 13080 10358 16262 6517 12967 6951 3583 13178 16928 12797 19055 20173 21188 21243 11600 3435
10877 4988 17919 11669 9304 9825 16524 12726 16388 19474 8145 9156 5353 2969 4651 5649 8457 12720 16632 21081 21399 21600 21600 21588 20023
12255 9627 18478 7360 6101 17711 7917 16526 19912 16896 10611 6184 5063 3068 5421 7900 8296 9368 15902 16226 21554 21518 21493 20922 16033
16606 6559 13746 10879 15234 9676 6540 15892 13149 10924 3568 4268 8361 5839 5497 4625 5410 3255 3698 2642 13040 21535 20878 21367 19412
20585 16777 19731 15424 16783 6287 6134 12253 17650 7088 7931 11472 2912 1263 4266 3420 4241 9030 10775 5664 6489 10350 17199 18243 6384
20605 21016 20040 8467 10107 12541 12867 11231 17732 10139 10260 11773 1989 90 0 2528 10714 14780 2288 9224 11113 16913 20261 6010 9222
19614 20885 20502 8075 7697 13834 11327 8700 6287 7451 6220 17033 8660 2596 631 425 8741 20953 20728 21264 21600 21588 18152 3038 11938
16090 20467 21397 16877 19249 20026 19877 15784 21133 17625 18991 21522 20777 8415 11498 19900 21195 21055 20626 21470 21478 21567 12515 2324 19634
20270 21472 20147 20476 21600 20936 19656 20399 21578 21387 21189 20768 20829 5390 18443 21600 21545 19733 16671 19994 21362 15302 20973 19860 20859
21240 21600 20380 17189 21367 21293 15832 15749 19679 11388 5372 14321 15839 19250 16739 19923 21600 21356 20018 20333 18873 15078 21529 21600 13559
21219 21596 17705 13484 20863 19118 18828 20287 18020 11018 17236 20469 16236 9471 14362 12843 19670 21584 21577 20645 21281 19747 20354 21413 21181
14321 10236 6730 708 6683 11705 6166 5456 2662 4481 19627 11382 10733 12707 21588 20432 16190 19504 18948 20695 19921 21569 21240 21409 13908
20025 20777 17444 13568 20056 21504 21010 15664 13479 16529 19691 14743 16542 21096 21484 15753 18113 16721 14383 18069 21364 21600 21243 21578 15353
18073 19003 15917 12386 20132 21546 20701 12687 17843 17351 12926 12475 16119 14240 11984 10868 18022 9409 7995 19635 21600 20817 20770 21600 13538
20572 14362 19899 19298 17385 18091 19522 18531 18786 6079 7754 9240 10341 10922 13045 5741 12512 3382 10054 16585 13897 15049 14850 21588 20229
19683 20995 16624 18641 20739 16356 19859 20119 17739 19126 18137 13859 5647 18852 7122 10380 8601 6785 10540 11907 18441 18951 17747 21236 16725
