data/outputs/Sarzedas de Sao Pedro/2015/resolution_1/CONT_TOTAL_1_40.asc
ncols         37
nrows         37
xllcorner     -8.224023584583
yllcorner      39.953368546911
cellsize       0.000359728640
NODATA_value  -9999
2377 1166 4337 7510 5041 3276 6227 7302 2109 1589 532 34 570 7392 2844 154 354 1267 4542 4105 2553 1760 3435 1161 1993 7663 6082 6752 8118 5937 9600 9598 8569 7473 4070 5264 1634
3497 8537 3217 3723 5519 4272 5557 3609 2702 356 1013 2575 2276 4754 6071 728 232 1377 182 1473 1174 1191 4942 9193 7334 7778 6637 6267 8750 9392 9521 9591 9556 7478 5632 7581 9594
2297 3362 2021 4718 2756 5278 8456 6334 5843 5023 7836 6076 2660 6396 6142 794 1483 1020 1035 5477 6308 5443 8077 7419 9600 9600 9202 8664 9367 8756 9025 9590 8110 6877 9089 8257 9540
1266 4289 7061 7573 6978 8800 9600 9491 9546 9420 6951 7513 5422 1543 6567 1318 6237 4427 4299 6883 3981 4611 4749 8956 9590 9150 8602 5422 8449 7875 8189 7228 8502 8903 7507 3362 7377
3553 1217 5965 9411 8501 7896 9590 9600 9600 9568 8148 8122 3644 3704 9533 6644 9155 8526 5647 9317 9095 4078 3135 9116 9548 4739 4954 4722 7659 7382 5386 3359 5896 8595 4640 5052 3989
4841 3323 5811 8403 9600 9495 9525 9600 9435 9596 9526 7599 7303 6612 9538 9388 9451 9565 6850 6161 9528 9402 7694 5340 3412 4385 8548 7162 8795 5010 4126 5148 6901 9502 5507 865 3103
5339 9394 9584 9520 9433 9600 9600 9578 8869 7000 7744 8051 7937 7503 6769 9600 9540 8898 7729 6247 7684 7192 9523 5658 7290 3976 3683 8497 9588 8669 8617 8469 9600 9108 7973 3848 4444
4569 9562 9598 9506 9448 9600 9466 9422 7813 7501 4392 2100 488 5928 5173 7022 9539 7003 9183 9182 9026 7561 9406 6895 4651 7742 6976 8436 3884 5887 3721 8173 9600 9259 9321 9595 8042
5612 6263 8483 8085 8135 8347 8998 7523 7232 8863 6552 3005 9 2580 5180 8526 5979 8036 7988 7390 9559 9492 9082 7510 6843 8810 8914 7296 5890 8942 7107 9505 9558 5238 532 2910 323
3931 901 7051 7337 8066 5199 6806 7461 6905 9434 8868 4979 922 3387 7306 8511 7303 5912 7053 8447 8820 9228 6625 8421 9599 9324 9177 9149 6194 5754 8731 5150 3586 2644 1458 5659 2330
2569 6992 7443 5617 6639 4019 7722 8046 6301 9169 5961 809 723 1046 3105 4690 3415 1437 5015 9400 9091 9185 9483 9194 7792 8433 9195 9562 9318 5471 6596 7959 8303 3694 1633 1470 3118
5186 8543 9447 9394 9122 4715 8032 7882 7471 7927 7953 6412 7542 3046 5012 5342 7889 5566 5534 9417 9442 9468 7017 9558 8858 7915 8033 9578 9049 6981 4565 6278 9341 9110 8453 992 6347
5635 8217 9361 9600 8858 6488 5559 4148 3363 7095 8597 5639 8875 6828 5035 7533 7543 8056 3501 3447 8290 9256 4907 7391 7641 9007 5214 7712 5238 9241 7498 3396 4589 8800 5723 784 4122
757 7 1623 7376 9588 9205 6084 4922 1033 2247 7802 8414 9469 8317 3320 3823 7390 7205 4504 5271 6363 4957 2263 1489 4422 7428 8411 7763 6595 8362 9291 8090 9590 9427 8563 1709 67
973 0 965 9036 7771 8922 5799 435 2149 3981 1297 4250 8385 9586 7440 3417 5723 6734 914 696 3911 1929 1960 463 6392 6576 5659 3593 5585 9600 9590 9600 9600 9600 9493 8451 6055
8471 2444 3752 6544 7281 3046 5203 4149 7379 8793 9308 5692 5488 9461 8699 2732 5363 1535 2325 2837 986 2316 1243 4216 3892 715 7789 9364 9103 9600 9405 9594 9600 9600 9588 9600 9494
6237 2669 6808 8724 7186 1552 798 6691 8458 2356 2580 8057 8113 8984 7896 6991 3212 3152 2389 1175 2644 2226 2504 4158 4077 3710 5310 8591 5973 8460 9558 9600 9518 9586 9543 9158 7652
8295 1530 382 5304 6077 2451 6375 2712 5670 4171 8159 9227 9025 6183 7224 3206 2104 1815 2539 2969 702 4878 1117 2161 3760 2168 1508 3384 3735 4578 9332 9566 9600 9545 9528 9298 8172
9263 4978 4887 6598 7011 5562 7767 4103 6149 1914 3608 6804 6295 2850 4314 1458 1194 1501 3366 4122 2426 2082 2088 2230 1368 1973 2457 762 2484 503 1801 9071 9600 9241 9205 9556 9279
9360 6401 7767 8251 8731 6936 8263 4240 712 2411 1988 5830 6034 7547 1113 2121 5041 4646 1785 125 170 1664 1782 1624 1072 3432 4983 7291 3054 1519 1337 4897 4642 7476 7545 8536 4583
9360 8937 9588 9600 6886 5392 7808 8061 4203 3382 5284 6501 9474 8925 3093 4267 4110 6914 980 1110 279 1498 1085 1995 3291 3408 2098 1370 682 4890 2438 3314 4946 8032 7791 5257 4931
8940 9204 9427 9184 6993 1690 1324 6322 4786 6641 5023 5426 7216 3972 5236 3263 5635 5441 1805 0 0 0 0 567 3025 9520 7937 1503 2137 5507 4980 8887 9425 9588 6282 1208 2680
8759 9565 9600 9434 5044 3108 2454 3990 5476 5793 3972 2957 1213 3593 2828 242 6158 7523 2829 199 0 63 274 0 1742 8707 8953 9195 8942 9594 9600 9600 9588 9385 3984 605 2572
7465 6896 9511 9432 6885 7430 6064 7458 8549 6668 4683 5168 6715 7490 2772 3486 8117 9600 9600 5466 5264 142 1494 4984 5088 9600 9556 9600 9460 9470 9478 9600 9600 8529 2204 246 7659
6800 8860 9600 9588 8956 6974 9173 9476 8168 8352 9137 8959 9451 9457 8979 9440 9600 9600 9434 5682 1975 6614 9285 9600 9600 9528 9171 8795 9431 9600 9600 9598 9569 8247 508 2321 8906
8390 9600 9596 9426 8377 9600 9600 9600 8936 9396 8932 9600 9578 9600 9562 9536 9600 9387 9600 5099 641 7037 9600 9600 9600 9600 7867 6781 8705 9600 9600 7607 6389 9550 7801 9082 9479
9360 9600 9476 9588 7307 8268 9600 9600 9600 7517 6125 8330 9600 9320 5772 6806 6838 6664 9163 9321 6500 7821 9600 9600 9600 9545 9246 8119 7876 8271 7954 8898 8308 9600 9529 9600 7508
9360 9600 9600 9598 8772 7258 9367 9523 9370 8613 7172 5952 8924 3903 7774 1872 2390 8556 4499 8481 8005 6592 7970 8885 9600 9600 9576 9195 8936 9533 9184 6554 6122 9600 9600 9600 7333
9360 9600 9600 8657 6187 7541 9061 9385 9499 8955 9089 9137 9120 4831 4210 6611 8019 8879 5483 6360 4099 6756 4132 5858 9201 9600 9588 9600 9302 8930 9281 8680 8694 9600 9600 9488 9598
8543 6682 8417 6279 1602 3086 6865 7092 4405 4004 5472 7253 6201 3681 6459 9528 9599 9203 8712 6298 3550 8915 8204 7156 6518 9383 9453 8942 7535 9600 9579 9586 9542 8040 9600 9414 8653
6719 4474 3979 3671 1276 329 204 6482 5377 4068 924 1834 356 9 1315 9245 5507 2124 3129 3457 8059 9600 9588 9018 6905 7162 9139 9100 9552 9303 8461 9096 9600 9588 9566 9520 6884
8281 9574 9500 8862 5702 7332 8436 9547 9588 9075 9053 5570 4750 6450 6286 8570 8838 4970 5674 8840 9283 9484 9600 5276 6352 9443 6298 7655 7207 7994 9366 9598 9600 9342 9596 9578 8189
9241 9380 7831 6583 5211 3343 7883 9600 9514 9600 9461 5281 6836 9392 9000 9242 6589 6996 8305 9166 9513 9368 9377 6871 8948 8879 3909 4224 5588 9176 9600 9600 9557 9503 9571 9600 6090
7980 6827 9264 8259 7822 6201 9500 9600 9570 9125 8668 4230 7996 7692 6800 5916 1750 6963 6928 6447 3843 4866 1852 3395 8010 8150 2278 3942 4698 9600 9600 9533 8927 8851 9550 9600 7027
9296 6612 7209 8767 8942 8340 7977 7879 8508 8395 7529 8923 8673 7681 734 3759 1396 3152 4884 2108 4533 5159 5027 3019 5009 4734 682 3866 5805 9494 7215 6355 7087 4576 9312 9600 9156
9282 9524 6980 6636 9523 9072 8070 8245 4976 8823 8648 9150 8387 4484 4589 6296 8524 7370 4067 7151 8669 6380 3042 1505 5010 1128 820 7718 1945 4833 7715 5111 7168 6881 9395 9600 8850
8054 9307 9348 8073 6512 8599 9300 9360 8257 9009 8526 9030 8638 9185 9360 8916 4942 4637 555 5244 8552 2186 3689 6283 5093 3329 5476 4069 4518 6839 8747 8964 7977 7420 9277 9360 9011
