data/outputs/Sarzedas de Sao Pedro/2015/resolution_1/CONT_NORM_1_30.asc
ncols         50
nrows         50
xllcorner     -8.224023584583
yllcorner      39.953368546911
cellsize       0.000269796480
NODATA_value  -9999
0 4 11 88 91 58 33 1 49 96 86 60 48 26 6 4 9 58 77 52 13 17 39 43 45 77 86 42 25 79 46 9 13 37 29 59 57 87 87 82 97 97 94 86 46 70 29 68 14 80
37 13 17 48 83 61 56 38 55 80 42 20 22 13 4 0 2 38 94 5 1 3 3 13 42 53 15 30 26 20 13 18 13 74 82 61 79 66 83 60 100 100 100 84 98 35 66 51 24 57
59 58 87 38 32 53 37 49 48 20 28 38 6 1 11 30 25 16 92 38 1 0 0 26 3 9 21 16 0 14 71 98 74 69 71 60 52 76 97 100 100 100 99 100 90 58 33 83 100 97
7 46 41 13 42 60 39 49 79 88 44 31 16 44 74 27 28 29 81 79 22 8 3 1 1 16 34 32 40 72 98 86 100 100 98 98 97 100 100 92 95 100 96 80 70 77 100 100 100 97
17 49 35 30 50 32 46 89 99 91 78 87 80 87 74 93 45 41 85 36 0 0 66 14 25 50 90 69 76 67 67 69 100 100 100 87 70 97 92 87 89 96 100 94 69 97 96 49 93 85
11 11 70 89 90 68 82 100 100 100 100 100 100 85 58 78 75 1 23 80 23 33 87 42 37 70 64 34 34 59 60 100 100 94 96 88 53 80 71 87 93 64 78 86 100 94 33 48 83 30
41 22 18 89 99 88 87 70 100 100 100 100 100 84 89 75 47 8 72 99 66 75 97 84 42 92 100 91 40 7 75 100 100 67 58 56 38 70 71 82 43 41 32 81 93 79 17 82 59 13
42 16 6 35 78 100 100 98 100 100 100 100 100 99 100 83 61 41 100 99 98 96 99 97 88 90 100 100 97 67 35 97 73 52 51 66 71 86 88 49 69 75 35 44 95 97 6 15 28 51
65 67 75 99 99 100 100 100 99 100 99 96 100 100 100 75 82 91 69 99 100 100 98 100 65 23 59 89 94 100 81 25 22 18 63 83 85 90 98 51 43 33 92 90 100 98 30 1 8 57
35 99 99 100 99 97 100 100 100 100 99 89 54 84 74 80 75 87 55 75 100 100 98 89 92 63 91 79 68 91 99 56 95 70 29 33 81 100 100 91 93 91 100 100 93 79 87 48 51 89
37 94 100 100 100 98 100 100 98 100 98 83 76 78 32 23 7 55 58 62 71 100 83 71 96 99 97 90 81 84 100 50 43 59 90 60 98 41 78 38 35 57 100 100 95 100 100 100 93 89
65 65 98 98 96 93 100 100 96 91 88 68 84 84 16 2 0 20 29 42 78 65 99 98 86 81 89 99 94 99 100 87 78 68 93 100 74 55 69 95 61 82 100 100 77 51 32 59 28 20
77 10 41 87 86 62 91 61 78 91 57 87 94 90 72 56 2 22 16 84 98 63 63 72 82 75 80 89 94 77 70 77 77 90 94 84 88 62 33 80 82 99 74 85 61 0 4 44 1 31
50 3 25 85 71 89 70 49 70 84 56 81 100 97 76 51 14 17 70 77 85 91 62 59 82 79 98 99 99 100 63 100 100 99 100 100 100 79 86 61 85 90 12 44 30 7 41 61 23 48
22 59 57 80 53 79 52 53 78 91 54 68 98 90 37 6 0 1 34 26 54 41 35 11 61 92 99 98 100 90 100 93 79 74 94 97 99 100 97 41 73 75 84 85 37 1 17 21 15 93
9 89 99 94 84 87 61 40 87 95 82 91 87 83 42 25 61 20 7 36 33 66 38 12 29 87 99 90 100 100 99 99 97 90 86 100 100 95 99 63 47 70 100 99 94 77 36 0 33 92
94 73 96 100 100 99 66 65 61 77 70 64 75 100 91 82 97 64 40 81 76 95 97 90 43 78 97 100 100 56 69 98 88 87 78 58 94 81 67 81 60 16 42 80 99 99 60 26 69 97
42 70 94 96 100 100 93 62 66 47 28 25 65 89 78 56 88 88 70 50 66 82 68 91 49 8 50 89 99 72 40 82 77 93 75 62 85 65 74 97 95 50 53 54 87 72 26 0 17 75
9 0 2 25 75 100 100 93 66 57 40 5 17 82 96 83 98 100 54 38 41 64 87 69 55 24 88 70 61 19 42 10 39 82 77 99 98 84 86 80 97 77 92 100 99 94 61 1 0 33
13 0 0 9 85 74 99 100 91 23 16 36 23 5 37 75 96 100 86 64 36 51 57 88 37 4 37 46 29 19 13 1 53 70 75 63 40 16 87 100 100 100 100 100 100 100 96 57 25 5
41 3 0 14 88 99 69 56 40 10 6 26 81 40 47 33 60 99 100 69 12 70 85 31 6 26 5 26 30 15 17 13 72 32 56 56 72 45 90 100 100 100 100 100 100 100 100 100 95 89
92 66 19 59 60 84 43 48 61 61 62 88 89 97 98 58 50 94 100 92 38 30 39 15 16 52 6 18 17 24 8 67 52 1 38 86 100 91 100 100 100 96 100 100 100 100 100 100 100 87
61 37 35 77 94 97 48 24 9 30 91 83 21 27 38 88 81 90 87 80 87 31 61 36 25 18 20 35 31 6 56 40 38 16 42 58 92 73 60 94 100 100 100 99 100 99 100 92 80 61
95 34 35 31 69 82 49 15 41 32 66 88 65 34 80 100 100 97 79 67 53 25 17 0 35 15 1 1 45 19 40 11 37 62 34 39 71 59 57 89 99 100 100 100 100 99 99 96 88 68
96 25 2 4 53 50 19 23 77 44 28 35 30 67 91 92 90 31 69 70 19 8 31 20 7 62 46 8 43 28 14 25 49 10 6 7 10 26 18 19 70 93 100 100 100 97 98 100 100 91
97 89 42 72 74 78 95 65 82 79 41 75 16 8 47 65 79 43 26 37 19 19 20 8 31 55 24 30 20 11 24 23 12 29 4 43 7 26 7 5 3 76 99 100 100 90 98 100 97 72
97 90 37 84 77 98 94 74 96 56 38 4 29 19 28 59 56 77 37 8 15 54 26 46 11 2 0 3 16 23 21 20 2 24 32 52 83 63 15 14 5 47 31 51 81 81 70 90 65 12
97 97 91 98 100 91 70 47 100 59 55 19 28 38 42 97 96 98 63 23 11 67 44 97 34 6 19 2 15 25 14 9 24 29 47 37 49 4 30 46 8 60 60 51 56 100 88 90 42 0
97 97 99 100 100 89 57 47 55 75 84 33 36 40 43 44 86 97 58 50 86 66 33 51 8 0 2 0 0 0 16 28 65 45 62 32 2 5 3 44 27 27 45 68 100 88 18 25 80 26
90 98 93 97 94 88 46 7 6 51 51 64 85 77 67 54 78 68 22 57 15 23 82 52 28 1 0 0 0 0 0 2 11 78 100 80 27 8 56 68 62 90 100 100 100 88 58 11 8 57
87 99 99 100 100 94 16 16 18 28 57 72 68 64 42 30 21 29 52 31 1 43 68 66 5 5 0 0 0 0 0 0 2 62 100 88 95 92 95 100 100 100 100 100 99 64 34 0 13 60
90 87 88 100 99 88 31 87 57 40 63 64 26 52 31 58 25 42 34 20 9 63 82 99 99 52 23 25 0 12 0 7 14 83 100 100 100 97 98 100 100 100 100 100 100 73 22 0 52 97
84 60 81 100 98 99 88 65 72 87 98 96 95 92 32 60 100 97 91 37 56 96 99 100 100 90 74 52 6 29 69 100 93 100 100 97 100 100 100 98 98 100 100 100 87 14 0 2 81 90
55 99 98 100 100 100 85 74 98 100 92 85 83 99 100 100 100 95 100 98 100 100 100 100 100 95 21 9 78 100 100 100 100 100 98 94 86 96 100 100 100 100 100 99 95 36 0 41 98 94
79 100 100 100 100 78 99 100 100 100 98 90 96 100 100 100 100 100 100 99 99 100 100 100 100 90 9 12 57 100 100 100 100 100 100 79 70 93 98 100 100 98 47 88 99 89 72 99 98 95
97 100 100 98 100 95 80 100 100 100 100 100 96 72 79 99 100 100 100 97 99 95 91 94 96 100 57 22 85 100 100 100 100 99 100 87 74 72 80 92 98 100 67 81 100 100 99 98 100 94
97 100 100 100 100 82 80 73 100 100 100 100 88 39 67 85 99 98 63 30 38 25 46 66 95 88 100 99 62 98 100 100 100 100 100 96 89 99 94 85 77 85 84 95 100 99 100 100 73 25
97 100 100 100 100 96 93 72 96 100 98 96 98 68 78 62 90 77 32 86 26 11 60 94 35 76 75 83 70 79 73 96 100 100 100 100 96 86 98 100 94 94 33 67 100 100 100 100 87 66
97 100 100 100 86 83 63 84 91 100 100 98 99 99 95 92 94 89 26 65 65 66 94 91 50 81 27 46 60 40 34 54 100 100 100 100 100 100 99 88 96 98 69 97 100 100 100 100 100 97
97 100 100 100 95 64 28 75 99 96 79 77 71 80 92 97 98 53 60 53 89 100 100 95 83 87 57 45 92 74 87 63 65 100 100 100 100 100 95 100 100 100 100 99 80 97 100 97 99 97
79 41 19 62 30 12 0 2 20 71 39 23 25 12 28 48 43 1 17 52 99 96 100 81 94 65 54 43 100 100 98 91 77 72 100 97 85 66 88 97 99 97 100 99 95 99 100 96 75 57
79 66 57 51 50 32 10 1 0 33 87 67 55 22 4 20 4 1 0 13 96 72 23 7 23 17 44 95 100 100 99 90 57 93 64 100 100 99 100 98 92 81 100 100 100 99 100 100 83 43
87 100 100 99 100 63 60 83 83 96 100 100 90 99 90 38 41 65 53 53 88 88 88 25 43 78 96 97 98 100 100 38 49 92 91 62 86 75 88 94 98 99 100 100 95 100 100 100 99 52
88 96 99 87 71 89 57 51 92 100 99 100 100 100 97 65 46 98 100 100 95 93 66 95 86 100 99 98 100 100 100 55 94 100 96 61 60 45 68 85 99 100 100 100 99 99 100 100 94 40
95 98 82 84 71 54 40 25 75 100 100 99 99 100 72 36 85 97 95 86 95 75 23 84 82 100 85 97 98 67 88 55 90 75 83 0 37 20 80 100 100 100 100 99 99 100 100 100 70 24
83 59 89 97 87 83 91 73 98 100 100 100 93 91 84 43 78 72 75 66 59 11 32 93 73 44 52 29 45 12 13 46 81 88 74 17 44 47 84 100 100 100 95 92 88 98 100 100 85 72
97 88 39 95 92 94 87 91 87 83 92 100 97 85 81 98 89 87 54 0 29 34 13 38 41 25 5 55 48 55 33 36 47 80 22 2 38 41 82 99 88 63 95 65 27 79 100 100 95 97
96 100 82 50 83 99 95 84 80 73 72 72 84 96 69 96 97 75 45 13 35 46 69 52 44 82 56 86 69 70 25 12 66 39 26 12 83 25 51 76 79 27 55 63 72 97 100 100 97 85
89 100 100 96 55 90 84 99 94 97 91 22 84 94 96 98 84 59 75 87 97 84 92 85 18 63 90 87 72 19 27 44 27 13 8 8 61 44 26 30 85 69 90 91 75 93 100 100 100 57
83 93 97 97 92 71 70 93 96 97 97 94 96 94 86 92 90 96 95 97 96 58 44 36 1 22 86 86 11 30 52 69 61 59 28 82 51 39 78 87 93 94 93 77 66 95 97 97 95 57
