data/outputs/Sarzedas de Sao Pedro/2015/resolution_1/CONT_NORM_1_65.asc
ncols         23
nrows         23
xllcorner     -8.224023584583
yllcorner      39.953368546911
cellsize       0.000584559040
NODATA_value  -9999
23 53 64 38 71 36 9 7 68 5 20 45 38 32 20 49 62 78 89 98 72 60 43
39 31 43 51 60 30 47 36 69 15 7 12 40 53 93 94 83 97 95 96 81 83 98
21 70 78 88 99 100 78 63 47 34 71 52 67 43 86 93 71 74 76 66 89 52 66
45 54 97 100 100 99 99 67 79 97 97 70 91 77 63 42 70 89 55 58 89 36 27
69 100 99 100 99 79 69 49 67 89 88 87 87 84 69 63 63 82 66 90 96 82 76
53 81 87 83 84 81 65 11 33 80 79 81 90 89 81 84 89 57 80 86 66 32 21
38 70 70 54 76 86 67 15 35 59 36 71 97 98 90 92 98 94 63 68 42 28 42
74 99 97 62 73 72 83 76 45 66 76 53 97 82 87 87 79 74 69 49 87 49 62
11 38 91 87 41 17 70 88 70 53 78 38 62 42 33 73 80 76 94 89 98 50 16
40 27 81 55 34 66 58 62 99 43 48 21 15 22 31 39 76 75 100 100 100 100 90
55 50 86 26 49 66 51 87 86 58 30 23 16 22 44 35 61 67 96 100 100 98 79
74 38 63 60 53 39 52 73 49 22 20 34 26 23 27 18 16 22 24 94 98 98 91
94 86 88 76 65 27 39 81 63 31 54 17 5 17 18 26 46 24 27 48 66 79 43
94 98 81 20 54 57 63 57 48 47 58 9 0 0 13 66 59 37 60 82 99 39 30
84 95 82 62 54 67 40 46 46 29 89 68 31 5 29 79 100 98 99 100 92 11 63
82 100 93 88 98 87 96 99 99 97 100 96 18 85 100 100 88 96 100 90 90 35 91
98 99 91 90 100 97 67 98 84 66 73 95 61 94 100 100 87 87 89 82 98 99 80
98 100 85 82 99 97 84 88 53 48 81 63 58 62 75 100 99 95 95 73 97 100 91
68 59 30 30 64 46 43 53 28 90 87 77 55 93 82 87 97 89 99 99 94 100 81
93 92 66 54 85 88 70 38 47 85 56 49 90 100 68 84 78 80 92 98 99 100 77
89 85 70 56 99 98 89 60 94 84 57 82 82 70 69 88 37 55 100 99 99 100 66
89 70 95 87 83 91 80 94 47 25 38 48 45 50 28 57 30 51 86 70 60 100 95
92 93 78 90 95 74 93 90 78 86 69 27 86 31 49 33 45 47 74 85 77 98 83
