data/outputs/Sarzedas de Sao Pedro/2015/resolution_1/CONT_TOTAL_1_5.asc
ncols         300
nrows         300
xllcorner     -8.224023584583
yllcorner      39.953368546911
cellsize       0.000044966080
NODATA_value  -9999
[rows 53 to 105 of 300, columns 96 to 191 of 300]
150 150 148 140 146 140 148 150 150 150 150 150 150 128 3 12 128 148 101 150 150 150 150 150 150 150 150 150 150 150 150 150 150 150 150 150 150 150 150 150 150 150 150 150 150 150 138 150 150 150 148 150 150 150 150 131 127 80 29 1 0 3 110 150 138 150 74 72 150 145 115 125 150 149 81 37 73 150 150 150 150 150 150 150 150 150 150 150 139 118 13 21 64 78 34 59
150 150 132 61 52 43 31 62 110 150 150 150 150 150 55 0 7 19 50 150 150 150 150 150 150 150 150 150 150 150 150 150 150 150 150 150 150 150 150 150 119 150 150 138 148 119 150 150 150 150 150 150 149 113 75 21 135 119 73 0 0 35 150 130 131 150 125 110 150 146 135 105 111 148 113 10 1 98 150 150 150 150 150 150 150 150 150 150 150 144 8 17 22 116 103 7
138 150 150 150 150 64 143 142 141 94 66 92 143 150 141 13 0 0 61 150 150 150 150 150 150 150 150 150 150 150 150 150 150 150 150 150 150 150 148 94 148 150 148 94 150 150 150 150 150 130 148 150 148 97 7 0 60 134 14 22 113 144 150 140 149 150 147 141 150 116 88 55 11 146 133 89 93 21 127 150 150 150 150 150 150 150 150 150 150 149 35 113 146 103 13 0
150 150 150 150 147 13 137 150 92 108 147 116 76 70 103 72 0 0 53 150 150 150 150 150 150 150 150 150 150 150 150 150 150 150 150 150 150 150 150 150 150 131 114 147 150 150 150 150 150 150 148 67 86 79 45 2 77 53 104 133 150 150 150 119 139 128 53 51 120 133 150 145 117 150 150 139 75 78 59 150 150 150 150 150 150 150 150 150 150 146 37 80 137 121 10 84
150 150 150 146 127 114 148 150 148 150 128 150 126 104 65 4 0 0 0 93 150 150 150 150 150 150 150 150 150 150 150 150 150 150 150 150 150 150 150 150 150 150 114 48 141 150 150 150 150 150 150 135 139 150 150 88 19 30 125 150 150 150 150 150 110 127 38 15 99 149 150 150 150 150 128 45 38 0 1 107 150 150 150 150 150 150 150 150 150 150 33 31 41 118 85 150
150 150 150 107 21 70 146 150 123 150 150 150 141 133 150 142 94 12 0 4 100 150 150 150 150 150 150 150 150 150 150 150 150 150 150 150 150 150 150 148 130 150 150 80 53 147 150 150 148 96 150 150 150 150 150 150 149 150 150 150 150 150 150 150 143 150 109 109 150 150 150 150 150 150 146 127 75 52 123 100 140 148 112 150 150 150 150 148 140 150 129 140 54 148 135 76
150 138 44 63 11 13 112 150 146 150 150 150 150 150 150 150 150 114 7 0 0 92 150 150 150 150 150 150 150 150 150 150 150 150 150 150 150 150 150 150 150 150 150 148 94 65 138 150 150 150 150 150 150 150 150 150 150 150 150 150 150 150 150 150 150 148 53 138 145 105 133 150 150 150 131 64 148 146 120 150 150 142 145 150 150 150 150 150 150 143 82 125 150 150 148 104
84 146 31 0 0 0 15 73 142 150 131 102 150 150 150 150 108 113 112 16 0 0 65 147 150 150 150 150 150 150 150 150 150 150 150 150 150 150 150 150 150 150 150 150 134 61 25 123 150 150 150 150 150 150 150 150 150 150 150 150 149 150 150 150 150 150 117 87 59 83 126 150 148 117 147 87 127 139 143 89 116 147 123 150 150 150 150 150 150 132 12 21 150 150 144 150
7 42 22 29 0 0 0 5 41 148 110 145 150 150 150 135 43 48 145 145 54 0 0 37 136 150 150 150 150 150 150 150 150 150 150 150 150 150 150 150 150 146 108 75 133 140 130 48 148 150 150 150 150 150 150 150 150 150 150 105 90 150 150 139 150 150 150 137 51 122 150 118 121 116 136 94 65 78 81 12 44 150 150 150 150 150 150 150 150 150 21 17 131 45 50 150
2 0 0 0 1 1 0 0 70 150 150 150 150 150 148 45 5 4 85 137 141 82 8 0 13 121 150 150 150 150 150 150 150 150 150 150 150 138 150 150 78 9 2 2 119 150 150 148 150 150 150 150 150 150 150 150 150 150 150 133 141 146 132 139 150 150 150 137 123 150 150 121 149 150 131 21 100 63 19 33 129 150 150 150 150 150 150 150 150 148 31 0 16 27 80 128
0 0 0 0 0 0 0 33 135 128 150 150 150 150 100 2 4 38 104 111 148 150 124 27 0 4 88 150 150 150 150 150 150 150 150 150 150 150 150 144 9 3 49 76 71 150 150 150 148 108 150 150 150 150 150 150 150 150 150 150 150 133 133 150 150 150 150 150 150 150 141 147 150 148 100 125 140 120 66 134 148 150 150 150 150 150 150 150 150 150 72 10 15 3 65 41
0 0 0 0 0 0 0 0 81 133 150 150 150 133 11 0 8 60 32 71 130 133 150 141 33 0 0 53 145 150 150 150 150 150 150 150 150 150 150 148 27 0 14 53 82 148 150 150 150 114 139 150 150 150 150 150 150 150 150 150 150 134 146 150 150 150 150 150 150 150 139 134 138 150 150 150 137 53 144 150 150 150 150 150 150 150 150 150 150 150 150 70 45 81 111 2
0 0 0 0 0 0 0 0 0 18 87 150 150 71 5 14 50 45 120 148 139 146 150 150 148 88 4 0 28 138 150 150 150 150 150 150 150 150 150 126 112 68 70 113 148 94 149 150 150 99 89 150 150 150 150 150 150 150 150 138 148 136 150 150 150 150 150 150 150 150 150 150 150 150 150 150 150 97 119 150 150 150 150 150 150 150 150 150 150 150 140 133 113 137 150 64
0 0 0 0 0 0 0 0 0 0 59 141 123 4 36 65 126 97 77 94 6 54 98 125 150 150 126 22 0 28 136 150 150 150 150 150 150 150 150 133 145 150 150 140 150 118 133 150 150 126 73 150 150 150 150 150 150 150 150 150 95 61 150 150 150 150 150 150 150 150 150 150 150 150 148 150 122 40 113 150 150 150 150 150 150 150 150 150 150 150 148 150 150 150 150 150
0 0 0 0 0 0 0 0 0 0 0 20 26 0 1 28 96 73 78 36 70 69 110 104 103 117 150 109 1 0 18 123 150 150 150 150 150 150 150 150 150 150 150 114 146 150 150 150 150 131 69 150 150 150 142 148 150 150 146 148 150 145 150 150 150 150 150 150 150 147 141 150 150 150 140 150 118 32 122 150 150 150 150 150 150 150 150 150 150 150 150 150 150 150 150 150
0 0 0 0 0 0 0 1 6 0 27 45 5 13 20 27 75 139 134 112 65 108 35 111 87 122 150 150 114 17 0 13 115 150 150 150 150 150 150 150 150 150 150 150 150 150 150 150 150 143 4 136 150 150 21 60 150 150 105 102 143 124 122 143 150 148 150 150 150 141 141 150 150 150 150 150 150 150 150 150 150 150 150 150 150 150 150 150 150 150 150 150 150 149 150 139
0 0 0 0 0 0 0 0 22 69 122 15 0 18 95 77 65 130 98 92 10 2 0 8 84 150 150 150 150 138 38 0 4 88 150 150 150 150 150 150 150 150 150 150 150 150 150 150 150 150 111 56 148 137 123 138 150 150 108 82 85 124 88 119 150 140 150 150 150 150 150 150 150 150 150 150 150 150 150 150 150 150 150 150 150 150 150 150 150 150 150 150 149 120 137 120
0 0 0 0 0 0 0 0 30 135 127 0 2 2 0 18 75 29 4 6 0 0 17 123 150 150 150 150 150 150 147 43 0 0 95 150 150 150 122 138 150 150 150 150 150 150 150 150 150 150 150 65 111 123 90 107 150 150 150 47 97 138 138 148 148 150 150 150 150 150 150 150 150 150 150 150 150 150 150 150 150 150 150 150 150 150 150 150 150 150 136 140 150 116 82 122
0 0 0 0 0 2 0 0 66 86 86 0 0 0 2 2 56 58 34 26 1 58 139 150 150 150 150 150 150 150 150 132 23 0 13 124 150 150 148 138 150 150 150 150 150 149 142 150 150 150 150 148 136 102 47 26 127 148 146 58 80 141 150 141 141 150 150 150 150 150 150 150 148 150 150 150 150 150 150 150 150 150 150 150 150 150 150 150 150 150 57 134 118 52 9 57
0 0 0 0 0 0 0 0 86 147 24 0 0 0 0 40 107 6 0 16 96 150 150 150 150 150 150 150 138 150 150 133 18 12 0 31 141 150 150 150 150 150 146 69 22 65 68 134 150 150 150 150 150 150 96 16 0 49 83 141 130 140 150 150 150 150 150 150 150 150 150 150 112 150 150 150 150 150 150 150 150 150 150 150 150 150 150 150 150 150 150 109 8 21 56 96
0 0 0 0 0 0 0 0 58 103 37 0 6 0 0 20 20 0 57 139 150 150 150 150 150 150 150 128 150 150 150 147 113 95 0 0 43 131 150 150 150 150 150 149 117 125 78 43 148 150 150 150 150 150 148 145 60 6 66 130 150 150 150 150 150 150 150 150 150 150 150 150 150 150 150 150 150 150 150 150 150 150 150 150 150 150 150 150 150 150 111 133 110 104 120 89
0 0 0 0 0 0 0 0 75 91 128 129 19 8 10 86 32 41 119 144 150 150 150 150 150 150 150 150 150 150 150 150 141 87 0 0 0 24 139 150 126 104 139 110 108 114 43 38 130 150 150 150 150 150 132 80 150 133 60 97 144 126 142 150 150 150 150 150 150 150 150 150 150 150 150 150 150 150 150 150 150 145 127 148 150 150 150 146 150 150 37 62 124 148 70 22
0 6 0 0 0 0 0 0 0 2 128 82 36 7 35 115 44 17 67 91 148 138 150 150 150 150 150 150 150 150 150 150 130 13 73 16 0 0 31 141 150 92 13 20 76 150 150 53 23 102 147 150 150 150 150 148 150 150 134 92 31 0 36 150 150 150 150 150 150 150 150 150 150 150 150 149 150 150 149 86 67 41 64 131 143 85 123 65 64 131 65 105 150 150 150 150
8 19 2 0 0 0 0 0 13 0 26 12 21 42 2 0 0 20 25 117 150 150 150 150 150 150 125 147 150 150 150 150 150 128 70 58 103 2 0 36 138 139 86 117 150 150 150 148 75 0 33 123 150 148 146 150 150 150 115 150 81 26 0 49 109 141 133 110 110 110 85 61 58 45 111 142 118 150 150 116 21 11 3 0 25 2 78 84 87 133 150 150 150 150 150 150
36 41 15 0 0 0 0 0 0 2 15 25 38 27 3 7 19 66 98 149 150 150 150 150 150 150 147 123 148 150 91 130 150 150 126 128 150 94 7 0 22 110 150 150 150 150 150 150 150 88 15 13 132 107 71 150 150 146 98 150 150 138 105 97 121 148 119 79 53 95 115 140 148 150 150 150 150 150 150 150 131 60 107 51 0 1 0 0 0 65 150 150 150 150 150 150
9 9 0 0 2 0 0 10 4 5 35 127 20 0 18 88 135 105 74 150 150 150 148 150 150 150 145 68 139 150 145 140 150 150 150 150 137 150 71 2 0 17 138 150 150 150 150 150 144 148 109 107 102 75 30 136 150 150 150 150 150 113 138 138 150 150 150 150 105 124 150 150 150 150 150 150 150 150 150 150 150 150 150 150 56 0 0 0 0 42 150 150 150 150 150 150
24 19 29 29 53 29 18 32 10 5 4 70 12 68 21 116 150 128 69 148 149 121 81 130 118 121 131 124 112 70 148 102 150 150 150 143 86 150 126 37 7 0 28 145 150 150 150 117 107 150 150 146 69 51 0 8 76 150 150 150 150 150 150 150 150 150 150 150 150 150 150 150 150 150 150 150 150 150 150 150 150 150 150 150 147 101 74 26 45 139 150 150 150 150 150 150
72 46 37 51 14 23 3 0 2 0 3 85 113 85 123 132 120 125 145 130 84 119 54 53 81 150 150 98 126 133 150 138 150 150 150 150 150 150 109 105 120 3 0 45 146 150 150 150 150 150 150 146 37 69 46 37 58 150 150 150 150 150 150 128 138 136 150 150 150 150 150 150 150 150 150 150 150 150 150 150 150 150 150 150 150 150 150 94 83 140 150 150 150 150 150 150
110 89 45 0 12 0 0 0 0 0 3 141 82 149 150 149 129 137 96 124 112 137 59 56 126 150 150 130 29 84 92 150 150 148 122 131 150 150 140 54 122 18 0 0 38 147 150 150 150 150 150 150 150 150 148 75 146 115 35 129 150 150 150 150 150 140 150 150 150 150 150 150 150 150 103 150 150 150 150 150 150 150 150 150 150 150 121 113 63 73 148 150 150 150 150 150
29 10 0 0 0 0 0 0 0 0 17 137 150 150 129 44 94 148 145 124 144 126 93 97 144 140 105 150 146 148 150 150 150 134 11 63 148 117 86 121 140 89 0 0 0 44 94 91 134 129 150 150 150 150 150 150 150 150 139 133 150 150 150 150 150 150 150 150 150 150 150 150 150 150 150 150 150 150 150 150 150 150 150 150 150 150 113 45 43 138 150 150 150 150 150 150
3 0 0 0 0 0 0 0 3 94 28 92 115 137 146 108 101 110 150 144 100 93 128 109 132 150 146 150 148 150 150 150 150 149 114 139 97 96 125 150 56 48 0 0 0 0 76 129 79 1 77 150 150 150 150 150 150 150 110 138 150 150 150 150 150 150 150 150 150 150 150 150 138 150 150 150 150 150 150 150 150 150 150 150 150 150 148 68 26 150 150 150 150 150 150 150
0 0 0 0 0 0 0 0 7 48 9 0 62 126 132 150 129 121 107 100 16 9 42 73 64 148 150 150 138 126 61 77 107 114 150 84 103 138 123 138 56 20 0 0 0 0 42 150 94 0 52 118 150 150 150 150 150 150 150 150 150 150 150 150 150 150 150 150 124 144 150 150 150 150 150 150 150 150 141 145 150 150 150 150 150 150 150 150 145 150 150 150 150 150 150 146
0 0 0 0 0 0 0 0 0 0 0 0 0 22 135 150 140 67 51 45 1 64 141 40 3 91 138 84 48 19 23 85 79 146 148 150 138 150 69 37 8 0 0 0 0 0 3 119 76 3 2 11 130 150 150 150 150 150 150 150 150 150 150 150 150 150 150 150 148 150 150 150 150 150 150 150 150 150 99 11 78 150 150 150 150 150 150 150 150 150 150 150 150 150 150 81
0 0 0 0 0 0 0 0 0 0 0 0 0 0 46 135 55 25 39 80 4 23 67 5 9 33 48 56 57 38 16 102 28 44 132 150 136 107 33 0 0 0 0 0 0 0 0 95 50 99 109 127 146 149 150 150 150 150 150 150 150 150 150 150 150 150 150 148 104 150 150 150 150 150 150 150 150 150 122 0 117 150 150 150 150 150 150 150 150 150 150 150 150 150 150 122
0 0 0 0 0 0 0 0 0 0 0 0 0 0 0 6 0 8 22 18 24 16 0 0 0 23 46 93 93 109 132 77 65 26 5 36 5 0 0 0 0 6 0 0 0 0 0 4 28 124 130 150 150 90 95 150 150 150 150 150 150 150 150 150 150 150 150 150 150 150 150 150 150 150 150 150 150 150 150 119 138 150 150 150 150 150 150 150 150 150 150 150 150 150 150 81
0 0 0 0 0 0 0 0 0 0 0 0 0 0 0 21 120 113 34 14 3 0 0 30 55 68 3 69 112 130 56 3 13 3 15 1 23 4 27 103 74 112 51 66 37 0 0 0 50 150 150 150 150 104 74 150 150 150 150 150 150 150 150 150 150 150 123 150 150 150 150 150 150 150 150 150 150 150 150 150 150 150 150 150 150 150 150 150 150 150 150 150 150 150 148 86
0 0 0 0 0 0 0 0 0 0 0 0 0 0 0 0 23 57 75 14 20 44 43 141 150 150 91 65 100 146 45 38 7 6 6 0 47 14 29 31 69 101 37 7 0 0 0 0 20 60 50 51 54 42 50 51 70 138 150 141 110 141 148 150 150 150 146 150 150 150 150 150 150 150 150 150 150 150 150 150 150 150 150 150 150 150 150 150 150 150 150 150 150 150 148 16
0 0 0 64 50 0 0 0 0 0 0 0 0 0 0 0 31 53 40 64 77 71 68 20 74 53 39 37 30 87 129 69 69 56 0 0 0 0 0 16 99 76 18 0 0 0 0 0 0 0 0 0 0 0 18 52 150 150 150 148 140 148 140 128 148 150 150 150 150 150 150 150 150 150 150 150 150 150 150 150 150 150 150 150 150 150 150 150 150 150 150 150 150 150 150 122
38 93 119 146 147 65 4 0 0 0 0 0 0 0 0 0 20 31 4 62 76 58 77 106 98 57 44 0 38 85 140 105 132 134 44 0 0 0 0 7 47 122 24 0 0 0 0 0 0 0 0 0 40 63 5 58 150 150 150 150 150 150 150 150 150 150 150 78 78 60 31 110 150 150 150 150 150 150 150 150 150 150 150 150 150 150 150 150 150 150 150 150 150 150 150 150
147 150 150 150 150 150 66 0 0 0 0 0 0 0 0 0 0 0 0 25 34 3 16 17 78 98 34 29 4 48 137 93 116 68 101 22 2 0 0 0 3 52 4 9 9 0 0 0 0 0 0 0 3 34 36 57 147 150 150 150 150 150 150 150 150 150 150 112 92 116 144 133 150 136 140 150 150 150 150 150 150 150 150 150 150 150 150 150 150 150 150 150 150 150 150 150
127 150 150 150 150 146 38 56 33 0 0 0 0 0 0 0 2 5 15 16 76 51 43 67 61 27 55 32 0 17 38 64 106 129 95 132 39 38 9 0 0 0 0 0 0 0 0 0 0 0 4 76 128 150 150 150 150 150 150 150 150 150 150 150 150 150 150 150 150 150 150 150 150 150 150 150 150 150 150 150 150 150 150 150 150 150 150 150 150 150 150 150 150 150 150 150
19 44 31 85 150 148 138 108 12 0 0 23 7 0 0 0 0 12 37 11 60 15 50 41 55 43 35 73 9 2 68 81 138 150 150 150 137 98 108 110 110 77 35 0 0 0 0 0 0 0 98 150 150 150 150 150 150 150 150 150 150 150 150 150 150 150 150 150 150 150 150 150 150 150 150 150 150 150 150 150 150 150 150 150 150 150 150 150 150 150 150 150 150 150 150 150
135 48 3 14 42 95 86 143 94 41 73 149 137 32 0 0 0 52 90 123 111 106 133 84 88 87 48 84 58 81 88 149 150 150 150 150 150 146 150 150 150 150 148 115 84 85 97 11 0 0 65 150 150 150 150 150 150 150 150 150 150 150 150 150 150 150 150 150 150 150 150 150 150 150 150 150 150 150 150 150 150 150 150 150 118 148 150 150 150 150 150 150 150 150 150 150
150 146 142 144 108 48 7 50 95 111 36 130 150 101 12 0 4 126 76 127 150 150 150 127 76 37 100 69 22 70 54 125 149 150 150 150 150 150 150 150 150 150 150 150 150 150 150 32 0 0 37 150 150 150 150 150 150 150 150 150 150 150 150 150 150 150 150 150 150 150 150 150 150 150 150 150 150 150 150 150 150 150 150 135 27 30 134 150 150 150 150 150 150 150 150 150
150 150 150 150 150 150 143 90 31 0 0 75 150 150 121 7 48 128 70 114 150 121 133 120 76 130 134 125 81 80 109 147 150 150 150 150 150 150 150 150 150 150 150 150 150 150 150 64 0 0 49 150 150 150 150 150 150 150 150 150 150 150 150 150 150 150 150 150 150 150 150 150 150 150 150 150 150 150 150 150 149 77 79 6 18 22 32 139 150 150 150 150 150 150 150 150
150 150 150 150 150 150 150 150 150 128 72 32 58 92 68 3 68 143 132 150 129 95 125 87 73 59 97 148 148 118 149 150 150 150 150 150 150 150 150 150 150 150 150 150 150 150 150 65 0 0 4 114 150 150 150 150 150 150 150 150 150 150 150 150 150 150 150 150 150 150 150 150 150 150 150 150 150 150 145 97 71 14 0 0 0 54 79 122 150 150 150 150 149 150 150 150
150 150 150 150 150 150 150 150 136 150 150 147 85 12 0 0 56 79 150 150 146 140 150 136 111 114 139 150 150 150 150 150 150 150 150 150 150 150 150 150 150 150 150 150 150 146 142 82 117 48 0 28 141 150 150 150 87 130 146 142 150 150 150 65 146 150 150 150 150 150 150 150 150 150 150 150 150 150 150 101 23 0 0 0 23 123 150 150 148 150 150 150 116 147 150 150
138 150 150 150 150 150 150 128 25 107 133 143 150 121 7 0 31 8 107 150 142 130 141 124 148 150 150 150 150 150 150 150 150 150 150 140 150 150 150 150 146 150 150 150 150 126 105 61 86 63 0 0 17 123 150 150 37 30 14 31 148 150 150 91 150 150 150 150 150 150 150 150 150 150 150 150 150 150 129 40 43 11 20 0 39 147 150 91 56 150 150 150 150 150 150 109
150 150 150 150 150 150 150 90 61 40 111 13 40 53 10 0 0 103 128 141 52 61 97 31 69 139 149 134 137 146 150 150 150 150 128 79 138 150 150 124 64 111 149 150 150 150 150 123 125 30 0 0 0 17 49 34 59 0 28 131 150 150 150 150 150 150 150 150 150 150 150 150 150 150 150 150 150 150 150 143 130 132 50 88 143 133 106 20 89 133 150 150 150 148 146 148
98 147 150 150 150 128 150 150 150 107 38 0 0 2 55 51 0 84 145 42 64 75 73 19 26 123 109 47 45 28 138 150 139 150 150 97 67 144 150 90 41 40 148 150 150 150 150 150 131 27 0 0 0 0 0 0 68 0 57 139 150 150 150 150 150 138 150 150 150 150 150 150 150 150 150 150 150 149 150 150 102 75 92 94 150 149 105 9 92 102 150 150 150 118 101 150
54 128 150 150 150 150 150 150 150 82 0 45 109 141 138 136 119 15 110 136 15 8 0 0 0 47 115 119 105 137 150 150 107 76 146 150 150 148 138 52 12 57 147 150 150 150 138 148 140 67 2 0 0 0 0 0 33 20 0 61 150 150 150 150 150 150 150 150 150 150 150 150 150 150 150 150 150 142 148 128 108 62 36 65 146 147 56 0 4 23 146 150 127 121 148 141
114 150 150 150 150 150 150 150 150 150 141 150 150 150 150 150 150 68 64 150 145 47 88 75 45 4 54 147 150 150 150 150 140 140 147 140 150 150 107 15 103 147 142 150 150 150 150 150 140 96 65 16 0 0 0 0 0 31 0 3 53 31 115 111 108 150 138 150 150 150 150 150 150 150 150 150 150 149 144 106 150 139 49 49 99 94 9 20 2 11 129 150 139 117 86 94
24 126 150 150 150 150 150 150 150 150 150 150 150 150 150 150 99 84 48 84 97 72 74 114 119 77 66 106 148 148 150 150 150 150 114 104 121 104 66 9 31 120 140 150 134 148 136 139 148 96 110 124 17 0 0 0 0 0 0 0 0 0 24 38 50 149 150 129 139 150 150 150 150 150 150 150 150 142 149 150 112 144 133 48 0 0 0 0 0 62 109 150 140 148 104 70
