data/outputs/Sarzedas de Sao Pedro/2015/resolution_1/CONT_NORM_1_45.asc
ncols         33
nrows         33
xllcorner     -8.224023584583
yllcorner      39.953368546911
cellsize       0.000404694720
NODATA_value  -9999
21 11 71 65 41 49 84 28 19 6 1 33 72 2 6 13 48 42 25 28 20 13 68 61 68 85 76 100 98 79 44 54 22
37 79 24 60 47 57 46 32 3 22 22 24 82 21 4 11 2 14 14 26 86 86 81 72 70 95 98 99 100 89 61 78 100
24 37 35 36 47 86 77 71 69 82 70 32 83 7 14 23 19 76 67 66 76 91 100 94 86 96 90 95 89 77 94 76 97
15 39 91 80 85 94 100 100 99 67 72 29 56 47 65 65 49 74 45 35 77 100 91 90 53 71 79 54 66 97 71 41 70
39 12 60 97 93 100 100 100 100 96 70 38 97 94 92 95 82 98 99 55 63 88 46 52 64 91 64 71 43 80 66 30 33
65 80 99 99 100 99 100 93 91 88 75 86 70 100 99 98 57 55 87 91 67 43 27 69 87 99 66 54 93 97 89 7 22
53 99 100 98 100 99 99 92 72 59 42 51 59 77 100 75 96 96 89 78 82 62 77 52 81 76 49 68 100 97 90 99 95
54 84 91 83 94 95 85 74 91 47 10 16 31 78 70 90 84 86 99 97 94 70 81 95 76 58 87 79 100 82 29 42 15
39 17 86 81 75 53 85 69 97 81 44 12 62 86 79 60 76 87 92 90 69 100 97 95 90 64 68 93 29 48 8 54 25
32 74 78 70 44 74 90 66 92 46 9 9 25 41 39 15 53 99 94 96 100 86 84 97 99 97 54 71 90 66 23 13 42
68 92 99 98 64 69 80 73 85 90 75 66 43 63 89 72 60 93 100 80 85 94 86 73 94 80 75 35 69 96 96 18 73
34 60 80 100 88 68 44 24 66 86 67 95 52 57 80 77 36 49 84 60 54 68 92 68 87 79 93 68 66 84 71 4 28
7 0 36 80 100 86 36 19 17 49 87 100 71 44 55 79 30 42 52 27 11 27 71 78 47 69 96 97 100 100 98 53 13
51 5 38 83 50 51 29 44 76 63 44 89 100 33 69 35 19 19 24 19 15 53 25 69 72 84 100 98 100 100 100 100 97
67 34 80 98 48 28 46 85 43 56 73 85 89 74 35 38 23 16 34 12 38 55 15 62 91 75 98 100 100 99 99 96 78
80 18 35 67 36 44 42 73 44 78 96 90 80 54 22 15 28 23 14 35 20 37 42 20 49 41 77 100 100 100 99 98 86
93 38 60 66 66 61 49 54 22 51 81 42 43 18 12 17 38 33 23 20 27 19 21 22 12 23 10 59 99 100 94 99 97
97 65 89 89 75 89 41 12 23 27 69 80 40 10 56 48 18 1 5 22 17 12 33 50 68 27 15 39 55 58 83 86 40
98 96 100 94 48 72 85 50 35 49 69 98 49 57 49 62 7 11 1 9 13 47 41 35 9 9 42 27 43 85 78 41 54
90 96 98 91 24 5 58 59 86 69 56 56 40 33 42 61 13 0 0 0 0 6 81 86 42 61 78 87 100 100 82 21 13
91 92 100 92 41 56 37 64 43 28 39 29 26 9 60 94 69 13 11 5 2 9 85 100 100 95 100 100 100 100 50 3 59
72 83 100 99 82 71 94 96 93 66 82 97 86 62 98 100 100 68 32 48 86 97 99 98 100 100 98 100 100 94 12 3 89
81 100 100 90 94 100 100 86 95 100 100 99 100 99 100 100 98 35 23 94 100 100 100 89 76 99 100 99 74 94 65 77 99
98 100 99 90 83 99 100 100 83 69 97 100 86 81 82 73 97 81 52 100 100 100 100 92 79 81 84 95 75 99 100 99 84
98 100 100 97 83 88 99 98 85 67 75 88 52 36 19 83 54 88 82 77 86 100 100 100 96 95 99 89 51 98 100 100 71
98 100 99 82 63 92 97 95 91 94 95 86 32 66 83 93 63 58 59 62 59 79 100 100 100 97 93 99 86 99 100 99 100
77 50 72 29 9 41 75 37 36 46 65 28 41 94 98 91 88 56 58 88 86 73 88 99 86 87 99 98 100 89 98 98 81
82 74 67 54 28 24 67 81 59 35 19 16 3 75 71 15 20 53 96 100 97 51 85 82 98 95 99 87 100 100 100 100 75
88 99 87 78 53 89 100 99 100 98 53 80 95 93 89 72 88 99 99 100 83 72 99 72 63 64 91 100 100 97 100 100 78
95 83 85 67 50 69 100 100 97 86 49 93 95 91 54 62 83 81 88 60 60 81 83 28 40 58 100 100 99 99 100 100 54
85 61 92 93 92 86 89 99 94 80 86 75 39 24 18 45 46 16 39 37 26 50 74 11 32 79 99 79 94 45 90 100 93
97 92 61 92 95 85 79 59 89 83 97 70 39 51 69 67 55 72 87 54 19 45 25 12 74 35 75 49 70 68 97 100 90
86 97 96 75 78 95 98 81 92 91 90 92 97 98 61 55 8 70 71 23 50 56 38 46 44 50 71 91 90 74 96 98 91
