data/outputs/Sarzedas de Sao Pedro/2015/resolution_1/CONT_SPEC_1_55.asc
ncols         27
nrows         27
xllcorner     -8.224023584583
yllcorner      39.953368546911
cellsize       0.000494626880
NODATA_value  -9999
1.583967 2.225455 4.425289 2.993388 2.871736 3.881157 1.591405 0.587107 0.150578 2.478678 2.543471 0.125124 0.909090 2.463802 1.903471 1.131736 1.782314 1.217686 3.901322 3.627934 4.481818 4.715041 6.0000 5.582149 3.995372 3.526446 1.944463
2.014876 2.560992 2.346116 2.044628 3.958512 2.645620 1.276033 2.481818 2.233554 2.156198 4.332893 0.478181 0.165454 0.166942 2.046116 1.705785 5.126777 5.607438 5.481653 4.983636 5.810248 5.768926 5.941488 5.503802 4.526281 4.847769 5.996033
1.185785 3.286777 4.010909 4.209587 5.961322 5.780661 5.789091 4.633554 4.747107 1.716529 3.281322 0.931074 3.519174 2.573223 4.022810 3.201488 3.802645 5.562314 5.834050 4.577686 5.028595 4.979504 4.993223 5.381322 5.390248 3.283140 4.652562
1.859504 1.715372 5.259008 5.470579 5.632893 6.0000 6.0000 5.483471 4.347934 2.445785 5.846612 4.864793 5.740496 4.459669 5.94000 3.980165 2.989917 5.712066 3.418512 3.348099 4.510413 4.159008 3.373719 3.093884 5.524793 1.974050 2.517686
3.796198 5.069421 5.845785 5.984793 5.971901 5.975207 5.302479 5.442479 4.721653 4.876198 4.953719 5.997355 5.812727 3.795537 4.159669 5.079835 5.117686 2.727107 2.143471 4.394711 5.580331 4.508926 3.562810 5.350744 5.717355 2.278182 1.641818
3.700331 5.977521 5.921488 5.919339 5.948760 5.802645 4.382975 3.636860 1.733884 2.554711 3.326612 5.130744 5.049421 5.671240 5.625455 5.083140 5.714215 3.950909 4.653388 4.424793 3.524298 3.882149 3.879339 6.0000 5.650909 5.557851 4.926777
2.764463 3.832893 5.039339 5.254545 4.673388 4.443802 5.187769 5.101322 1.851405 0.888595 3.448430 4.714876 4.547438 4.702810 5.117851 5.754876 4.583306 4.812893 5.506446 5.329091 3.835868 4.635537 5.371074 4.606116 1.968264 1.349256 0.729917
2.117025 3.783306 3.951240 3.618017 3.837521 4.458017 5.216364 4.807603 1.271736 0.683305 2.922479 3.710744 1.956860 4.227438 5.838017 5.841322 5.682314 5.441653 5.450909 5.892893 5.776198 3.749421 4.639504 3.841653 1.352231 1.892727 2.082149
3.964959 5.797686 5.796033 4.283306 4.192066 4.782645 4.665620 5.093884 3.989917 3.374876 2.659669 4.299008 4.002479 3.210909 5.735537 5.808595 4.724298 5.752562 5.100496 5.072397 5.149091 4.604298 2.619669 4.846446 5.691405 2.490579 3.574711
1.869091 3.250579 5.394711 5.676364 4.019339 2.495372 1.531570 5.432727 4.373719 5.572231 2.744793 4.104298 4.754876 2.175372 3.872893 4.708264 2.696033 3.339504 4.968595 5.045620 4.772397 5.406281 4.290413 4.488264 5.393884 1.624132 1.132562
0.442644 0.000661 4.677686 5.435537 4.511736 0.874214 2.012893 1.238347 3.848595 5.925620 4.077686 2.613719 4.260826 1.388926 1.851901 1.94000 0.793884 2.094545 4.196033 3.729256 1.969421 5.857190 5.996033 6.0000 5.984793 5.210909 2.922810
4.426777 1.756529 4.425124 3.145950 2.716529 3.013719 4.566612 5.081488 3.567273 5.116860 5.179339 2.315041 2.568099 1.736529 0.938347 1.627273 1.083471 3.233554 0.807933 5.144463 5.735868 5.919339 5.933554 6.0000 6.0000 5.916694 5.400826
3.608430 1.775041 4.043802 3.362149 1.720992 3.360496 4.022479 2.399339 5.640661 5.455207 4.815702 2.503471 1.345950 1.318347 0.939504 1.924298 1.522479 1.813884 2.262975 2.677521 2.943306 4.248760 5.990083 5.972893 5.968595 5.886942 5.111240
5.054545 2.111570 3.907934 4.075702 3.903802 2.773058 2.253388 2.216198 4.483802 2.698182 2.284463 0.867768 1.130248 2.069917 1.569752 1.397686 1.419504 1.438843 1.043802 1.240165 1.823636 0.540330 3.586942 5.857355 5.773058 5.888595 5.653719
5.837190 4.703636 5.576694 4.652562 4.957355 3.024793 1.242314 1.750413 4.510248 5.123471 1.213554 2.538843 3.196529 1.195868 0.467438 0.967768 0.841983 0.794545 1.930083 3.184793 1.850579 1.605455 2.178182 2.692562 4.624463 4.891570 2.870744
5.840496 5.883140 5.781653 3.103471 2.007934 4.066446 3.130248 3.250248 3.434545 4.919174 3.038678 2.851736 3.368099 0.855702 0.029752 0.0000 0.293388 1.899339 4.137025 2.475207 0.428429 2.884959 2.814545 4.633223 5.754380 1.872397 2.502975
5.515041 5.867769 5.922810 2.620331 2.022314 2.722645 3.340165 2.989091 2.333388 1.325124 1.979008 1.857025 4.593223 2.215041 0.26000 0.043471 0.092231 0.277190 5.082645 5.548595 5.443306 5.935868 6.0000 5.996033 5.382645 1.463967 1.631570
4.453554 5.278182 5.921818 4.931240 4.373223 5.562314 5.303471 4.669091 4.456364 5.514215 3.690248 4.563471 5.884959 5.903967 3.588430 1.526281 3.653223 4.911736 5.869752 5.909752 5.999339 5.916694 6.0000 6.0000 3.843967 0.030082 4.421322
5.207438 6.0000 5.810579 5.512562 6.0000 5.813388 5.465455 5.732893 6.0000 5.955868 5.958017 5.985124 5.929587 5.937190 1.270909 3.629091 6.0000 6.0000 6.0000 4.723802 5.119174 5.968595 5.962645 4.305950 5.469917 4.042479 5.942149
5.890909 5.979504 5.945124 4.583140 5.673719 5.967934 5.891405 3.701322 5.075041 5.667934 3.689421 3.194050 4.032562 5.387438 5.313223 4.610413 5.968099 6.0000 5.981818 5.566942 5.266281 5.267603 5.456529 5.027438 5.982479 5.994050 4.536529
5.890909 6.0000 5.683306 4.814050 5.279174 5.988760 5.882975 5.366777 4.929587 4.564298 3.515702 2.558843 5.273719 3.219504 3.292397 4.175207 3.091405 5.251240 6.0000 5.947107 5.723636 5.719174 5.690248 3.903802 6.0000 6.0000 5.669256
5.047438 4.426446 4.109587 1.325785 3.615702 4.388099 3.005289 3.273554 4.714050 2.516198 3.209091 5.840496 5.824132 5.179008 3.093223 4.798678 5.316033 4.287107 5.607273 5.878512 4.967769 5.929752 5.962314 5.976529 5.484132 5.969256 5.354545
4.691570 4.015702 3.759669 1.613058 1.706446 4.549752 4.251405 2.593058 1.380661 1.031405 1.495537 5.218182 2.125124 1.767107 4.083802 5.88000 5.957686 3.599008 5.070413 5.250413 5.619669 5.843967 5.431074 6.0000 5.909752 6.0000 4.670909
5.495207 5.609256 4.431570 3.190744 4.546612 5.980661 5.984793 5.912727 3.531405 5.162810 5.790083 5.513554 4.290909 5.371901 5.838182 5.970579 5.891405 4.334711 5.664959 3.364959 3.256364 5.310579 5.980826 5.993058 5.957025 5.989752 4.374545
4.883306 5.017686 5.225950 4.725620 4.836860 5.988760 5.890413 5.400165 3.691901 5.004463 3.712562 2.416860 3.325620 3.899339 2.928926 2.991570 1.536860 3.668595 4.794711 1.215372 2.717025 5.982645 5.983636 5.534215 4.942314 6.0000 4.752893
5.825289 4.236860 4.969587 5.624463 5.059174 4.651405 4.876033 5.112893 5.634545 4.426116 1.530579 2.857851 2.774545 2.892397 3.113719 4.304463 2.550413 2.491570 2.199835 2.092397 2.281983 4.890744 3.046446 4.229091 4.400661 5.996033 5.672231
5.389917 5.880826 4.828926 4.801818 5.728760 5.750909 4.465620 5.550744 5.541488 5.006612 5.832727 4.897355 3.925950 1.155372 5.015372 2.761488 2.166281 3.103306 1.685289 2.958843 2.549256 3.919008 5.228926 5.301157 4.923306 5.863636 5.534876
