data/outputs/Sarzedas de Sao Pedro/2015/resolution_1/CONT_TOTAL_1_10.asc
ncols         150
nrows         150
xllcorner     -8.224023584583
yllcorner      39.953368546911
cellsize       0.000089932160
NODATA_value  -9999
[rows 0 to 47 of 150, columns 0 to 95 of 150]
0 0 1 0 0 0 0 157 416 540 540 540 540 536 505 255 512 306 398 279 91 7 3 0 0 57 270 540 540 540 540 453 466 540 532 483 540 540 371 253 160 22 57 8 133 139 52 0 14 0 82 157 315 514 208 96 467 540 505 166 468 64 43 25 17 484 502 302 180 500 518 540 540 493 494 405 277 361 515 540 540 540 344 438 517 119 320 540 540 540 380 64 144 308 36 0
0 0 0 0 0 0 0 0 24 521 600 600 600 568 563 562 399 466 185 158 22 0 0 1 65 278 534 600 600 600 600 600 600 600 413 288 485 333 314 338 459 126 44 76 0 1 0 0 4 61 241 323 203 584 567 515 600 600 403 89 75 23 12 119 56 226 455 233 72 76 227 174 313 127 46 325 526 600 600 600 545 232 222 199 178 4 159 484 597 600 573 142 105 89 17 0
7 0 0 95 108 0 0 0 0 310 600 512 594 598 418 185 245 216 225 346 65 0 34 26 344 498 597 600 588 600 600 370 397 356 34 0 0 2 4 15 9 4 0 4 0 1 0 1 3 19 59 182 377 462 600 549 562 434 81 3 0 22 3 12 0 2 29 62 284 183 40 45 184 209 9 486 600 598 573 510 196 104 110 80 17 8 54 33 341 591 600 332 133 18 0 31
92 0 131 172 8 0 0 82 88 147 546 600 589 508 408 348 357 215 80 186 242 179 53 265 570 588 600 588 595 600 598 169 4 35 0 0 0 0 0 0 0 0 0 0 0 0 0 0 6 18 34 151 365 456 562 596 551 152 0 2 0 0 2 0 0 10 6 1 5 5 21 0 0 85 207 403 565 271 47 288 317 50 62 110 302 256 154 188 295 525 486 227 2 0 55 181
313 256 189 92 0 0 0 3 139 232 177 598 600 497 318 398 434 86 306 369 258 273 118 237 83 477 414 300 368 600 426 12 58 0 0 0 0 20 98 71 77 15 98 0 6 0 0 0 10 2 15 2 143 419 598 600 413 39 0 0 0 26 1 40 30 0 2 159 5 0 0 25 221 545 471 598 432 24 0 17 3 144 281 175 310 187 76 48 34 6 0 0 0 0 174 309
418 311 301 4 54 383 389 141 79 145 0 167 440 593 550 470 600 364 524 491 581 472 268 209 80 121 58 313 552 396 444 386 190 285 320 431 393 357 329 302 221 33 59 14 20 0 0 6 37 2 2 31 70 395 600 600 530 70 6 3 3 14 0 32 54 0 0 0 0 19 174 462 468 183 101 376 180 0 0 4 145 229 198 354 125 4 0 0 0 0 0 0 0 53 175 33
540 596 435 0 225 600 600 598 544 576 287 294 156 71 250 420 550 460 397 310 310 545 498 72 251 271 289 232 119 70 64 465 326 440 517 290 165 89 17 21 16 9 0 0 0 9 158 152 21 2 0 8 55 278 558 570 507 276 8 0 2 1 1 0 0 0 0 0 0 217 430 481 32 0 113 24 0 0 2 42 89 397 361 107 0 0 0 0 0 0 7 132 317 576 600 501
387 539 269 0 411 600 600 600 307 83 174 206 226 294 361 141 3 133 319 209 121 377 540 389 424 426 522 328 58 59 71 398 171 23 427 219 32 29 4 0 0 0 0 0 167 193 476 146 85 331 185 81 14 341 577 600 600 511 252 26 8 0 2 0 0 0 8 0 0 4 75 118 0 0 8 0 0 9 308 189 171 27 0 0 0 0 0 0 0 152 503 600 600 600 600 600
45 343 31 126 596 569 600 600 273 212 183 25 12 35 332 364 439 341 254 66 35 12 151 89 73 173 178 139 25 73 12 0 0 0 59 105 0 0 0 0 0 20 54 181 219 177 60 244 293 208 225 4 9 57 347 600 600 600 306 88 8 17 12 9 0 1 10 0 0 0 3 50 0 0 0 0 54 400 238 73 0 0 0 0 2 13 3 87 166 375 470 600 600 600 600 600
0 0 0 188 511 581 580 267 41 13 1 0 10 16 518 521 560 568 587 328 298 100 310 428 472 582 600 600 590 600 550 457 99 28 0 0 0 0 0 0 5 84 94 553 449 12 23 92 216 57 512 50 14 191 74 473 600 600 594 505 100 201 232 136 66 13 111 24 0 0 0 0 0 0 0 6 33 127 0 0 0 0 0 24 179 205 298 406 291 561 526 561 600 600 600 600
27 0 0 285 179 204 595 306 35 77 158 19 32 544 600 600 197 276 243 300 59 250 292 277 220 478 600 600 571 528 502 346 22 190 427 129 26 0 70 130 207 432 551 556 251 21 82 364 87 0 259 238 11 203 323 577 600 583 498 401 328 154 99 114 91 9 0 0 0 25 4 0 0 0 48 0 0 2 0 93 246 297 282 405 235 286 173 122 489 577 596 582 600 600 289 403
329 0 19 305 120 86 237 106 47 18 200 193 114 98 338 475 23 14 148 91 49 148 478 340 428 335 532 600 411 265 149 57 198 2 364 561 153 146 487 486 459 557 600 591 378 107 214 520 331 39 10 355 34 481 553 600 600 552 512 31 28 54 6 10 10 0 0 8 14 2 0 7 23 6 0 0 145 535 420 556 533 273 208 238 244 181 362 270 600 600 600 600 600 600 453 519
100 0 314 279 157 208 182 8 2 3 353 575 459 106 0 0 0 47 41 135 40 359 504 593 582 596 573 513 467 362 128 265 472 212 322 548 509 215 444 600 598 576 385 484 516 571 467 571 500 148 0 197 366 410 598 600 600 440 103 9 0 2 0 0 0 0 63 326 249 107 1 6 246 81 0 2 111 588 600 600 544 405 525 490 514 543 446 341 297 534 600 600 600 457 310 470
0 0 378 262 299 371 216 92 11 0 39 294 593 563 199 0 28 591 416 210 227 492 574 600 600 600 600 600 600 590 584 513 598 600 600 600 600 546 227 388 600 600 383 259 237 600 600 580 233 228 39 0 313 192 537 600 600 530 86 1 1 0 0 0 0 10 378 588 455 12 12 127 210 197 117 106 112 535 600 582 538 384 413 530 444 340 419 528 499 253 266 385 445 321 253 501
0 0 129 118 393 543 371 421 568 259 0 77 334 141 310 309 169 600 600 478 363 527 546 600 600 600 600 600 600 600 590 513 546 600 600 600 600 600 596 424 356 571 600 600 550 559 561 531 600 531 140 75 266 392 325 280 476 585 172 22 5 0 0 0 0 0 422 519 550 135 66 308 185 178 144 501 453 286 534 532 313 328 128 544 576 384 445 353 368 473 96 183 439 467 345 598
0 52 96 0 0 0 372 570 485 598 358 291 408 468 544 448 185 201 581 587 390 600 600 600 600 600 600 600 600 600 598 590 600 600 600 600 600 600 600 600 330 133 310 574 600 600 588 403 406 276 438 6 0 0 0 0 228 579 431 159 35 4 0 0 0 173 596 600 542 171 111 50 219 306 4 381 449 330 380 412 131 198 158 364 481 138 142 379 261 488 230 174 565 590 599 600
30 128 9 143 0 156 577 296 342 579 600 600 600 600 516 551 562 242 587 590 459 600 600 600 600 600 600 600 600 600 600 600 600 600 600 600 600 600 600 600 600 574 126 123 384 579 600 600 560 489 265 2 0 0 0 0 232 600 598 202 0 66 113 0 33 518 600 600 298 113 140 180 367 240 226 484 493 322 377 242 120 284 70 94 198 450 348 515 555 441 401 185 555 600 600 600
100 94 83 287 8 9 163 413 548 558 600 600 546 600 600 600 441 432 344 382 528 588 600 600 600 600 600 600 600 600 600 600 600 600 600 600 600 600 600 600 600 539 532 385 113 29 278 539 531 600 480 27 0 3 36 243 518 600 600 568 479 489 33 96 377 600 600 600 265 420 583 498 276 95 252 445 494 398 587 600 588 528 138 0 0 12 49 145 171 215 303 208 600 600 600 600
85 127 279 192 8 53 23 210 421 600 600 570 594 600 588 447 365 598 412 536 600 439 189 245 590 600 600 600 600 600 600 600 600 600 600 600 600 600 590 578 598 335 149 596 594 455 128 124 495 600 588 304 0 7 1 324 599 600 600 588 562 407 19 196 564 600 600 600 578 600 569 448 241 1 222 546 539 535 600 598 590 600 474 243 54 7 5 9 0 24 343 364 600 600 600 600
76 266 224 164 0 40 27 0 211 564 523 588 582 600 600 600 530 472 588 600 511 208 324 587 600 600 600 600 600 600 600 600 600 600 600 600 600 600 600 600 580 281 487 600 600 600 597 379 22 200 312 86 0 0 72 586 600 600 600 600 598 288 44 74 439 597 578 598 600 600 588 190 102 22 390 595 482 566 600 600 600 600 600 600 559 186 0 0 84 252 597 477 552 600 600 600
180 561 405 299 304 123 67 0 0 219 559 600 600 600 600 600 600 562 279 573 600 594 600 600 600 600 600 600 600 600 600 600 600 600 600 600 600 600 600 600 479 466 600 588 600 600 600 590 225 108 0 0 0 59 494 600 600 600 600 554 590 570 504 479 529 600 542 536 600 600 573 350 365 427 524 522 598 600 600 600 600 600 600 600 600 443 289 19 0 0 123 525 461 600 600 600
105 382 189 23 108 169 89 0 0 0 69 444 600 600 600 600 600 600 588 600 600 600 600 600 600 600 600 600 600 600 600 600 600 600 600 600 600 600 600 600 600 600 590 600 600 600 600 458 87 401 218 0 0 362 600 600 600 600 598 594 598 588 600 529 597 588 589 600 600 600 556 475 340 389 449 515 600 600 600 600 600 588 600 600 600 598 419 292 220 96 0 33 303 600 600 600
60 151 420 170 54 140 70 4 74 44 41 7 266 578 600 600 600 600 600 600 600 600 557 600 600 600 600 600 600 600 600 600 600 600 600 600 600 600 600 596 540 590 596 600 600 600 600 324 87 532 600 294 3 531 600 600 600 600 590 550 520 598 600 590 600 569 600 600 600 600 600 600 600 588 600 600 600 600 600 600 600 600 600 600 600 600 600 473 480 312 78 181 317 600 600 600
415 394 151 30 50 135 31 9 75 448 513 343 189 241 549 600 600 600 600 600 598 552 600 588 600 600 600 600 600 600 600 600 600 600 600 600 600 600 600 600 600 600 600 600 600 594 499 198 170 578 600 600 290 136 586 600 600 600 600 600 600 600 578 503 600 600 600 600 577 600 600 600 600 588 585 445 406 495 600 600 600 600 600 600 600 600 600 600 600 548 586 248 153 594 441 600
354 567 209 27 90 182 361 188 133 554 600 600 600 600 600 600 600 600 600 600 600 600 600 600 600 600 525 600 600 600 600 600 600 600 600 600 600 600 600 600 600 600 600 600 600 600 455 221 256 484 600 600 597 168 273 600 600 600 600 600 600 600 600 600 600 600 533 550 600 590 600 600 600 600 217 18 183 339 454 516 600 600 600 600 600 600 589 600 600 600 600 547 267 136 181 381
105 598 600 594 576 372 500 564 582 600 600 600 600 591 591 600 600 600 600 600 600 600 600 600 600 600 600 600 600 600 600 600 558 577 500 600 600 600 600 600 600 600 600 600 600 600 410 98 167 537 600 600 600 531 59 441 600 598 600 600 600 600 600 600 600 600 600 600 600 598 600 600 478 120 193 18 0 0 0 170 576 600 600 553 552 600 589 600 600 600 600 516 221 87 164 0
0 455 600 600 600 555 551 590 596 600 600 600 600 591 591 590 600 600 600 600 600 600 600 600 600 600 600 600 600 600 600 600 600 533 549 598 600 600 600 600 600 600 600 600 600 600 503 540 600 588 586 598 600 600 462 97 576 541 600 600 600 600 600 600 600 600 600 600 600 600 600 588 498 348 444 474 207 29 3 337 508 446 546 257 591 417 523 600 600 600 600 588 443 37 262 102
0 186 600 600 600 578 598 600 600 600 600 600 578 600 600 598 598 600 600 600 600 600 600 600 600 600 600 600 600 600 600 600 567 564 415 245 335 381 436 594 351 317 429 590 600 600 507 403 588 492 309 376 495 458 593 208 26 411 600 600 600 600 600 600 600 600 600 542 567 529 567 600 580 598 506 102 447 109 292 569 579 523 561 383 416 344 212 576 600 600 600 600 593 172 385 123
65 27 508 600 600 589 579 600 598 600 600 600 600 600 589 587 557 600 600 600 600 600 600 600 600 600 600 600 600 600 600 600 600 600 600 600 536 185 348 573 520 499 369 162 280 359 440 589 600 596 399 585 498 541 376 243 0 296 600 600 600 600 600 600 600 600 600 600 581 422 591 600 600 500 454 284 178 511 600 569 503 156 500 595 567 462 190 316 600 600 600 600 596 181 416 329
180 0 319 600 598 578 592 587 590 600 600 600 600 600 600 598 523 555 600 600 600 600 600 600 600 600 600 600 600 600 578 600 600 600 600 598 304 116 264 530 580 556 400 573 600 498 442 493 588 363 114 558 569 600 574 592 370 11 341 600 600 600 600 600 600 600 600 598 580 528 358 588 544 600 600 600 598 600 600 600 590 407 550 583 600 467 420 492 580 557 600 598 583 475 502 462
392 1 155 588 598 600 599 600 600 600 600 600 600 600 600 559 599 566 600 600 600 600 600 600 600 600 600 600 600 600 600 600 590 600 600 588 274 352 168 212 527 388 225 524 588 599 252 73 278 81 0 93 481 486 600 585 312 417 54 248 586 600 600 600 600 600 600 600 596 483 467 324 598 600 600 600 600 554 538 589 600 490 315 544 502 463 408 324 456 573 600 600 582 70 476 494
529 69 0 543 600 598 590 600 600 600 600 600 600 600 600 600 600 600 600 600 600 600 600 600 600 600 600 600 600 600 527 590 598 600 543 356 495 596 600 600 600 507 74 21 274 202 94 20 2 0 2 33 483 600 600 294 50 436 521 159 137 538 600 600 600 600 588 594 99 129 490 598 556 600 600 600 600 583 570 554 600 587 573 559 597 376 422 250 577 600 600 600 598 112 61 314
540 306 0 384 598 590 600 600 600 600 600 599 592 600 600 600 588 600 600 600 600 600 600 600 515 600 600 600 600 600 579 600 600 507 346 351 452 590 580 598 509 298 4 0 0 0 0 0 0 0 0 0 232 537 503 30 163 370 548 591 268 56 460 600 600 600 600 574 206 249 472 599 513 528 600 600 600 588 568 596 600 600 600 573 588 600 436 563 600 600 600 600 600 493 375 325
540 361 0 163 600 600 590 600 600 600 600 600 599 557 600 600 499 596 600 600 600 600 600 600 554 598 600 600 600 593 545 589 578 198 379 382 256 529 600 600 471 245 2 0 0 0 0 0 0 0 0 0 0 219 152 129 390 284 198 437 520 406 28 426 600 600 600 583 595 554 564 583 557 441 600 590 600 594 450 600 600 600 597 591 600 588 311 535 600 600 600 600 600 598 600 600
518 597 127 29 559 600 598 598 600 600 600 600 588 549 598 590 532 566 600 600 600 600 600 600 560 508 600 600 534 403 600 588 303 313 472 283 347 541 600 600 507 342 92 0 0 0 0 0 0 0 0 1 96 209 36 219 408 436 184 153 442 600 419 50 356 600 600 600 600 600 600 600 592 307 585 342 600 396 475 471 588 600 591 591 600 600 600 600 600 600 600 600 600 600 567 545
520 600 268 0 344 600 600 534 589 588 555 571 500 594 600 547 512 600 600 600 600 600 600 600 596 545 600 600 572 439 572 589 406 577 566 520 479 588 600 600 600 570 346 362 74 108 0 0 0 0 2 0 317 213 4 22 217 69 59 428 600 600 600 471 23 382 600 545 600 600 599 592 600 512 471 269 574 400 455 577 589 600 600 600 598 600 600 600 600 600 600 600 600 466 434 269
540 600 290 0 18 349 426 287 397 390 400 544 378 474 528 199 205 427 598 468 566 579 600 600 600 600 584 600 594 241 172 455 258 600 515 497 588 505 565 588 583 313 419 360 524 453 85 0 0 0 0 0 393 61 6 59 132 212 545 600 600 578 588 580 237 31 465 600 600 513 328 323 598 600 600 404 114 419 569 600 600 600 600 600 562 600 600 600 600 600 600 600 600 502 242 360
540 600 386 0 0 190 233 329 346 537 568 599 509 558 583 293 251 448 545 584 405 352 197 249 339 496 571 600 600 516 353 297 189 595 542 600 568 570 548 578 509 583 599 371 381 590 475 317 6 0 0 0 167 466 70 246 133 421 586 600 600 600 600 600 370 89 24 461 472 281 448 283 404 597 600 509 583 382 301 477 600 600 600 600 600 598 600 534 402 470 528 483 495 267 572 392
513 575 135 0 0 0 0 23 199 566 538 576 522 506 564 473 441 600 600 589 536 392 248 67 367 289 349 551 600 600 600 483 273 467 388 506 582 588 574 549 578 592 594 414 216 279 423 411 104 17 0 0 15 78 126 11 104 387 600 600 600 541 598 520 577 381 348 43 409 503 600 598 313 183 536 517 596 513 394 251 519 440 368 401 401 552 568 566 223 160 28 162 284 600 600 600
514 335 4 0 0 0 0 0 186 442 590 598 586 528 493 347 560 578 567 576 385 483 358 185 449 568 565 440 384 359 432 218 395 284 205 572 600 600 586 600 600 539 525 495 376 221 127 330 60 58 83 59 24 235 100 243 518 440 569 509 539 467 471 534 600 592 522 236 24 460 600 567 549 512 296 173 526 600 563 576 600 600 529 600 600 600 600 600 600 600 303 100 226 600 600 600
540 549 13 0 0 18 73 0 157 512 578 527 363 480 128 546 550 496 494 286 472 473 199 129 326 430 459 495 598 566 449 122 309 387 567 600 600 600 590 600 600 598 544 578 245 376 372 514 317 133 48 3 2 231 427 553 511 495 451 221 507 527 371 530 598 553 600 407 263 45 480 600 600 596 406 306 469 464 600 578 564 600 600 600 600 553 600 600 600 600 600 478 358 598 600 600
376 370 9 0 0 126 255 407 248 418 524 395 484 389 411 520 600 591 320 220 437 433 301 104 141 372 484 527 558 600 548 346 195 560 600 600 600 600 600 566 588 571 553 500 299 208 324 261 42 0 0 0 97 273 551 426 452 562 463 426 566 551 592 600 582 327 457 481 333 0 44 390 342 527 600 600 600 520 600 600 600 600 600 600 588 600 600 600 600 600 600 373 356 600 600 600
431 13 0 0 170 248 117 368 279 538 374 413 556 82 104 324 590 567 453 532 420 233 341 559 536 481 330 466 596 554 246 386 277 293 541 600 596 600 600 600 572 558 511 381 447 149 73 0 0 0 0 0 54 9 210 567 456 303 90 295 305 522 331 246 445 532 529 366 83 0 0 313 173 182 580 600 600 600 600 600 600 600 566 600 600 600 600 396 528 600 600 600 595 600 600 527
427 1 7 297 420 422 369 323 403 512 458 556 382 181 268 516 579 480 307 277 165 210 505 326 473 514 548 600 600 578 458 155 244 174 324 558 500 600 600 538 548 533 180 88 38 77 10 0 0 0 0 0 0 0 0 186 87 159 65 72 65 243 296 326 162 322 247 33 6 0 0 99 301 516 534 545 600 600 600 600 600 598 554 600 600 600 600 390 555 600 600 600 600 600 600 503
306 0 0 461 568 598 600 390 240 530 473 476 334 491 486 333 380 511 522 98 30 149 201 364 447 489 420 355 600 590 600 395 180 416 157 592 600 600 596 559 598 365 286 71 14 3 0 0 0 0 0 0 0 0 0 21 312 136 66 213 423 228 488 141 28 22 87 189 356 160 37 0 280 401 349 325 507 591 551 598 600 569 600 600 600 600 600 600 600 600 600 600 600 600 600 398
3 0 164 462 600 600 600 600 540 563 574 515 389 281 432 462 237 391 544 174 8 26 268 216 425 584 497 562 587 600 600 503 399 570 496 484 529 595 555 501 466 585 219 3 0 0 0 0 130 328 262 4 0 0 0 0 135 169 281 270 281 119 239 443 390 44 0 23 343 41 0 0 0 0 102 132 599 598 588 568 598 528 437 441 600 600 600 600 600 600 600 600 600 600 600 572
0 0 121 563 600 600 600 600 600 600 564 515 600 534 554 600 600 600 542 544 149 56 186 310 591 525 440 558 568 598 572 571 457 589 600 600 506 432 413 360 438 328 164 171 46 0 0 43 574 600 596 159 33 0 0 0 7 56 163 142 264 150 69 331 418 350 78 9 55 13 9 0 0 80 314 393 597 600 600 600 600 562 508 577 586 590 600 600 600 600 600 600 600 600 600 600
63 98 14 227 597 571 598 600 600 600 568 600 600 600 521 587 600 600 568 413 327 261 428 388 577 444 589 600 579 499 317 518 491 491 495 588 522 588 557 590 600 600 528 582 550 525 408 382 246 132 435 475 147 245 176 0 64 260 291 308 273 239 149 385 588 600 530 518 487 297 169 108 0 463 600 600 600 600 600 600 600 600 600 600 600 600 600 600 600 600 565 600 600 600 600 600
