data/outputs/Sarzedas de Sao Pedro/2015/resolution_1/CONT_SPEC_1_40.asc
ncols         37
nrows         37
xllcorner     -8.224023584583
yllcorner      39.953368546911
cellsize       0.000359728640
NODATA_value  -9999
1.485313 0.728750 2.710625 4.693750 3.150625 2.047500 3.891563 4.563750 1.317813 0.992812 0.332500 0.021250 0.356250 4.619688 1.777500 0.095937 0.220937 0.791875 2.838437 2.565625 1.595312 1.1000 2.146562 0.725312 1.245313 4.789375 3.800937 4.22000 5.073750 3.710625 6.0000 5.998750 5.355313 4.670312 2.543438 3.289687 1.020938
2.185313 5.335312 2.010625 2.326875 3.449063 2.669688 3.472812 2.255625 1.688750 0.222187 0.633125 1.609063 1.422500 2.970937 3.794375 0.454687 0.144687 0.860625 0.113437 0.920625 0.733750 0.744375 3.088750 5.745625 4.583437 4.861250 4.148125 3.916875 5.468750 5.869688 5.950312 5.994375 5.972500 4.673750 3.519687 4.738125 5.996250
1.435312 2.100938 1.263125 2.948750 1.722187 3.298437 5.284688 3.958750 3.651562 3.139063 4.897188 3.797188 1.662500 3.997187 3.838437 0.496250 0.926562 0.637187 0.646562 3.422813 3.942188 3.401875 5.047813 4.636875 6.0000 6.0000 5.750938 5.41500 5.854375 5.472188 5.640313 5.993750 5.068437 4.297813 5.680313 5.160312 5.962187
0.790937 2.680312 4.412813 4.732812 4.360938 5.5000 6.0000 5.931563 5.965937 5.887500 4.344062 4.695625 3.388750 0.964375 4.104375 0.823750 3.898125 2.766875 2.686875 4.301875 2.488125 2.881875 2.967812 5.597500 5.993750 5.718750 5.376250 3.388438 5.280312 4.921875 5.117813 4.517500 5.313438 5.564063 4.691562 2.101250 4.610625
2.220625 0.760625 3.727813 5.881875 5.313125 4.93500 5.993750 6.0000 6.0000 5.98000 5.092187 5.076250 2.277188 2.314687 5.957813 4.152188 5.721875 5.328750 3.529063 5.823125 5.684375 2.548437 1.959062 5.697500 5.967187 2.961562 3.095937 2.950938 4.786875 4.613750 3.365937 2.099063 3.684687 5.371875 2.9000 3.157500 2.493125
3.025625 2.076563 3.631562 5.251875 6.0000 5.934375 5.953125 6.0000 5.896875 5.997500 5.953750 4.749062 4.564063 4.132187 5.961250 5.867500 5.906875 5.978125 4.280938 3.850625 5.95500 5.876250 4.808750 3.337500 2.132188 2.740312 5.342500 4.476250 5.496875 3.131250 2.578750 3.217500 4.312812 5.938750 3.441875 0.540625 1.939062
3.336562 5.871250 5.99000 5.95000 5.895313 6.0000 6.0000 5.986250 5.542813 4.374688 4.84000 5.031875 4.960625 4.689063 4.230625 6.0000 5.962500 5.560937 4.830312 3.904063 4.802187 4.494688 5.951562 3.535938 4.556250 2.484688 2.301563 5.310313 5.992500 5.417813 5.385313 5.293125 6.0000 5.692188 4.982812 2.40500 2.777500
2.855313 5.976250 5.998750 5.940938 5.904687 6.0000 5.916250 5.888750 4.883125 4.688125 2.744687 1.312188 0.30500 3.70500 3.232813 4.388750 5.961563 4.376875 5.739063 5.738750 5.641250 4.725313 5.878438 4.309375 2.906563 4.838438 4.359687 5.272500 2.427188 3.679375 2.325312 5.107812 6.0000 5.786562 5.825625 5.996562 5.026250
3.507500 3.914062 5.301563 5.053125 5.084062 5.216875 5.623750 4.701875 4.519687 5.539062 4.094688 1.877813 0.005625 1.612188 3.237500 5.328750 3.736875 5.022500 4.992500 4.618437 5.974062 5.932500 5.676250 4.693437 4.276875 5.506250 5.571250 4.56000 3.681250 5.588438 4.441562 5.940625 5.973750 3.273438 0.332187 1.818750 0.201875
2.456875 0.562812 4.406875 4.585625 5.040938 3.249062 4.253750 4.663125 4.315625 5.896250 5.542187 3.111875 0.576250 2.116875 4.566250 5.319375 4.564375 3.69500 4.408125 5.279063 5.512187 5.767188 4.140625 5.263125 5.999062 5.827187 5.735625 5.717812 3.870938 3.595937 5.456875 3.218437 2.240937 1.652187 0.910937 3.536563 1.456250
1.605625 4.369688 4.651875 3.510625 4.149375 2.511563 4.825938 5.028750 3.938125 5.730313 3.725312 0.505625 0.451875 0.653437 1.940625 2.931250 2.134375 0.897812 3.134063 5.87500 5.681875 5.740625 5.926563 5.746250 4.869688 5.270625 5.746875 5.976250 5.823750 3.419062 4.122500 4.974375 5.189063 2.308438 1.020312 0.918437 1.948750
3.241250 5.339062 5.904375 5.871250 5.700938 2.946875 5.02000 4.925937 4.669062 4.954375 4.970625 4.007500 4.713438 1.903750 3.132500 3.338437 4.930313 3.478750 3.458438 5.885313 5.901250 5.917187 4.385625 5.973750 5.535938 4.946562 5.020313 5.986250 5.655625 4.363125 2.853125 3.923750 5.837813 5.693750 5.283125 0.619687 3.966563
3.521875 5.135625 5.850625 6.0000 5.535938 4.054688 3.474375 2.592500 2.101875 4.434375 5.373125 3.524375 5.546875 4.267188 3.146562 4.708125 4.714062 5.03500 2.188125 2.154063 5.181250 5.784688 3.066562 4.619063 4.775313 5.629062 3.258437 4.819687 3.273438 5.775313 4.685937 2.122500 2.868125 5.5000 3.576563 0.49000 2.576250
0.473125 0.004375 1.014375 4.61000 5.992188 5.752813 3.802500 3.075938 0.645625 1.404062 4.875938 5.258750 5.918125 5.198125 2.07500 2.389375 4.618750 4.503125 2.814687 3.294375 3.976875 3.097812 1.414375 0.930625 2.763750 4.642500 5.256875 4.851562 4.121562 5.226250 5.806875 5.056250 5.993750 5.891875 5.351875 1.067813 0.041875
0.608125 0.0000 0.602812 5.647500 4.856875 5.576250 3.624375 0.271562 1.343125 2.488125 0.810312 2.655937 5.240312 5.991250 4.649687 2.135625 3.576563 4.208437 0.570937 0.43500 2.444062 1.205313 1.224687 0.289375 3.99500 4.11000 3.536563 2.245312 3.490625 6.0000 5.993750 6.0000 6.0000 6.0000 5.933125 5.281875 3.784375
5.294375 1.527500 2.344688 4.089688 4.550313 1.903437 3.251562 2.592812 4.611875 5.495312 5.817500 3.557187 3.429688 5.913125 5.436562 1.707500 3.351562 0.959375 1.452813 1.773125 0.615937 1.447188 0.776562 2.63500 2.432187 0.446562 4.867813 5.852500 5.689375 6.0000 5.878125 5.996250 6.0000 6.0000 5.992500 6.0000 5.933750
3.897813 1.667812 4.254688 5.452500 4.491250 0.969687 0.498437 4.181563 5.285938 1.472500 1.612500 5.035312 5.070312 5.61500 4.934687 4.369063 2.007500 1.97000 1.493125 0.734375 1.652187 1.390937 1.564688 2.598750 2.547813 2.318437 3.318750 5.369375 3.733125 5.287187 5.973750 6.0000 5.948750 5.991250 5.964062 5.723438 4.782500
5.184375 0.955937 0.238750 3.314687 3.798125 1.531875 3.984375 1.69500 3.543750 2.606562 5.099375 5.766875 5.640625 3.864063 4.514687 2.003437 1.31500 1.134375 1.586563 1.855625 0.438750 3.048750 0.698125 1.350313 2.349687 1.354688 0.942500 2.11500 2.334062 2.860937 5.832500 5.978750 6.0000 5.965625 5.95500 5.811250 5.107188
5.789062 3.110937 3.054375 4.123437 4.381563 3.475938 4.854063 2.564062 3.843125 1.196250 2.254688 4.252187 3.934063 1.780938 2.695937 0.910937 0.745937 0.937812 2.103438 2.576250 1.516250 1.301250 1.304688 1.393750 0.85500 1.233125 1.535625 0.476250 1.552188 0.314062 1.125625 5.669375 6.0000 5.775625 5.753125 5.972500 5.799375
5.85000 4.000312 4.854375 5.156562 5.456875 4.334688 5.164062 2.649688 0.44500 1.506875 1.242500 3.643438 3.771250 4.716563 0.695312 1.325625 3.150313 2.903437 1.115312 0.078125 0.105937 1.04000 1.113750 1.014687 0.67000 2.144687 3.114375 4.556875 1.908750 0.949062 0.835312 3.060625 2.901250 4.672187 4.715312 5.33500 2.864375
5.85000 5.585625 5.992500 6.0000 4.303438 3.37000 4.88000 5.038125 2.626875 2.113750 3.302188 4.063125 5.921250 5.578125 1.933125 2.666562 2.568750 4.321250 0.612500 0.693750 0.174375 0.936250 0.678125 1.246875 2.056563 2.129688 1.311250 0.855937 0.425937 3.055938 1.523750 2.070937 3.090937 5.02000 4.869063 3.285312 3.081875
5.587187 5.752187 5.891875 5.74000 4.370625 1.055937 0.827187 3.950938 2.990937 4.150625 3.139063 3.390938 4.51000 2.482188 3.272187 2.039062 3.521875 3.400313 1.128125 0.0000 0.0000 0.0000 0.0000 0.354062 1.890625 5.949687 4.960312 0.939375 1.335312 3.441562 3.112500 5.554062 5.890313 5.992500 3.926250 0.75500 1.67500
5.474375 5.977812 6.0000 5.896250 3.152500 1.942187 1.533438 2.493438 3.422188 3.620625 2.482188 1.847813 0.757812 2.245625 1.767187 0.151250 3.848750 4.701562 1.767813 0.124062 0.0000 0.039062 0.170937 0.0000 1.088750 5.441562 5.595625 5.746875 5.588750 5.996250 6.0000 6.0000 5.992500 5.865625 2.489688 0.378125 1.607187
4.665625 4.309687 5.944375 5.89500 4.303125 4.643750 3.79000 4.661250 5.342812 4.167500 2.926563 3.23000 4.196562 4.681250 1.732187 2.178750 5.073125 6.0000 6.0000 3.415938 3.29000 0.088750 0.933750 3.11500 3.179688 6.0000 5.972500 6.0000 5.912500 5.918750 5.923750 6.0000 6.0000 5.330625 1.377188 0.153750 4.786562
4.25000 5.537187 6.0000 5.992500 5.597500 4.358750 5.733125 5.922500 5.104687 5.22000 5.710312 5.599062 5.906562 5.910312 5.611875 5.899687 6.0000 6.0000 5.896250 3.550937 1.234063 4.133438 5.802812 6.0000 6.0000 5.95500 5.731875 5.496875 5.894063 6.0000 6.0000 5.998750 5.980625 5.154375 0.317500 1.450625 5.566250
5.243750 6.0000 5.997500 5.890937 5.235625 6.0000 6.0000 6.0000 5.584688 5.872500 5.582187 6.0000 5.986250 6.0000 5.976250 5.96000 6.0000 5.866875 6.0000 3.186562 0.400312 4.398125 6.0000 6.0000 6.0000 6.0000 4.916875 4.238125 5.440313 6.0000 6.0000 4.754375 3.992812 5.968438 4.875312 5.676250 5.924062
5.85000 6.0000 5.922187 5.992188 4.566562 5.167500 6.0000 6.0000 6.0000 4.698125 3.827812 5.205938 6.0000 5.82500 3.607188 4.253750 4.273750 4.16500 5.726875 5.825312 4.062500 4.888125 6.0000 6.0000 6.0000 5.965625 5.778750 5.074063 4.922500 5.169375 4.970937 5.561250 5.192500 6.0000 5.955625 6.0000 4.692188
5.85000 6.0000 6.0000 5.998750 5.482188 4.535938 5.854375 5.951875 5.855937 5.382812 4.482188 3.72000 5.577187 2.439062 4.858750 1.17000 1.493750 5.347500 2.811875 5.300313 5.003125 4.12000 4.981250 5.552812 6.0000 6.0000 5.98500 5.746875 5.58500 5.958125 5.739687 4.096250 3.825938 6.0000 6.0000 6.0000 4.583125
5.85000 6.0000 6.0000 5.410625 3.866875 4.713125 5.662813 5.865312 5.936875 5.596875 5.680625 5.710625 5.7000 3.019062 2.630937 4.131875 5.011563 5.549062 3.426875 3.97500 2.561562 4.222188 2.582187 3.660938 5.750312 6.0000 5.992500 6.0000 5.813750 5.581250 5.800625 5.42500 5.433750 6.0000 6.0000 5.93000 5.998750
5.339062 4.176250 5.260313 3.924062 1.001250 1.928438 4.290312 4.432188 2.752813 2.502500 3.42000 4.533125 3.875625 2.300312 4.036875 5.95500 5.999062 5.751875 5.44500 3.936250 2.218750 5.571562 5.127500 4.472500 4.073437 5.864063 5.908125 5.588750 4.709375 6.0000 5.986562 5.991250 5.963438 5.024687 6.0000 5.883438 5.407813
4.199063 2.795937 2.486562 2.294375 0.797187 0.205625 0.127500 4.051250 3.360625 2.542500 0.577187 1.146250 0.222187 0.005625 0.821875 5.778125 3.441562 1.327500 1.955313 2.160625 5.036875 6.0000 5.992500 5.635937 4.315625 4.476250 5.711563 5.687500 5.97000 5.814375 5.287813 5.68500 6.0000 5.992500 5.978750 5.95000 4.302187
5.175313 5.983750 5.937500 5.538750 3.563750 4.582500 5.272500 5.966875 5.992500 5.671563 5.657813 3.481250 2.968750 4.031250 3.928437 5.356250 5.523750 3.106250 3.546250 5.52500 5.801875 5.927500 6.0000 3.297500 3.969688 5.901562 3.936250 4.784063 4.504062 4.995938 5.853750 5.998750 6.0000 5.838750 5.997500 5.986250 5.117813
5.775625 5.862188 4.894375 4.114063 3.256875 2.089062 4.926563 6.0000 5.946250 6.0000 5.912813 3.300625 4.272188 5.87000 5.62500 5.776250 4.118125 4.372187 5.190625 5.728438 5.945312 5.854687 5.860313 4.294375 5.592187 5.549375 2.442813 2.639687 3.492188 5.734687 6.0000 6.0000 5.973125 5.939375 5.981875 6.0000 3.806250
4.987500 4.266875 5.79000 5.161875 4.888750 3.875313 5.937500 6.0000 5.981250 5.702813 5.417500 2.643438 4.997187 4.807500 4.249688 3.697500 1.093750 4.351875 4.329688 4.029063 2.401562 3.041250 1.157188 2.121875 5.005937 5.093750 1.423437 2.463750 2.936250 6.0000 6.0000 5.958125 5.579063 5.531562 5.968750 6.0000 4.391563
5.81000 4.132500 4.505312 5.479063 5.588438 5.212500 4.985625 4.924062 5.317188 5.246562 4.705312 5.576562 5.420625 4.800625 0.458437 2.349063 0.872500 1.969688 3.052188 1.317500 2.832813 3.224063 3.141875 1.886562 3.130313 2.958438 0.425937 2.416250 3.628125 5.933438 4.509375 3.971875 4.429375 2.86000 5.82000 6.0000 5.722188
5.801250 5.952500 4.362500 4.147500 5.951562 5.669688 5.043750 5.153125 3.109688 5.514062 5.404687 5.718438 5.241562 2.802188 2.868125 3.93500 5.327187 4.606250 2.541562 4.469375 5.417813 3.987188 1.901250 0.940312 3.131250 0.70500 0.512500 4.823437 1.215313 3.020313 4.821562 3.194062 4.479687 4.300625 5.871562 6.0000 5.531250
5.033437 5.816875 5.842500 5.045625 4.07000 5.374375 5.812188 5.85000 5.160625 5.630625 5.328437 5.643750 5.398750 5.740312 5.85000 5.572188 3.088437 2.898125 0.346875 3.277500 5.34500 1.365938 2.305625 3.926563 3.183125 2.080625 3.422188 2.543125 2.823437 4.274375 5.466875 5.602500 4.985313 4.637500 5.798125 5.85000 5.631875
