data/outputs/Sarzedas de Sao Pedro/2015/resolution_1/CONT_NORM_1_5.asc
ncols         300
nrows         300
xllcorner     -8.224023584583
yllcorner      39.953368546911
cellsize       0.000044966080
NODATA_value  -9999
[rows 57 to 113 of 300, columns 96 to 191 of 300]
100 100 100 97 84 76 99 100 99 100 85 100 84 69 43 2 0 0 0 62 100 100 100 100 100 100 100 100 100 100 100 100 100 100 100 100 100 100 100 100 100 100 76 32 94 100 100 100 100 100 100 90 93 100 100 58 13 20 83 100 100 100 100 100 73 84 25 10 66 99 100 100 100 100 85 30 25 0 0 71 100 100 100 100 100 100 100 100 100 100 22 21 27 78 57 100
100 100 100 71 14 46 97 100 82 100 100 100 94 89 100 95 63 8 0 2 67 100 100 100 100 100 100 100 100 100 100 100 100 100 100 100 100 100 100 99 87 100 100 53 35 98 100 100 99 64 100 100 100 100 100 100 99 100 100 100 100 100 100 100 95 100 72 72 100 100 100 100 100 100 97 84 50 34 82 66 93 99 75 100 100 100 100 99 93 100 86 93 36 98 90 50
100 92 29 42 7 8 74 100 97 100 100 100 100 100 100 100 100 76 5 0 0 61 100 100 100 100 100 100 100 100 100 100 100 100 100 100 100 100 100 100 100 100 100 99 63 43 92 100 100 100 100 100 100 100 100 100 100 100 100 100 100 100 100 100 100 99 35 92 96 70 89 100 100 100 87 43 99 97 80 100 100 94 97 100 100 100 100 100 100 95 55 83 100 100 99 69
56 97 20 0 0 0 10 49 95 100 87 68 100 100 100 100 72 75 75 10 0 0 43 98 100 100 100 100 100 100 100 100 100 100 100 100 100 100 100 100 100 100 100 100 89 41 16 82 100 100 100 100 100 100 100 100 100 100 100 100 99 100 100 100 100 100 78 58 39 55 84 100 99 78 98 58 85 92 95 59 77 98 82 100 100 100 100 100 100 88 8 14 100 100 96 100
4 28 14 19 0 0 0 3 27 99 73 96 100 100 100 90 29 32 96 96 36 0 0 24 90 100 100 100 100 100 100 100 100 100 100 100 100 100 100 100 100 97 72 50 88 93 86 32 99 100 100 100 100 100 100 100 100 100 100 70 60 100 100 93 100 100 100 91 34 81 100 79 81 77 91 62 43 52 54 8 29 100 100 100 100 100 100 100 100 100 14 11 87 30 33 100
1 0 0 0 1 1 0 0 46 100 100 100 100 100 99 30 3 3 57 91 94 55 5 0 8 80 100 100 100 100 100 100 100 100 100 100 100 92 100 100 52 6 1 1 79 100 100 99 100 100 100 100 100 100 100 100 100 100 100 88 94 97 88 93 100 100 100 91 82 100 100 81 99 100 87 14 67 42 12 22 86 100 100 100 100 100 100 100 100 99 20 0 10 18 53 85
0 0 0 0 0 0 0 22 90 85 100 100 100 100 66 1 2 25 69 74 99 100 83 18 0 2 59 100 100 100 100 100 100 100 100 100 100 100 100 96 6 2 33 51 47 100 100 100 99 72 100 100 100 100 100 100 100 100 100 100 100 89 89 100 100 100 100 100 100 100 94 98 100 99 67 83 93 80 44 89 99 100 100 100 100 100 100 100 100 100 48 6 10 2 43 27
0 0 0 0 0 0 0 0 54 89 100 100 100 88 7 0 5 40 21 47 87 89 100 94 22 0 0 35 96 100 100 100 100 100 100 100 100 100 100 99 18 0 9 35 55 99 100 100 100 76 93 100 100 100 100 100 100 100 100 100 100 89 97 100 100 100 100 100 100 100 93 89 92 100 100 100 91 35 96 100 100 100 100 100 100 100 100 100 100 100 100 47 30 54 74 1
0 0 0 0 0 0 0 0 0 12 58 100 100 47 3 9 33 30 80 98 93 97 100 100 99 58 2 0 18 92 100 100 100 100 100 100 100 100 100 84 74 45 46 75 99 62 99 100 100 66 59 100 100 100 100 100 100 100 100 92 99 90 100 100 100 100 100 100 100 100 100 100 100 100 100 100 100 64 79 100 100 100 100 100 100 100 100 100 100 100 93 88 75 91 100 42
0 0 0 0 0 0 0 0 0 0 39 94 82 2 24 43 84 64 51 63 4 36 65 83 100 100 84 15 0 18 90 100 100 100 100 100 100 100 100 89 96 100 100 93 100 79 89 100 100 84 49 100 100 100 100 100 100 100 100 100 63 40 100 100 100 100 100 100 100 100 100 100 100 100 99 100 81 27 75 100 100 100 100 100 100 100 100 100 100 100 99 100 100 100 100 100
0 0 0 0 0 0 0 0 0 0 0 13 17 0 0 18 64 48 52 24 46 46 73 69 68 78 100 72 0 0 12 82 100 100 100 100 100 100 100 100 100 100 100 76 97 100 100 100 100 87 46 100 100 100 95 99 100 100 97 99 100 96 100 100 100 100 100 100 100 98 94 100 100 100 93 100 79 21 81 100 100 100 100 100 100 100 100 100 100 100 100 100 100 100 100 100
0 0 0 0 0 0 0 1 4 0 18 30 3 8 13 18 50 93 89 75 43 72 23 74 58 81 100 100 76 11 0 8 76 100 100 100 100 100 100 100 100 100 100 100 100 100 100 100 100 95 3 90 100 100 14 40 100 100 70 68 95 83 81 95 100 99 100 100 100 94 94 100 100 100 100 100 100 100 100 100 100 100 100 100 100 100 100 100 100 100 100 100 100 99 100 93
0 0 0 0 0 0 0 0 14 46 81 10 0 12 63 51 43 86 65 61 7 1 0 5 56 100 100 100 100 92 25 0 2 59 100 100 100 100 100 100 100 100 100 100 100 100 100 100 100 100 74 37 99 91 82 92 100 100 72 55 57 82 59 79 100 93 100 100 100 100 100 100 100 100 100 100 100 100 100 100 100 100 100 100 100 100 100 100 100 100 100 100 99 80 91 80
0 0 0 0 0 0 0 0 20 90 85 0 1 1 0 12 50 19 2 4 0 0 11 82 100 100 100 100 100 100 98 28 0 0 63 100 100 100 81 92 100 100 100 100 100 100 100 100 100 100 100 43 74 82 60 71 100 100 100 31 64 92 92 99 99 100 100 100 100 100 100 100 100 100 100 100 100 100 100 100 100 100 100 100 100 100 100 100 100 100 91 93 100 77 54 81
0 0 0 0 0 1 0 0 44 57 57 0 0 0 1 1 37 38 22 17 1 39 93 100 100 100 100 100 100 100 100 88 15 0 8 83 100 100 99 92 100 100 100 100 100 99 94 100 100 100 100 99 90 68 31 17 84 99 97 38 53 94 100 94 94 100 100 100 100 100 100 100 99 100 100 100 100 100 100 100 100 100 100 100 100 100 100 100 100 100 38 89 78 34 6 38
0 0 0 0 0 0 0 0 57 98 16 0 0 0 0 26 71 4 0 11 64 100 100 100 100 100 100 100 92 100 100 89 12 8 0 20 94 100 100 100 100 100 97 46 15 43 45 89 100 100 100 100 100 100 64 11 0 32 55 94 86 93 100 100 100 100 100 100 100 100 100 100 75 100 100 100 100 100 100 100 100 100 100 100 100 100 100 100 100 100 100 73 5 14 37 64
0 0 0 0 0 0 0 0 39 69 25 0 4 0 0 13 13 0 38 93 100 100 100 100 100 100 100 85 100 100 100 98 75 63 0 0 29 87 100 100 100 100 100 99 78 83 52 29 99 100 100 100 100 100 98 96 40 4 44 86 100 100 100 100 100 100 100 100 100 100 100 100 100 100 100 100 100 100 100 100 100 100 100 100 100 100 100 100 100 100 74 88 73 69 80 59
0 0 0 0 0 0 0 0 50 60 85 86 13 5 7 57 21 27 79 96 100 100 100 100 100 100 100 100 100 100 100 100 94 58 0 0 0 16 93 100 84 69 92 73 72 76 29 25 86 100 100 100 100 100 88 53 100 88 40 65 96 84 95 100 100 100 100 100 100 100 100 100 100 100 100 100 100 100 100 100 100 96 85 99 100 100 100 97 100 100 24 41 83 99 46 15
0 4 0 0 0 0 0 0 0 1 85 54 24 4 23 77 29 11 45 60 99 92 100 100 100 100 100 100 100 100 100 100 86 9 48 11 0 0 21 94 100 61 9 13 51 100 100 35 15 68 98 100 100 100 100 99 100 100 89 61 20 0 24 100 100 100 100 100 100 100 100 100 100 100 100 99 100 100 99 57 45 27 42 87 95 57 82 43 42 87 43 70 100 100 100 100
5 13 1 0 0 0 0 0 9 0 17 8 14 28 1 0 0 13 16 78 100 100 100 100 100 100 83 98 100 100 100 100 100 85 47 38 69 1 0 24 92 93 57 78 100 100 100 99 50 0 22 82 100 99 97 100 100 100 77 100 54 17 0 32 72 94 88 73 73 73 57 41 39 30 74 94 79 100 100 77 14 7 2 0 17 1 52 56 58 89 100 100 100 100 100 100
24 27 10 0 0 0 0 0 0 1 10 16 25 18 2 4 12 44 65 99 100 100 100 100 100 100 98 82 99 100 60 86 100 100 84 85 100 62 5 0 15 73 100 100 100 100 100 100 100 59 10 8 88 71 47 100 100 97 65 100 100 92 70 65 81 99 79 52 35 63 77 93 99 100 100 100 100 100 100 100 87 40 71 34 0 1 0 0 0 43 100 100 100 100 100 100
6 6 0 0 1 0 0 6 2 3 23 84 13 0 12 59 90 70 49 100 100 100 99 100 100 100 96 45 93 100 96 93 100 100 100 100 91 100 47 1 0 11 92 100 100 100 100 100 96 99 72 71 68 50 20 90 100 100 100 100 100 75 92 92 100 100 100 100 70 83 100 100 100 100 100 100 100 100 100 100 100 100 100 100 37 0 0 0 0 28 100 100 100 100 100 100
16 12 19 19 35 19 12 21 7 3 2 47 8 45 14 77 100 85 46 99 99 80 54 87 78 81 87 82 75 46 99 68 100 100 100 95 57 100 84 25 5 0 18 96 100 100 100 78 71 100 100 97 46 34 0 5 51 100 100 100 100 100 100 100 100 100 100 100 100 100 100 100 100 100 100 100 100 100 100 100 100 100 100 100 98 67 49 17 30 93 100 100 100 100 100 100
48 31 24 34 9 15 2 0 1 0 2 56 75 56 82 88 80 83 97 87 56 79 36 35 54 100 100 65 84 89 100 92 100 100 100 100 100 100 73 70 80 2 0 30 97 100 100 100 100 100 100 97 25 46 30 25 38 100 100 100 100 100 100 85 92 91 100 100 100 100 100 100 100 100 100 100 100 100 100 100 100 100 100 100 100 100 100 63 55 93 100 100 100 100 100 100
73 59 30 0 8 0 0 0 0 0 2 94 54 99 100 99 86 91 64 83 75 91 39 37 84 100 100 86 19 56 61 100 100 99 81 87 100 100 93 36 81 12 0 0 25 98 100 100 100 100 100 100 100 100 99 50 97 77 23 86 100 100 100 100 100 93 100 100 100 100 100 100 100 100 69 100 100 100 100 100 100 100 100 100 100 100 81 75 42 48 99 100 100 100 100 100
19 6 0 0 0 0 0 0 0 0 11 91 100 100 86 29 63 99 96 82 96 84 62 65 96 93 70 100 97 99 100 100 100 89 7 42 99 78 57 80 93 59 0 0 0 29 62 61 89 86 100 100 100 100 100 100 100 100 93 88 100 100 100 100 100 100 100 100 100 100 100 100 100 100 100 100 100 100 100 100 100 100 100 100 100 100 75 30 29 92 100 100 100 100 100 100
2 0 0 0 0 0 0 0 2 63 18 61 76 91 97 72 67 73 100 96 67 62 85 73 88 100 97 100 99 100 100 100 100 99 76 92 65 64 83 100 37 32 0 0 0 0 51 86 53 1 51 100 100 100 100 100 100 100 73 92 100 100 100 100 100 100 100 100 100 100 100 100 92 100 100 100 100 100 100 100 100 100 100 100 100 100 99 45 17 100 100 100 100 100 100 100
0 0 0 0 0 0 0 0 4 32 6 0 41 84 88 100 86 80 71 67 11 6 28 48 42 99 100 100 92 84 41 51 71 76 100 56 69 92 82 92 37 13 0 0 0 0 28 100 62 0 35 78 100 100 100 100 100 100 100 100 100 100 100 100 100 100 100 100 83 96 100 100 100 100 100 100 100 100 94 96 100 100 100 100 100 100 100 100 96 100 100 100 100 100 100 97
0 0 0 0 0 0 0 0 0 0 0 0 0 14 90 100 93 44 34 30 1 42 94 27 2 61 92 56 32 12 15 57 52 97 99 100 92 100 46 24 5 0 0 0 0 0 2 79 51 2 1 7 86 100 100 100 100 100 100 100 100 100 100 100 100 100 100 100 99 100 100 100 100 100 100 100 100 100 66 7 52 100 100 100 100 100 100 100 100 100 100 100 100 100 100 54
0 0 0 0 0 0 0 0 0 0 0 0 0 0 30 90 36 16 26 53 2 15 45 3 6 22 32 37 38 25 10 68 18 29 88 100 90 71 22 0 0 0 0 0 0 0 0 63 33 66 72 85 97 99 100 100 100 100 100 100 100 100 100 100 100 100 100 99 69 100 100 100 100 100 100 100 100 100 81 0 78 100 100 100 100 100 100 100 100 100 100 100 100 100 100 81
0 0 0 0 0 0 0 0 0 0 0 0 0 0 0 4 0 5 15 12 16 10 0 0 0 15 31 62 62 72 88 51 43 17 3 24 3 0 0 0 0 4 0 0 0 0 0 2 18 83 87 100 100 60 63 100 100 100 100 100 100 100 100 100 100 100 100 100 100 100 100 100 100 100 100 100 100 100 100 79 92 100 100 100 100 100 100 100 100 100 100 100 100 100 100 54
0 0 0 0 0 0 0 0 0 0 0 0 0 0 0 14 80 75 23 9 2 0 0 20 37 45 2 46 74 87 37 2 8 2 10 1 15 2 18 69 49 75 34 44 24 0 0 0 33 100 100 100 100 69 49 100 100 100 100 100 100 100 100 100 100 100 82 100 100 100 100 100 100 100 100 100 100 100 100 100 100 100 100 100 100 100 100 100 100 100 100 100 100 100 99 57
0 0 0 0 0 0 0 0 0 0 0 0 0 0 0 0 15 38 50 9 13 29 28 94 100 100 60 43 67 97 30 25 5 4 4 0 31 9 19 21 46 67 24 5 0 0 0 0 13 40 33 34 36 28 33 34 46 92 100 94 73 94 99 100 100 100 97 100 100 100 100 100 100 100 100 100 100 100 100 100 100 100 100 100 100 100 100 100 100 100 100 100 100 100 99 10
0 0 0 42 33 0 0 0 0 0 0 0 0 0 0 0 21 35 27 43 51 47 45 13 49 35 26 24 20 58 86 46 46 37 0 0 0 0 0 11 66 50 12 0 0 0 0 0 0 0 0 0 0 0 12 34 100 100 100 99 93 99 93 85 99 100 100 100 100 100 100 100 100 100 100 100 100 100 100 100 100 100 100 100 100 100 100 100 100 100 100 100 100 100 100 81
25 62 79 97 98 43 2 0 0 0 0 0 0 0 0 0 13 21 2 41 51 38 51 71 65 38 29 0 25 57 93 70 88 89 29 0 0 0 0 4 31 81 16 0 0 0 0 0 0 0 0 0 26 42 3 38 100 100 100 100 100 100 100 100 100 100 100 52 52 40 21 73 100 100 100 100 100 100 100 100 100 100 100 100 100 100 100 100 100 100 100 100 100 100 100 100
98 100 100 100 100 100 44 0 0 0 0 0 0 0 0 0 0 0 0 17 22 2 10 11 52 65 23 19 3 32 91 62 77 45 67 15 1 0 0 0 2 34 2 6 6 0 0 0 0 0 0 0 2 22 24 38 98 100 100 100 100 100 100 100 100 100 100 74 61 77 96 89 100 91 93 100 100 100 100 100 100 100 100 100 100 100 100 100 100 100 100 100 100 100 100 100
85 100 100 100 100 97 25 37 22 0 0 0 0 0 0 0 1 3 10 10 50 34 29 45 41 18 37 21 0 11 25 42 70 86 63 88 26 25 6 0 0 0 0 0 0 0 0 0 0 0 2 51 85 100 100 100 100 100 100 100 100 100 100 100 100 100 100 100 100 100 100 100 100 100 100 100 100 100 100 100 100 100 100 100 100 100 100 100 100 100 100 100 100 100 100 100
13 29 20 56 100 99 92 72 8 0 0 15 5 0 0 0 0 8 24 7 40 10 33 27 37 29 23 49 6 1 45 54 92 100 100 100 91 65 72 73 73 51 23 0 0 0 0 0 0 0 65 100 100 100 100 100 100 100 100 100 100 100 100 100 100 100 100 100 100 100 100 100 100 100 100 100 100 100 100 100 100 100 100 100 100 100 100 100 100 100 100 100 100 100 100 100
90 32 2 9 28 63 57 95 62 27 48 99 91 21 0 0 0 35 60 82 74 70 89 56 59 58 32 56 38 54 58 99 100 100 100 100 100 97 100 100 100 100 98 77 56 57 65 7 0 0 43 100 100 100 100 100 100 100 100 100 100 100 100 100 100 100 100 100 100 100 100 100 100 100 100 100 100 100 100 100 100 100 100 100 78 98 100 100 100 100 100 100 100 100 100 100
100 97 95 96 72 32 5 33 63 74 24 86 100 67 8 0 3 84 50 85 100 100 100 85 51 24 67 46 14 46 36 83 99 100 100 100 100 100 100 100 100 100 100 100 100 100 100 21 0 0 24 100 100 100 100 100 100 100 100 100 100 100 100 100 100 100 100 100 100 100 100 100 100 100 100 100 100 100 100 100 100 100 100 90 18 20 89 100 100 100 100 100 100 100 100 100
100 100 100 100 100 100 95 60 20 0 0 50 100 100 81 4 32 85 46 76 100 80 89 80 51 86 89 83 54 53 72 98 100 100 100 100 100 100 100 100 100 100 100 100 100 100 100 43 0 0 32 100 100 100 100 100 100 100 100 100 100 100 100 100 100 100 100 100 100 100 100 100 100 100 100 100 100 100 100 100 99 51 52 4 12 15 21 93 100 100 100 100 100 100 100 100
100 100 100 100 100 100 100 100 100 85 48 21 38 61 45 2 45 95 88 100 86 63 83 58 48 39 65 99 99 78 99 100 100 100 100 100 100 100 100 100 100 100 100 100 100 100 100 43 0 0 2 76 100 100 100 100 100 100 100 100 100 100 100 100 100 100 100 100 100 100 100 100 100 100 100 100 100 100 96 64 47 9 0 0 0 36 53 81 100 100 100 100 99 100 100 100
100 100 100 100 100 100 100 100 91 100 100 98 56 8 0 0 37 53 100 100 97 93 100 90 74 76 92 100 100 100 100 100 100 100 100 100 100 100 100 100 100 100 100 100 100 97 95 54 78 32 0 18 94 100 100 100 58 87 97 95 100 100 100 43 97 100 100 100 100 100 100 100 100 100 100 100 100 100 100 67 15 0 0 0 15 82 100 100 99 100 100 100 77 98 100 100
92 100 100 100 100 100 100 85 16 71 89 95 100 80 5 0 21 5 71 100 94 86 94 83 99 100 100 100 100 100 100 100 100 100 100 93 100 100 100 100 97 100 100 100 100 84 70 41 57 42 0 0 11 82 100 100 25 20 9 20 99 100 100 61 100 100 100 100 100 100 100 100 100 100 100 100 100 100 86 27 28 7 13 0 26 98 100 60 37 100 100 100 100 100 100 72
100 100 100 100 100 100 100 60 40 27 74 8 27 35 7 0 0 68 85 94 34 41 64 20 46 93 99 89 91 97 100 100 100 100 85 53 92 100 100 82 42 74 99 100 100 100 100 82 83 20 0 0 0 11 32 22 39 0 18 87 100 100 100 100 100 100 100 100 100 100 100 100 100 100 100 100 100 100 100 95 87 88 33 59 95 89 71 13 59 88 100 100 100 99 97 99
65 98 100 100 100 85 100 100 100 71 25 0 0 1 36 34 0 56 96 28 42 50 49 13 17 82 73 31 30 18 92 100 92 100 100 64 45 96 100 60 27 26 98 100 100 100 100 100 87 18 0 0 0 0 0 0 45 0 38 93 100 100 100 100 100 92 100 100 100 100 100 100 100 100 100 100 100 99 100 100 68 50 61 62 100 99 70 6 61 68 100 100 100 79 67 100
36 85 100 100 100 100 100 100 100 55 0 30 73 94 92 90 79 10 73 90 10 5 0 0 0 31 77 79 70 91 100 100 71 50 97 100 100 99 92 35 8 38 98 100 100 100 92 99 93 44 1 0 0 0 0 0 22 13 0 40 100 100 100 100 100 100 100 100 100 100 100 100 100 100 100 100 100 94 99 85 72 41 24 43 97 98 37 0 2 15 97 100 84 80 99 94
76 100 100 100 100 100 100 100 100 100 94 100 100 100 100 100 100 45 42 100 96 31 58 50 30 2 36 98 100 100 100 100 93 93 98 93 100 100 71 10 69 98 94 100 100 100 100 100 93 64 43 10 0 0 0 0 0 20 0 2 35 20 77 74 72 100 92 100 100 100 100 100 100 100 100 100 100 99 96 71 100 92 33 33 66 63 6 13 1 7 86 100 93 78 57 62
16 84 100 100 100 100 100 100 100 100 100 100 100 100 100 100 66 56 32 56 65 48 49 76 79 51 44 71 99 99 100 100 100 100 76 69 80 69 44 6 21 80 93 100 89 98 91 92 98 64 73 83 11 0 0 0 0 0 0 0 0 0 16 25 33 99 100 86 93 100 100 100 100 100 100 100 100 94 99 100 75 96 88 32 0 0 0 0 0 41 72 100 93 99 69 47
24 82 97 100 100 100 100 100 100 100 100 100 100 100 87 83 34 91 26 0 60 92 88 95 100 87 60 45 97 93 92 100 100 76 32 19 17 28 77 92 86 87 82 89 90 77 69 86 84 97 100 94 68 5 0 0 0 0 0 0 0 0 0 0 13 27 32 81 100 100 100 100 100 100 100 100 100 92 100 90 38 32 52 32 55 23 0 12 64 100 94 98 99 100 93 85
75 66 92 100 100 100 100 100 100 100 100 100 100 100 61 52 45 25 31 7 17 85 77 52 61 69 100 86 75 89 81 76 32 22 50 77 99 99 100 100 84 100 92 81 61 63 38 86 87 86 93 99 96 79 1 0 0 0 0 0 0 0 0 0 0 0 0 26 49 65 77 91 100 100 100 99 86 100 99 62 96 67 93 96 89 79 16 2 81 66 49 23 22 72 87 90
68 83 93 100 100 100 100 100 100 100 100 100 100 78 12 0 16 22 13 0 0 12 69 20 85 82 76 56 8 31 51 86 58 52 41 97 93 83 75 93 93 91 100 80 81 23 9 55 8 2 44 100 100 100 23 0 0 44 76 65 56 55 32 14 13 0 0 5 44 50 23 52 57 71 99 98 57 57 40 7 12 1 21 34 70 100 96 64 59 43 18 0 0 8 31 41
76 100 94 99 100 100 100 100 100 100 100 100 99 36 1 1 0 38 37 7 16 17 75 35 27 28 64 80 56 93 87 79 70 62 64 84 100 100 75 73 88 91 89 91 65 40 25 1 0 24 94 100 65 41 33 0 0 18 91 100 100 100 100 100 100 94 79 81 64 100 90 68 44 40 57 36 8 2 0 0 0 0 0 0 28 97 75 55 98 92 74 4 1 0 1 0
100 100 100 100 100 100 100 100 100 100 100 100 97 13 38 68 21 49 23 33 40 38 93 86 11 2 50 43 25 85 89 87 82 90 70 92 100 92 96 75 83 63 80 92 98 98 99 54 5 63 98 90 22 8 24 1 0 2 81 100 100 100 100 100 100 100 100 100 100 100 100 99 33 97 100 97 44 0 0 10 5 2 11 6 3 21 58 92 100 100 40 0 0 0 0 0
100 100 100 100 100 100 100 100 100 100 100 100 100 90 61 34 55 7 37 85 30 32 11 54 18 49 19 61 61 4 14 32 80 89 96 87 92 89 47 82 93 100 91 71 100 100 100 100 51 2 63 53 20 3 0 0 0 0 13 90 100 100 100 100 100 100 100 100 100 100 83 50 59 59 80 85 60 8 0 72 41 59 86 32 0 0 12 76 50 75 30 0 0 0 0 0
100 100 100 100 100 100 100 100 100 100 100 100 100 99 93 46 44 33 23 84 31 38 46 23 28 38 57 73 4 14 50 33 48 59 81 77 47 89 81 100 93 99 68 74 82 73 49 86 93 82 93 78 5 0 0 0 0 0 0 59 100 100 100 100 100 100 100 100 86 48 56 65 63 95 87 100 100 55 11 29 12 7 10 7 2 1 2 28 2 0 17 4 0 0 0 0
100 100 100 100 100 100 100 100 100 93 100 100 100 93 100 97 58 50 14 26 16 31 83 82 41 27 31 11 21 24 21 46 50 53 28 19 73 93 100 99 100 94 98 64 6 9 75 60 99 100 100 98 56 35 5 0 0 0 0 36 100 100 99 96 100 100 100 94 28 22 18 3 65 74 49 90 74 1 50 69 47 0 0 0 0 0 3 2 0 0 0 49 42 0 0 0
