data/outputs/Sarzedas de Sao Pedro/2015/resolution_1/CONT_TOTAL_1_25.asc
ncols         60
nrows         60
xllcorner     -8.224023584583
yllcorner      39.953368546911
cellsize       0.000224830400
NODATA_value  -9999
1 58 0 1804 3510 3388 2718 1736 166 257 2376 3588 3392 3110 2245 1719 826 275 193 85 1184 2765 2997 1941 660 269 2129 1186 2046 1808 2680 3493 2263 1692 1122 3374 1649 690 161 1239 946 608 1991 2307 2868 3104 3285 3402 3600 3600 3600 3233 3114 1303 3058 863 2887 1481 1055 3349
809 593 0 852 3267 2989 1800 1257 1037 1470 3229 3375 1677 222 0 188 147 48 0 50 670 2995 2969 53 34 72 103 364 113 1563 2889 1095 944 1111 765 1435 1300 242 561 1193 3096 2799 2398 3092 2487 3515 2535 1828 3750 3750 3750 3750 2743 3455 932 1283 2685 519 81 2066
2927 779 3131 2054 1393 2131 2578 2549 2716 1472 1344 1503 2024 2111 1557 1006 325 52 587 272 154 2412 3169 294 24 86 0 240 1925 641 579 302 1337 860 4 30 934 2343 1696 1518 2649 2680 1939 2067 2055 2557 3289 3748 3750 3750 3750 3695 3680 3693 1829 2714 2579 2385 3001 3506
950 1670 3583 1210 343 1329 2532 1754 1094 1819 2631 1893 1343 251 218 0 124 1694 748 1391 986 1123 3623 2438 458 329 166 0 130 0 321 860 3 205 834 1691 3491 3750 3750 3442 3490 3230 3034 2324 3491 3750 3728 3566 3710 3711 3750 3750 3728 2767 3071 1709 3120 3750 3748 3600
441 1220 1609 262 1294 1674 1495 1023 1124 2268 3263 2793 1305 1245 1352 1971 2920 3119 1441 1420 1119 2249 3725 2170 638 257 37 124 13 105 647 2094 2145 1980 1730 3021 3728 3080 3428 3750 3750 3750 3748 3726 3750 3707 3738 3451 3501 3721 3750 2749 3274 2473 2768 3748 3750 3750 3740 3600
210 1819 1976 1114 1415 1953 1117 2351 2601 3750 3714 3649 3226 3619 3718 2641 3275 2580 3622 2558 617 2327 3306 852 6 0 1537 2174 854 993 1699 3450 2455 3051 2666 2462 2002 2476 3562 3750 3738 3750 3397 2145 3272 3566 3323 3332 3380 3457 3693 3748 3094 2774 3607 3745 2366 2080 3444 2996
460 242 1774 3092 3120 3364 2474 3084 3360 3750 3750 3750 3738 3750 3750 3750 2590 2126 3307 2943 907 18 1506 2703 715 156 3237 2132 1301 1495 2633 2399 1394 1224 1669 2634 2097 3738 3750 3740 3414 3638 3587 2004 2005 3616 2480 3234 3526 2608 2981 3383 3265 3750 3581 2307 400 2719 3190 1174
886 859 292 2651 3629 3662 3118 3201 2692 3055 3750 3750 3750 3750 3750 3718 2669 3356 2195 2230 1599 100 3323 3721 2391 1650 3723 3555 2716 803 3284 3732 3688 1964 207 362 2555 3750 3750 3700 2638 3222 3028 1497 2019 2616 2331 2897 1600 1471 754 1733 3580 3480 3017 873 1623 3559 2485 415
1742 1175 579 219 2356 3748 3750 3351 3744 3750 3750 3750 3750 3750 3750 3746 3438 3726 3744 1534 604 2104 3750 3636 3574 3421 3603 3750 3084 2863 3585 3750 3738 3750 2683 787 904 3734 3622 3554 1667 661 1263 2286 2741 3586 2886 2875 3278 2612 1946 1320 2499 3487 3655 861 1290 760 1065 420
2271 504 880 1432 2497 2995 3750 3750 3689 3706 3675 3750 3750 3750 3750 3750 3735 3750 3126 2061 3441 2059 3750 3750 3746 3630 3603 3717 3750 3328 2163 3391 3750 3750 3739 3567 2412 2321 2758 1021 1123 3263 3494 2469 2962 3491 3519 1164 1010 2289 1769 2590 2481 3662 3741 1079 647 119 1782 2241
2046 3720 3317 3682 3750 3712 3738 3750 3750 3750 3750 3750 3746 3312 3536 3750 3708 3750 3117 2916 3281 3001 2393 3740 3750 3750 3750 3705 3653 2244 1148 825 3395 3142 3098 3750 3555 1018 918 932 607 1982 2743 3239 3446 3749 3546 2323 2471 1521 2971 3750 3750 3750 3741 2525 93 67 91 2833
703 3740 3663 3736 3728 3739 3567 3750 3750 3750 3750 3750 3728 3655 2489 2266 2756 2611 2790 3374 2802 3192 1479 3137 3750 3750 3748 3342 3484 3371 2401 3520 2904 3297 2303 3593 3738 2706 2835 3656 2554 1144 758 2732 3405 3742 3750 3323 3424 3436 3720 3750 3750 3387 2835 3400 2460 2193 2501 3567
1397 2971 3726 3750 3750 3750 3674 3750 3750 3746 3750 3750 3634 3629 2865 2793 2729 1546 1146 453 596 3578 1796 2012 2689 3750 3738 2140 3154 3661 3750 3517 3409 3416 2609 3222 3750 1793 1948 2140 2880 3353 1806 3716 2749 1861 3701 948 1488 1454 3750 3750 3750 3505 3738 3750 3750 3750 3573 3498
2584 1842 3738 3748 3738 3641 3523 3748 3750 3582 3656 3479 3621 2160 2174 3716 1896 22 0 0 29 1159 1764 2037 2498 2351 3750 3419 3637 3119 3390 3199 3738 3719 3299 3750 3750 3637 2978 1644 2615 3488 3553 3390 2626 379 2870 2936 1811 1911 3750 3750 3750 3488 2996 2128 3088 2885 1330 1024
3509 428 3002 2797 3219 3335 2192 3508 3222 3463 3661 3116 2184 3362 3311 3669 3132 2266 1212 8 317 1127 810 2563 3716 2587 2209 3517 2870 3533 2357 3234 3739 3710 3750 3720 3746 2764 1946 2661 3556 3403 3464 3073 2455 2723 2941 3726 2506 3613 3750 3748 3712 1749 168 0 423 723 34 837
2794 47 151 1857 3583 3323 2873 3633 2792 1474 2884 3200 2560 2319 3570 3597 3577 2543 2162 679 169 803 1417 3517 3445 3343 2167 1884 3292 2611 3056 2689 3326 3231 3666 2536 1202 3378 3750 3724 3472 3632 3193 3599 2761 2149 1221 2600 3557 3750 2065 1327 2985 1665 3 105 2236 550 915 1719
2075 62 826 1985 2836 2070 3425 2513 2479 1588 2638 3610 1940 2999 3750 3706 3662 2719 1778 899 62 1819 3115 2321 3249 3309 2992 1282 2311 3028 3158 3678 3688 3732 3694 3745 3009 3648 3708 3750 3750 3750 3750 3750 3601 3322 3471 1508 2786 3497 2145 532 1504 625 153 1362 2395 1631 741 2383
960 1860 2834 2504 2941 2061 2892 2258 1204 2698 2969 3587 2102 1883 3596 3643 3004 877 181 0 0 22 1318 829 1682 1429 1419 700 480 2526 3326 3690 3669 3750 3670 3313 3750 3750 2458 3051 2880 3405 3566 3712 3750 3739 3531 1241 2633 2855 3102 3525 3451 1228 37 468 694 765 929 3559
15 2975 3719 3653 3416 2932 3068 3004 851 2434 3291 3627 3155 3341 3362 3046 2832 1050 395 1883 1608 30 248 1198 1099 2256 1122 805 9 1044 3070 3704 3507 3429 3740 3750 3750 3750 3630 3694 3349 3228 3746 3750 3685 3545 3707 1991 1751 2369 3654 3730 3717 3443 2729 2133 5 52 1900 3598
3006 2276 3266 3750 3750 3748 3738 3504 1683 2856 2808 3098 2751 2315 3009 3405 3750 3305 3482 3332 2815 2258 1428 3202 2398 3264 3746 3713 2423 2283 3663 3657 3746 3750 3744 2248 2565 3710 3604 3154 3365 2707 2703 3706 3750 3598 2828 2695 2273 754 2092 3310 3750 3728 3528 3183 398 1134 3005 3600
2880 3740 3540 3702 3750 3750 3750 3008 2762 2338 2109 2059 2073 2114 1887 3436 3412 3120 2093 3217 3430 2171 1825 1999 2506 3447 3417 2783 3421 520 757 3011 3684 3750 3708 2057 2050 3261 2872 2926 3723 3027 1142 3516 1716 701 2708 3700 3235 913 745 368 1279 3465 3471 2865 305 778 1979 3155
488 561 1649 2547 2709 3750 3750 3750 2995 2275 2654 1985 646 129 466 3132 3523 3001 2241 2671 3750 3619 1545 1676 2533 2892 2622 3122 2277 2577 430 1144 1825 3041 2882 1686 1747 2052 2187 3622 3581 2171 3115 3648 3750 3750 3750 3395 3625 3283 2025 3742 3670 3646 3108 1108 12 26 701 2770
419 0 0 2 1401 2344 3695 3750 3750 3458 1704 1873 2130 62 241 1079 2872 3621 3726 3750 3750 3577 1870 1526 1257 1814 2934 3149 2735 2263 316 3367 3299 2282 1842 954 799 544 526 1474 3121 2910 3479 3643 2493 2347 2946 2915 3746 3364 3288 3738 3750 3706 3549 3284 977 69 0 776
564 0 0 0 1010 3358 2577 3533 3750 3750 3330 388 404 1040 1969 96 57 1178 2634 3272 3750 3750 2892 2897 1313 1744 1976 2639 3172 753 103 530 1637 1784 1070 350 599 0 1279 2052 2787 3203 2277 2043 12 2163 3742 3750 3750 3738 3750 3750 3750 3750 3750 3643 2983 1858 1007 83
1266 61 0 0 1412 3732 3728 2721 2829 2141 810 148 142 58 2597 2116 1085 1333 1431 2108 3471 3750 3750 2267 280 2333 3030 2991 610 218 707 30 990 1136 680 764 869 0 2053 2746 1234 2630 1791 2651 1348 2009 3747 3750 3750 3750 3750 3750 3750 3750 3750 3750 3750 3750 3490 3172
3526 2981 748 674 1618 1644 3075 1997 526 1836 2378 2474 2045 3241 3503 3700 3750 3683 2431 1215 3052 3715 3750 3402 1125 1107 2579 793 17 264 2873 719 32 563 1049 990 118 1485 2804 437 0 1360 3691 3750 3413 3464 3750 3750 3750 3549 3750 3750 3750 3750 3750 3750 3750 3750 3750 3588
3010 2655 1050 1348 3033 3701 3581 2710 1395 2156 1007 813 2476 3529 1615 2026 2792 2961 2279 2287 2732 3693 3307 3148 2735 1083 1551 2070 1505 1132 947 186 1030 2065 588 44 1233 1897 2969 493 163 1686 1922 3750 3745 3724 3467 3750 3750 3750 3750 3750 3750 3750 3750 3681 3690 3546 2837 2264
2831 1270 459 2379 3345 3336 3519 2503 246 49 258 2020 3636 3634 2023 352 72 1099 3714 3621 3457 3589 3039 3139 2843 1995 1082 745 587 1343 242 234 685 433 982 388 2040 898 1660 1944 2228 1560 1893 3277 2807 1669 1731 3675 3708 3750 3750 3750 3666 3750 3738 3750 3668 3517 3158 2946
3600 1922 1156 252 539 2284 2956 2651 1560 521 3086 880 1533 2661 3109 1742 2494 3664 3733 3696 3726 3090 3209 2299 2362 620 1069 553 153 1021 982 540 181 305 3056 429 796 650 1116 1165 1162 922 888 1596 2075 1562 1803 2930 3715 3750 3750 3750 3750 3734 3685 3728 3731 3554 2731 2267
3600 1906 30 171 423 2378 1554 1044 571 1510 2937 1313 865 1226 1317 838 3334 3456 3652 3267 1865 548 3233 2117 357 226 437 1887 152 295 2503 2116 521 808 1347 1056 655 433 2179 853 509 126 193 357 356 1984 107 725 2475 3036 3750 3750 3750 3743 3640 3738 3651 3750 3750 3529
3600 3633 2351 1648 2919 2700 2691 3551 3244 2412 2578 2874 1525 3275 1865 244 665 2061 2626 3449 1119 1216 1204 1673 545 1021 235 1093 32 1546 2375 787 988 1305 556 511 638 839 76 657 1283 4 1902 358 253 673 102 228 25 2347 3708 3750 3750 3730 3336 3640 3718 3727 3575 2816
3600 3544 1349 2268 3333 2640 3544 3750 3653 3015 3355 3065 1083 160 491 1355 430 712 1338 1729 2644 3572 35 91 1035 1062 1165 459 1614 195 367 333 252 482 565 745 1165 1687 63 437 494 1289 1108 2602 2511 1746 277 178 113 1164 1915 2546 2602 3647 2860 2609 3247 3345 2829 602
3600 3750 3077 2963 3445 3545 3735 2556 1744 3193 3377 464 1526 127 202 758 948 1676 3581 3290 2991 3585 1520 780 200 2644 2476 1541 3058 1299 42 90 87 99 951 563 343 247 667 635 2165 1517 2319 2960 1799 962 1159 1195 41 1702 2306 2645 320 2591 3736 3293 3117 3320 445 84
3600 3738 3340 3750 3750 3750 3670 2589 1693 3185 3612 3587 3440 1780 2044 1543 2127 1934 3387 3690 3701 3729 2389 821 1362 1650 1312 2460 3027 142 31 1080 194 7 869 362 1227 363 1064 1348 277 1036 470 540 448 101 1252 2572 883 1761 1001 1129 2471 2798 3750 3380 1819 3632 1492 0
3600 3750 3708 3750 3748 3462 3244 1811 729 2148 591 2644 3315 973 1084 943 1622 1629 1450 2314 3728 2468 1540 2082 2762 3122 1599 2960 587 678 37 0 0 0 0 0 0 69 3195 1416 3220 3404 2315 223 140 47 112 1565 700 858 2293 2368 3617 3738 3253 522 15 914 2975 1575
3421 3509 3365 3739 3577 3730 3674 2426 744 279 346 2292 1741 2174 3195 3722 2492 2791 1515 2984 2867 1636 639 2504 684 222 2344 2369 1806 794 11 0 0 0 0 0 0 0 64 585 3695 3750 3339 1408 211 1154 3007 2225 2672 3247 3750 3750 3750 3750 3463 3051 1180 0 262 2213
3318 3450 3732 3733 3750 3748 3630 879 602 635 872 1059 2700 2224 3064 3301 2259 1968 1032 1310 382 1817 2364 1359 48 920 2201 3346 1222 0 14 0 0 0 0 0 0 0 0 171 3096 3750 3454 3105 3608 3447 3750 3744 3750 3750 3750 3750 3750 3679 2665 1569 605 0 481 2173
3501 3643 3578 3750 3750 3663 3655 816 2293 2756 1197 984 1508 1769 1212 764 937 949 2153 403 518 761 683 790 333 1704 2665 3673 3522 3193 2115 53 731 0 0 411 0 0 0 1929 3511 3750 3750 3750 3750 3318 3719 3750 3750 3750 3750 3738 3750 3750 3097 1278 158 0 2596 3600
3242 2136 2058 3418 3750 3627 3426 2702 2634 3348 1940 2698 3585 3740 3158 3460 2994 768 2116 3102 3151 3160 2252 551 556 2492 3198 3719 3750 3750 3098 2322 2885 955 0 263 740 2462 2208 2370 3750 3750 3728 3750 3750 3750 3750 3620 3628 3750 3750 3750 3750 3593 1665 0 86 624 3742 3600
2504 3075 3296 3750 3750 3738 3750 3750 2859 1446 3685 3748 3697 3579 3050 3627 3168 2466 2905 3750 3718 3726 3736 2450 3215 3704 3703 3750 3750 3750 3746 1638 2392 380 1721 2897 3627 3750 3750 3750 3750 3736 3573 3719 3750 3750 3750 3750 3750 3750 3750 3750 3750 3167 582 0 0 1238 3482 3130
1760 3718 3750 3750 3750 3750 3713 2920 3462 3742 3750 3750 3426 2752 3305 3361 3726 3750 3750 3750 3525 3738 3750 3652 3703 3750 3750 3750 3750 3750 3582 1327 0 1157 3750 3750 3750 3750 3750 3750 3750 3680 3476 3168 2550 3742 3750 3750 3750 3750 3653 3573 3717 3511 1997 8 1182 3493 3750 3578
3119 3729 3750 3750 3750 3750 2757 3737 3750 3750 3750 3750 3750 3502 3716 3558 3746 3750 3750 3746 3732 3750 3750 3750 3750 3719 3750 3744 3750 3750 3588 680 0 873 2570 3750 3750 3750 3750 3750 3750 3750 3077 2581 3347 3666 3664 3750 3750 3680 3092 1514 3328 3746 3663 2988 3571 3748 3655 3502
3600 3750 3750 3738 3635 3750 3716 2938 3693 3750 3750 3750 3750 3750 3750 3428 2391 3130 3717 3750 3750 3750 3750 3750 3683 3621 3670 3363 3714 3731 3750 2645 442 1022 3750 3750 3750 3750 3750 3750 3750 3750 3208 2617 2826 2248 3361 3644 3750 3750 3389 1661 3404 3750 3750 3750 3611 3728 3750 3600
3600 3750 3750 3750 3734 3750 3113 2775 2730 3496 3750 3750 3750 3750 3750 1990 1728 2888 3237 3750 3750 3701 2348 1093 2125 1557 2886 1000 3059 3457 3740 3750 3750 2510 3522 3739 3750 3750 3750 3750 3695 3750 3532 3184 3586 3446 3523 2766 2623 3112 3621 3209 3750 3750 3697 3732 3750 3750 2270 1238
3600 3750 3750 3750 3750 3750 3688 3261 2702 2771 3750 3750 3641 3727 3535 2830 1869 2347 2286 3316 3626 1904 1995 2412 634 330 403 2562 3528 2529 2304 3730 3750 3654 2835 3011 3479 3750 3750 3750 3750 3750 3726 3590 3569 3455 3750 3701 3750 3516 2598 1552 3334 3750 3750 3750 3750 3629 2276 1433
3600 3750 3750 3750 3750 3738 3581 3025 3398 3403 3551 3750 3750 3750 3736 3734 3682 3398 2759 3211 3678 1661 1905 3705 1990 453 2046 3748 2565 993 2500 2515 1101 2539 1975 2425 1544 2335 3750 3750 3750 3750 3750 3732 3631 3528 3655 3372 3492 3512 3087 1547 3462 3750 3750 3750 3750 3750 3650 3460
3600 3750 3750 3750 3728 2910 3035 2171 2559 3237 3579 3750 3728 3750 3522 3502 3670 3439 3706 3639 3521 2473 405 1572 2014 3560 3565 3522 3355 1977 3428 1521 856 2870 2228 1895 1769 2564 2628 3750 3750 3750 3738 3750 3750 3663 3462 3552 3560 3730 3281 3069 3676 3750 3750 3750 3750 3728 3750 3600
3600 3744 3731 3750 3750 3607 2372 923 1860 3460 3738 3552 2831 2781 2611 2405 3284 3539 3694 3531 2244 2570 2260 2572 3500 3750 3750 3750 3528 3255 3524 2022 2408 1806 3589 2515 3220 2448 1838 3312 3750 3750 3746 3750 3750 3740 3739 3750 3750 3750 3750 3750 3716 2658 3603 3750 3679 3632 3715 3600
3136 2020 1219 1370 3159 1058 638 6 14 326 1291 3088 1478 737 1281 404 592 1301 1871 2513 467 45 1179 2269 3750 3650 3750 3696 3074 3652 2503 2486 718 2749 3750 3738 3726 3400 3105 2434 3241 3750 3626 3523 2403 2439 3489 3621 3707 3712 3717 3750 3637 3588 3681 3750 3750 3285 2841 2194
2789 1423 1328 892 791 794 603 102 87 0 0 1011 2944 1906 1933 493 0 134 214 301 8 0 0 896 3564 3310 1708 1079 845 1699 1119 1069 2988 3491 3750 3750 3738 3724 3315 3116 2814 3046 3750 3748 3652 3750 3691 3663 3717 3160 3674 3750 3750 3738 3716 3750 3750 3406 2330 1412
3568 3750 3750 3750 3750 3716 2842 1773 1807 1570 1683 3242 3728 3684 3470 3109 2815 2043 1442 482 1594 433 248 948 3527 3225 2965 1097 101 265 1304 2538 3538 3670 3726 3750 3727 2998 1081 1523 3750 2430 2741 3417 3712 3547 3398 3750 3433 3048 3748 3750 3750 3738 3750 3750 3750 3728 3381 1741
2781 3509 3726 3740 3660 3323 2605 1914 2590 3602 3627 3718 3750 3750 3750 3750 3738 3553 2116 1666 2692 3492 3627 3180 3424 3340 3475 3113 2165 3067 3692 3750 3645 3750 3740 3748 3728 2107 1563 3731 3593 3594 2156 2934 2621 2175 2568 3190 3684 3736 3750 3750 3750 3504 3750 3746 3750 3750 3460 1850
3507 3738 3667 3591 2590 2468 3028 2663 1251 2154 3316 3750 3750 3686 3750 3750 3749 3738 2311 1557 3197 3748 3750 3746 3566 3738 2732 1830 3708 3224 3732 3688 3750 3750 3744 3750 3750 2669 3149 3681 3645 3335 1695 2814 1181 1781 3471 3563 3750 3750 3750 3750 3694 3688 3748 3723 3750 3750 2616 1085
3507 3686 3309 2889 3328 2858 2086 1471 784 1676 3393 3750 3750 3728 3688 3750 3738 2256 878 3416 3475 3612 3549 2983 3502 3246 1503 1479 3013 2941 3745 3151 3420 3750 3453 2155 3352 1777 2936 3044 2858 3074 0 676 1135 1098 3448 3750 3750 3750 3750 3750 3695 3750 3750 3750 3750 3750 1959 1092
3139 2287 2668 3712 3461 3258 2983 3161 3153 3151 3672 3750 3750 3750 3684 3373 3419 3426 1001 2566 2861 2725 3011 2982 2890 742 1021 2210 3300 2480 1702 3187 432 2280 1590 200 557 1489 2803 3383 3294 2506 745 1483 2001 1844 3585 3750 3750 3750 3716 3486 3713 3726 3697 3750 3750 3750 2582 2784
3513 3387 2020 2583 3557 3620 3585 3345 3599 2825 3272 3556 3714 3750 3750 3750 2966 2741 3596 3608 2849 3215 1071 0 451 1130 353 1339 2103 1970 573 203 816 1097 1177 1970 1123 635 1833 2097 3017 1262 28 1443 915 2352 3676 3706 3679 3582 3111 3583 1553 339 2662 3750 3750 3750 3333 3600
3576 3750 3240 1476 2911 3480 3561 3574 3142 3059 3064 2940 2319 3193 2988 2980 3282 2376 3605 3605 3581 2255 2170 314 1577 1758 724 1383 693 2268 2909 1162 1891 3690 2276 2534 1312 669 1487 2358 1519 671 196 2526 654 1742 3028 3698 3038 159 1913 3439 2341 3193 3545 3738 3750 3750 3503 3588
3574 3750 3719 3443 1760 2512 3528 3750 3706 3291 3340 2675 3343 1881 2686 3692 3695 3144 3704 3590 2939 1230 993 1390 2028 2761 3497 3199 2312 1071 2966 2896 3595 3527 1978 1624 1190 155 1398 3194 444 818 50 2961 2769 833 1204 1825 3631 2173 2014 2577 2075 2337 3526 3726 3750 3750 3506 2960
3166 3653 3748 3738 3693 2303 3117 2292 3500 3738 3524 3750 3677 2025 1882 3673 3494 3678 3738 3160 3135 2949 3750 3750 3705 3138 3063 3348 2466 236 1467 2804 3734 2503 1523 679 1263 1900 2252 504 373 614 1104 1114 1729 299 1950 1159 3073 3205 3039 3562 3211 3083 3593 3692 3750 3750 3750 1627
3153 3269 3590 3600 3600 3480 3009 2792 3203 3482 3600 3600 3600 3600 3592 3582 3324 3260 3453 3366 3540 3499 3588 3600 3590 2246 1747 1343 852 55 514 3081 3532 2401 249 1394 1577 2538 2190 2476 2395 733 3170 2532 1782 2261 2897 3530 3409 3546 3598 3204 2671 2407 3536 3600 3600 3600 3429 1812
