data/outputs/Sarzedas de Sao Pedro/2015/resolution_1/CONT_SPEC_1_80.asc
ncols         18
nrows         18
xllcorner     -8.224023584583
yllcorner      39.953368546911
cellsize       0.000719457280
NODATA_value  -9999
2.764219 2.137344 2.784844 3.742969 2.175391 2.734141 2.513281 2.145938 0.642265 1.275859 2.205547 4.629766 5.361172 4.807734 5.666250 5.894687 5.003125 4.774609
1.613125 4.688828 5.027266 5.981328 5.958359 4.802031 2.236250 3.759531 4.428906 4.085234 3.400703 4.055469 5.160312 3.702891 4.900703 3.775078 4.983516 3.212578
3.577500 5.205859 5.957422 5.984844 5.452969 5.143672 4.586484 5.514844 5.852109 4.216484 5.282031 4.408437 2.978359 4.357656 5.009609 4.118672 5.485938 2.842578
4.063281 5.573594 5.551406 5.532656 4.907500 2.507344 1.406953 4.046953 4.774453 5.272188 5.568281 5.139375 4.382031 4.940859 3.844063 4.453828 5.258438 3.493281
2.248750 4.288750 3.737734 4.692891 4.970078 3.221250 0.949609 3.689375 2.822891 4.674062 5.675469 5.269141 5.491641 5.794141 4.177422 4.443047 2.847656 1.596563
4.309453 5.906562 4.559609 4.003203 4.039922 4.468906 4.107812 3.581406 4.539531 3.421484 5.696094 4.511250 5.221719 4.771172 4.766875 3.396328 4.974922 2.492344
0.271406 2.968672 5.544531 2.693594 1.470234 3.400234 5.586953 2.812422 4.226719 1.778750 2.681016 0.964765 3.877813 3.972578 4.709609 5.714219 5.971406 4.408672
3.096875 4.035391 2.978672 2.631094 4.216406 4.005625 5.007031 4.111953 2.072109 1.363359 1.276563 1.893750 1.936250 4.852109 5.177422 5.962031 5.98500 5.92000
3.760078 2.682812 3.296875 3.274375 2.797422 4.343281 3.804922 2.531250 1.033281 2.030469 1.576250 1.186719 1.448125 1.267344 1.765313 4.651562 5.935313 5.872969
5.321484 5.500859 4.366250 4.432969 1.673125 3.062813 4.996797 1.655156 3.235937 0.624921 0.564140 1.013359 1.750234 2.459609 1.584922 1.872656 3.921094 4.551172
5.697891 5.882031 2.630313 2.201250 3.546094 2.71500 2.498906 1.807422 3.868125 0.75500 0.009765 0.131250 3.592656 4.310547 4.090469 5.166641 5.935234 1.887266
4.690625 5.957969 4.725781 5.026719 4.958750 4.366484 5.173672 3.855625 5.768281 4.715781 2.186562 3.962891 5.283672 5.800313 5.931328 5.980625 5.616406 0.824765
5.773438 5.950703 5.242422 6.0000 5.538828 5.153984 5.952813 4.949297 5.076406 5.184687 3.437266 6.0000 5.991406 5.001953 5.383047 5.321641 5.288437 5.626797
5.92500 5.852344 4.649531 5.833594 5.693125 4.898359 4.183828 3.197891 4.350469 3.878516 3.976719 4.194297 5.937578 5.931094 5.734531 5.265391 5.314922 5.982500
4.127578 3.491328 0.983125 3.225312 2.789609 2.419141 1.600937 4.147969 4.13000 3.374297 4.706797 5.307109 4.682344 5.723984 5.623437 5.737656 5.745156 5.953047
5.699219 5.121172 3.373047 5.541484 5.902578 4.588125 4.285547 5.171484 4.280078 4.997578 5.882344 4.863047 5.253203 3.450703 4.681719 5.963125 5.937812 5.991406
4.799219 5.234063 4.891250 5.461797 5.561953 4.585703 5.006484 2.688672 2.071953 3.182109 2.874922 2.076875 4.047109 1.682344 4.624453 5.109844 4.6000 5.947188
5.651016 4.849531 5.266406 5.464766 4.853750 5.523828 4.795703 4.556328 3.98000 2.658828 4.028984 2.268438 2.27500 2.825312 2.833359 4.771250 4.600781 5.879922
