data/outputs/Sarzedas de Sao Pedro/2015/resolution_1/CONT_NORM_1_55.asc
ncols         27
nrows         27
xllcorner     -8.224023584583
yllcorner      39.953368546911
cellsize       0.000494626880
NODATA_value  -9999
26 37 74 50 48 65 27 10 3 41 42 2 15 41 32 19 30 20 65 60 75 79 100 93 67 59 32
34 43 39 34 66 44 21 41 37 36 72 8 3 3 34 28 85 93 91 83 97 96 99 92 75 81 100
20 55 67 70 99 96 96 77 79 29 55 16 59 43 67 53 63 93 97 76 84 83 83 90 90 55 78
31 29 88 91 94 100 100 91 72 41 97 81 96 74 99 66 50 95 57 56 75 69 56 52 92 33 42
63 84 97 100 100 100 88 91 79 81 83 100 97 63 69 85 85 45 36 73 93 75 59 89 95 38 27
62 100 99 99 99 97 73 61 29 43 55 86 84 95 94 85 95 66 78 74 59 65 65 100 94 93 82
46 64 84 88 78 74 86 85 31 15 57 79 76 78 85 96 76 80 92 89 64 77 90 77 33 22 12
35 63 66 60 64 74 87 80 21 11 49 62 33 70 97 97 95 91 91 98 96 62 77 64 23 32 35
66 97 97 71 70 80 78 85 66 56 44 72 67 54 96 97 79 96 85 85 86 77 44 81 95 42 60
31 54 90 95 67 42 26 91 73 93 46 68 79 36 65 78 45 56 83 84 80 90 72 75 90 27 19
7 0 78 91 75 15 34 21 64 99 68 44 71 23 31 32 13 35 70 62 33 98 100 100 100 87 49
74 29 74 52 45 50 76 85 59 85 86 39 43 29 16 27 18 54 13 86 96 99 99 100 100 99 90
60 30 67 56 29 56 67 40 94 91 80 42 22 22 16 32 25 30 38 45 49 71 100 100 99 98 85
84 35 65 68 65 46 38 37 75 45 38 14 19 34 26 23 24 24 17 21 30 9 60 98 96 98 94
97 78 93 78 83 50 21 29 75 85 20 42 53 20 8 16 14 13 32 53 31 27 36 45 77 82 48
97 98 96 52 33 68 52 54 57 82 51 48 56 14 0 0 5 32 69 41 7 48 47 77 96 31 42
92 98 99 44 34 45 56 50 39 22 33 31 77 37 4 1 2 5 85 92 91 99 100 100 90 24 27
74 88 99 82 73 93 88 78 74 92 62 76 98 98 60 25 61 82 98 98 100 99 100 100 64 1 74
87 100 97 92 100 97 91 96 100 99 99 100 99 99 21 60 100 100 100 79 85 99 99 72 91 67 99
98 100 99 76 95 99 98 62 85 94 61 53 67 90 89 77 99 100 100 93 88 88 91 84 100 100 76
98 100 95 80 88 100 98 89 82 76 59 43 88 54 55 70 52 88 100 99 95 95 95 65 100 100 94
84 74 68 22 60 73 50 55 79 42 53 97 97 86 52 80 89 71 93 98 83 99 99 100 91 99 89
78 67 63 27 28 76 71 43 23 17 25 87 35 29 68 98 99 60 85 88 94 97 91 100 98 100 78
92 93 74 53 76 100 100 99 59 86 97 92 72 90 97 100 98 72 94 56 54 89 100 100 99 100 73
81 84 87 79 81 100 98 90 62 83 62 40 55 65 49 50 26 61 80 20 45 100 100 92 82 100 79
97 71 83 94 84 78 81 85 94 74 26 48 46 48 52 72 43 42 37 35 38 82 51 70 73 100 95
90 98 80 80 95 96 74 93 92 83 97 82 65 19 84 46 36 52 28 49 42 65 87 88 82 98 92
