data/outputs/Sarzedas de Sao Pedro/2015/resolution_1/CONT_NORM_1_40.asc
ncols         37
nrows         37
xllcorner     -8.224023584583
yllcorner      39.953368546911
cellsize       0.000359728640
NODATA_value  -9999
25 12 45 78 53 34 65 76 22 17 6 0 6 77 30 2 4 13 47 43 27 18 36 12 21 80 63 70 85 62 100 100 89 78 42 55 17
36 89 34 39 57 44 58 38 28 4 11 27 24 50 63 8 2 14 2 15 12 12 51 96 76 81 69 65 91 98 99 100 100 78 59 79 100
24 35 21 49 29 55 88 66 61 52 82 63 28 67 64 8 15 11 11 57 66 57 84 77 100 100 96 90 98 91 94 100 84 72 95 86 99
13 45 74 79 73 92 100 99 99 98 72 78 56 16 68 14 65 46 45 72 41 48 49 93 100 95 90 56 88 82 85 75 89 93 78 35 77
37 13 62 98 89 82 100 100 100 100 85 85 38 39 99 69 95 89 59 97 95 42 33 95 99 49 52 49 80 77 56 35 61 90 48 53 42
50 35 61 88 100 99 99 100 98 100 99 79 76 69 99 98 98 100 71 64 99 98 80 56 36 46 89 75 92 52 43 54 72 99 57 9 32
56 98 100 99 98 100 100 100 92 73 81 84 83 78 71 100 99 93 81 65 80 75 99 59 76 41 38 89 100 90 90 88 100 95 83 40 46
48 100 100 99 98 100 99 98 81 78 46 22 5 62 54 73 99 73 96 96 94 79 98 72 48 81 73 88 40 61 39 85 100 96 97 100 84
58 65 88 84 85 87 94 78 75 92 68 31 0 27 54 89 62 84 83 77 100 99 95 78 71 92 93 76 61 93 74 99 100 55 6 30 3
41 9 73 76 84 54 71 78 72 98 92 52 10 35 76 89 76 62 73 88 92 96 69 88 100 97 96 95 65 60 91 54 37 28 15 59 24
27 73 78 59 69 42 80 84 66 96 62 8 8 11 32 49 36 15 52 98 95 96 99 96 81 88 96 100 97 57 69 83 86 38 17 15 32
54 89 98 98 95 49 84 82 78 83 83 67 79 32 52 56 82 58 58 98 98 99 73 100 92 82 84 100 94 73 48 65 97 95 88 10 66
59 86 98 100 92 68 58 43 35 74 90 59 92 71 52 78 79 84 36 36 86 96 51 77 80 94 54 80 55 96 78 35 48 92 60 8 43
8 0 17 77 100 96 63 51 11 23 81 88 99 87 35 40 77 75 47 55 66 52 24 16 46 77 88 81 69 87 97 84 100 98 89 18 1
10 0 10 94 81 93 60 5 22 41 14 44 87 100 77 36 60 70 10 7 41 20 20 5 67 69 59 37 58 100 100 100 100 100 99 88 63
88 25 39 68 76 32 54 43 77 92 97 59 57 99 91 28 56 16 24 30 10 24 13 44 41 7 81 98 95 100 98 100 100 100 100 100 99
65 28 71 91 75 16 8 70 88 25 27 84 85 94 82 73 33 33 25 12 28 23 26 43 42 39 55 89 62 88 100 100 99 100 99 95 80
86 16 4 55 63 26 66 28 59 43 85 96 94 64 75 33 22 19 26 31 7 51 12 23 39 23 16 35 39 48 97 100 100 99 99 97 85
96 52 51 69 73 58 81 43 64 20 38 71 66 30 45 15 12 16 35 43 25 22 22 23 14 21 26 8 26 5 19 94 100 96 96 100 97
98 67 81 86 91 72 86 44 7 25 21 61 63 79 12 22 53 48 19 1 2 17 19 17 11 36 52 76 32 16 14 51 48 78 79 89 48
98 93 100 100 72 56 81 84 44 35 55 68 99 93 32 44 43 72 10 12 3 16 11 21 34 35 22 14 7 51 25 35 52 84 81 55 51
93 96 98 96 73 18 14 66 50 69 52 57 75 41 55 34 59 57 19 0 0 0 0 6 32 99 83 16 22 57 52 93 98 100 65 13 28
91 100 100 98 53 32 26 42 57 60 41 31 13 37 29 3 64 78 29 2 0 1 3 0 18 91 93 96 93 100 100 100 100 98 41 6 27
78 72 99 98 72 77 63 78 89 69 49 54 70 78 29 36 85 100 100 57 55 1 16 52 53 100 100 100 99 99 99 100 100 89 23 3 80
71 92 100 100 93 73 96 99 85 87 95 93 98 99 94 98 100 100 98 59 21 69 97 100 100 99 96 92 98 100 100 100 100 86 5 24 93
87 100 100 98 87 100 100 100 93 98 93 100 100 100 100 99 100 98 100 53 7 73 100 100 100 100 82 71 91 100 100 79 67 99 81 95 99
98 100 99 100 76 86 100 100 100 78 64 87 100 97 60 71 71 69 95 97 68 81 100 100 100 99 96 85 82 86 83 93 87 100 99 100 78
98 100 100 100 91 76 98 99 98 90 75 62 93 41 81 20 25 89 47 88 83 69 83 93 100 100 100 96 93 99 96 68 64 100 100 100 76
98 100 100 90 64 79 94 98 99 93 95 95 95 50 44 69 84 92 57 66 43 70 43 61 96 100 100 100 97 93 97 90 91 100 100 99 100
89 70 88 65 17 32 72 74 46 42 57 76 65 38 67 99 100 96 91 66 37 93 85 75 68 98 98 93 78 100 100 100 99 84 100 98 90
70 47 41 38 13 3 2 68 56 42 10 19 4 0 14 96 57 22 33 36 84 100 100 94 72 75 95 95 100 97 88 95 100 100 100 99 72
86 100 99 92 59 76 88 99 100 95 94 58 49 67 65 89 92 52 59 92 97 99 100 55 66 98 66 80 75 83 98 100 100 97 100 100 85
96 98 82 69 54 35 82 100 99 100 99 55 71 98 94 96 69 73 87 95 99 98 98 72 93 92 41 44 58 96 100 100 100 99 100 100 63
83 71 97 86 81 65 99 100 100 95 90 44 83 80 71 62 18 73 72 67 40 51 19 35 83 85 24 41 49 100 100 99 93 92 99 100 73
97 69 75 91 93 87 83 82 89 87 78 93 90 80 8 39 15 33 51 22 47 54 52 31 52 49 7 40 60 99 75 66 74 48 97 100 95
97 99 73 69 99 94 84 86 52 92 90 95 87 47 48 66 89 77 42 74 90 66 32 16 52 12 9 80 20 50 80 53 75 72 98 100 92
84 97 97 84 68 90 97 98 86 94 89 94 90 96 98 93 51 48 6 55 89 23 38 65 53 35 57 42 47 71 91 93 83 77 97 98 94
