data/outputs/Sarzedas de Sao Pedro/2015/resolution_1/CONT_SPEC_1_65.asc
ncols         23
nrows         23
xllcorner     -8.224023584583
yllcorner      39.953368546911
cellsize       0.000584559040
NODATA_value  -9999
1.385325 3.186864 3.839882 2.252426 4.268284 2.178462 0.539053 0.424497 4.060947 0.301065 1.218225 2.723669 2.266864 1.934320 1.197870 2.959290 3.722130 4.684379 5.310533 5.905325 4.320947 3.571479 2.596805
2.322959 1.830059 2.606864 3.060355 3.592189 1.824260 2.816450 2.159645 4.150414 0.873491 0.432899 0.721656 2.378107 3.203550 5.580355 5.639053 5.004852 5.814201 5.714438 5.755030 4.849586 4.994083 5.881302
1.284970 4.171716 4.704852 5.263669 5.958817 5.970888 4.677160 3.756686 2.805562 2.015740 4.284142 3.145680 3.992189 2.603314 5.188402 5.560710 4.255030 4.418698 4.565562 3.981065 5.348639 3.115030 3.953846
2.728166 3.248047 5.794201 5.973728 5.982249 5.941657 5.915858 4.018817 4.716805 5.824615 5.847219 4.213728 5.447456 4.614793 3.781657 2.538107 4.211953 5.339172 3.297278 3.458225 5.319408 2.182130 1.624142
4.156213 5.981065 5.930178 5.979763 5.966391 4.734320 4.16000 2.930296 4.002604 5.335030 5.250296 5.244734 5.238817 5.035385 4.159882 3.796331 3.790888 4.902604 3.977633 5.396568 5.768047 4.946391 4.542130
3.158462 4.886036 5.222130 4.999408 5.056686 4.860237 3.894675 0.630295 1.988284 4.770178 4.718935 4.865325 5.390059 5.363669 4.858698 5.062367 5.328994 3.428757 4.794083 5.149349 3.962604 1.934320 1.256331
2.283787 4.176450 4.178698 3.253254 4.547219 5.156450 4.020710 0.927100 2.126272 3.537515 2.186154 4.247692 5.840473 5.850533 5.381183 5.532899 5.895148 5.628757 3.801775 4.104024 2.508994 1.694320 2.536213
4.456686 5.942604 5.802604 3.740237 4.357041 4.338817 4.994201 4.534556 2.713964 3.933491 4.583550 3.166746 5.843432 4.943905 5.232071 5.215503 4.724142 4.429112 4.151953 2.960947 5.223432 2.956331 3.725444
0.636568 2.259290 5.448994 5.225562 2.431953 1.043314 4.192426 5.270296 4.184970 3.185207 4.679527 2.270296 3.740473 2.538343 2.006864 4.381420 4.788876 4.559290 5.633728 5.326272 5.880828 2.975030 0.980473
2.373609 1.622840 4.857278 3.281065 2.058817 3.931124 3.492426 3.738225 5.924852 2.550651 2.856568 1.277041 0.888994 1.346746 1.837515 2.354320 4.549349 4.516095 5.981420 5.971006 6.0000 5.979882 5.382604
3.329822 2.993491 5.173254 1.574083 2.927692 3.984379 3.077870 5.242722 5.160118 3.486864 1.813373 1.395858 0.934082 1.295148 2.622959 2.115976 3.636095 4.008284 5.773846 6.0000 5.977278 5.850888 4.724379
4.442130 2.291479 3.792308 3.580473 3.168757 2.330414 3.139053 4.382840 2.913373 1.325089 1.224142 2.036568 1.566036 1.384852 1.610888 1.093018 0.968284 1.332899 1.464024 5.633373 5.877751 5.869822 5.474438
5.611124 5.173491 5.305680 4.577515 3.924024 1.629941 2.357633 4.843669 3.804260 1.864852 3.264615 1.012308 0.312071 1.005917 1.058698 1.573254 2.751006 1.455266 1.631124 2.879172 3.977041 4.741775 2.599172
5.665325 5.860355 4.867337 1.203787 3.256686 3.411716 3.767929 3.441657 2.854320 2.819408 3.459172 0.536094 0.0000 0.0000 0.787455 3.967219 3.563669 2.206391 3.589231 4.910296 5.941538 2.318935 1.827574
5.062367 5.717515 4.944260 3.703432 3.264024 4.012544 2.415266 2.763787 2.744379 1.728284 5.357515 4.073728 1.863550 0.292544 1.722130 4.757988 5.989112 5.850414 5.940355 5.997160 5.520118 0.650414 3.768521
4.914556 5.982367 5.609231 5.256568 5.904260 5.230414 5.751124 5.935858 5.932308 5.824615 6.0000 5.768639 1.084260 5.085917 6.0000 5.982959 5.301065 5.749349 6.0000 5.375976 5.385444 2.076450 5.446272
5.907692 5.966154 5.435740 5.388047 6.0000 5.802249 4.034320 5.909349 5.040947 3.988757 4.407456 5.682604 3.677751 5.611716 6.0000 5.986982 5.209941 5.229349 5.334438 4.894793 5.900828 5.938462 4.803195
5.907692 5.988402 5.127456 4.926982 5.948402 5.838462 5.064260 5.284497 3.206391 2.900592 4.830888 3.756331 3.486272 3.734320 4.500118 6.0000 5.952663 5.714793 5.687337 4.378462 5.833136 5.994793 5.479763
4.063314 3.539645 1.773491 1.782604 3.860828 2.785917 2.588521 3.186864 1.704142 5.422130 5.199527 4.630296 3.294675 5.604379 4.900118 5.207456 5.843077 5.347456 5.919408 5.924024 5.616805 5.977988 4.856686
5.605562 5.541302 3.943195 3.249704 5.075740 5.273254 4.207574 2.304379 2.809467 5.118580 3.355858 2.917160 5.398817 5.979527 4.056805 5.029704 4.700828 4.825444 5.539527 5.865799 5.933254 5.992189 4.632308
5.355740 5.106036 4.213491 3.387692 5.964970 5.885444 5.330414 3.597988 5.641657 5.063077 3.397396 4.946746 4.917870 4.217633 4.125799 5.268757 2.235266 3.298107 5.976805 5.962130 5.946272 6.0000 3.946036
5.339882 4.195148 5.698343 5.191006 4.979645 5.470296 4.811598 5.629586 2.809112 1.524970 2.282249 2.884024 2.674675 3.003314 1.667219 3.411361 1.789467 3.052663 5.174438 4.190296 3.575148 5.989112 5.729349
5.531479 5.592781 4.670296 5.421775 5.702012 4.450178 5.605444 5.389941 4.664734 5.180355 4.140592 1.637515 5.188047 1.855503 2.932071 1.971953 2.706272 2.830888 4.462959 5.090059 4.637278 5.853491 4.985089
