data/outputs/Sarzedas de Vasco/2015/resolution_1/CONT_SPEC_1_50.asc
ncols         30
nrows         30
xllcorner     -8.222016814931
yllcorner      39.947705019877
cellsize       0.000449660800
NODATA_value  -9999
2.583400 3.235200 4.654800 4.171400 4.493400 3.843400 5.640600 4.472400 2.227200 1.906800 1.83400 1.06600 1.715800 1.083800 3.559800 0.53000 3.373200 5.677200 5.233200 5.83200 5.80200 5.88000 5.879200 5.844800 5.338200 5.103800 5.879400 5.499600 4.024200 3.99200
1.911800 3.075600 4.65000 2.119600 5.030600 5.802400 5.104800 4.246800 1.800200 0.861400 1.452400 0.76400 1.872200 1.254600 1.843600 2.570400 1.69600 3.363600 2.596600 5.308600 5.992800 5.956400 5.981600 5.979200 5.423600 3.18700 4.915800 3.664200 1.74100 5.176200
3.63000 2.707800 2.806400 1.742800 4.144400 3.950600 2.262800 1.77600 0.739600 1.118800 2.583600 1.749200 1.483800 1.177200 1.42900 1.405800 0.930800 0.728800 1.349600 0.982600 4.734600 5.99800 5.782800 5.871200 5.947400 3.566800 3.286400 2.826600 4.354200 2.760600
5.083400 2.63300 0.415200 1.462600 3.156200 4.287400 3.739200 0.704400 3.218800 3.095800 0.759200 0.122800 0.83400 1.21200 0.904200 1.359600 2.607600 3.894600 1.685600 0.850400 2.811400 3.110800 4.964400 4.952400 3.92300 0.231600 0.395200 3.756800 5.71600 5.799800
3.414200 4.923200 2.66700 2.755400 3.271600 5.17300 3.989600 3.116200 2.887400 3.492200 0.53500 0.465400 0.13100 0.488200 1.78100 2.68100 3.266400 0.522200 0.437400 2.486600 2.32500 3.95900 5.493600 2.00200 3.41000 1.161600 2.699400 5.764200 4.266800 4.075200
0.855600 2.99900 4.093800 4.535400 2.718400 2.530200 2.550200 1.550400 2.099400 3.788800 0.350800 0.0000 0.0000 0.0000 0.0000 2.896200 5.84600 3.777200 4.806400 5.132800 5.926200 6.0000 5.43500 2.508400 0.373800 4.512800 5.872200 3.33000 3.266400 4.50100
3.969600 3.958600 4.31200 3.610200 2.287600 3.357600 3.28400 1.000400 4.173200 5.934400 5.408800 2.864200 0.503400 0.856600 2.447600 4.636800 5.986400 6.0000 5.864400 5.899200 6.0000 6.0000 4.710200 0.645800 2.734600 5.871400 3.232800 1.518400 1.657600 1.327800
5.102600 5.880400 4.974800 5.640600 5.613800 5.894200 5.971800 5.639200 5.983200 5.995200 5.94200 2.021200 3.024600 5.817600 6.0000 6.0000 5.805800 5.150200 5.96700 6.0000 5.960200 5.651400 4.299200 0.672600 4.83500 5.75200 5.999200 5.93600 5.801200 5.812800
5.88000 6.0000 5.976800 5.106800 5.650200 6.0000 5.991800 5.903600 5.88700 5.714800 5.896800 2.070400 3.089200 6.0000 6.0000 5.97800 5.553600 4.58600 5.067400 5.794400 5.72300 4.08100 5.999200 5.81800 5.986800 5.794400 5.636800 5.990800 5.99600 5.88000
5.299800 5.958800 5.887600 3.586200 4.172600 5.656200 3.708600 2.476800 1.694400 3.991600 4.521200 5.906200 5.078200 5.401400 5.999200 6.0000 5.945600 5.585200 5.61400 5.314600 5.101200 4.352600 5.969600 5.990400 4.914800 2.161200 2.262800 3.821800 5.56700 5.129400
5.418400 5.922400 5.863600 5.82700 5.498200 5.64500 2.554600 3.548800 4.27300 5.450400 3.68500 2.395600 3.684600 3.283600 4.307600 6.0000 6.0000 5.98400 5.824800 5.63000 5.626400 4.892400 6.0000 5.999800 5.934800 5.929200 1.935200 4.453200 5.550200 5.058200
2.856200 4.216800 2.61600 2.20600 3.618600 3.13700 2.227800 4.796400 5.913400 5.454800 5.213600 2.973400 4.752800 5.258200 4.514600 4.873600 5.963200 5.40800 5.226400 5.92800 5.92100 5.968400 5.392400 5.975800 5.301600 3.948800 3.242800 5.953200 5.481400 3.813400
1.79400 4.511400 4.836800 3.162800 1.783600 1.28400 0.748600 3.384400 4.573800 1.203800 1.67900 4.214400 5.850800 5.974400 4.332600 4.52600 4.616200 5.631800 5.685800 5.854600 5.477200 6.0000 5.890800 6.0000 5.409600 3.321200 2.964600 4.847600 4.56900 5.362800
4.663200 5.992600 5.960800 6.0000 4.733800 3.697800 5.958800 5.69600 5.377200 4.398600 5.46900 5.917400 5.969200 5.994400 4.09600 5.778600 4.165400 3.68600 3.954400 5.651200 5.983200 5.979600 5.958400 5.986800 5.324600 3.22700 4.718600 5.476600 2.707600 4.84500
4.755200 6.0000 5.959600 5.64800 3.140200 4.969400 4.896200 4.441800 2.191600 3.982400 4.238200 3.614400 3.882400 2.025800 3.012200 5.113600 2.694400 2.04200 3.852200 6.0000 5.991200 5.70100 5.751200 6.0000 5.164800 4.688800 5.995200 6.0000 5.963600 5.872600
4.82600 4.831400 5.407400 5.29300 4.982200 5.560800 3.63800 1.010400 1.847400 2.183800 3.250200 1.806600 3.763800 2.940800 1.917200 3.41500 0.76200 2.482800 3.712200 5.62900 3.102400 4.26000 3.915600 6.0000 5.77100 5.95000 5.958800 5.979600 5.836400 5.183400
5.53400 5.50700 3.421400 5.810800 5.750200 5.176400 3.881200 4.733400 5.197800 4.484600 1.807400 5.294800 3.600600 1.973400 2.406800 1.759200 1.237200 3.23100 2.052200 3.809400 4.541600 4.888200 4.873400 5.935800 5.988400 4.306800 5.80400 5.835600 5.66400 4.643400
5.448400 5.760200 5.999200 5.842200 5.09400 5.3000 5.933200 6.0000 4.241200 3.798600 1.657400 4.783600 2.60600 2.438400 3.405600 5.161600 3.858600 2.440200 4.225800 5.82300 5.814600 5.481200 5.316400 5.721800 5.75700 4.978200 5.992800 5.546400 4.84200 3.189400
5.643200 5.62800 5.967600 6.0000 5.97600 5.956400 5.949200 5.977600 5.879400 5.160400 3.138400 1.321400 1.36200 2.205400 4.480400 5.02000 5.200600 4.623400 3.937600 5.606800 6.0000 5.76800 6.0000 5.901400 5.986200 5.321400 5.661600 5.502600 5.442200 5.479200
3.931600 3.762600 4.878800 5.78400 5.327400 5.244600 5.894400 6.0000 5.927600 5.352800 2.147800 3.23100 3.883200 5.833600 5.977600 6.0000 5.781800 3.207400 3.545800 4.344800 5.88200 6.0000 6.0000 5.983400 5.80900 4.038800 5.884600 5.45600 4.234800 4.645200
3.468200 2.313600 3.48800 4.20800 1.592600 4.424200 4.90600 5.995200 5.462800 5.301800 4.90500 4.798600 5.045400 5.68100 6.0000 6.0000 5.999200 5.737200 5.977200 5.660200 5.619400 5.225400 4.99600 6.0000 5.154600 4.712200 5.986400 5.666800 5.059400 3.009200
2.186800 3.773600 2.327200 2.861600 1.410800 3.444800 3.135200 5.59700 4.814800 4.956600 4.486800 5.688800 5.795200 4.80800 5.814200 5.157400 5.629200 5.565800 5.76000 5.961200 5.926400 5.037200 5.59900 5.944800 5.198400 5.904400 6.0000 5.56300 3.36900 2.724600
2.974800 2.695800 2.363800 4.204600 5.97000 5.698800 5.820200 6.0000 5.464800 4.95600 3.812600 5.298800 5.694200 5.681800 5.37900 4.494600 5.980800 5.253400 5.655600 5.977200 5.761400 4.224600 5.729200 5.59800 4.400800 4.830200 5.521600 6.0000 5.85800 5.011400
5.35500 5.675400 4.076400 3.914400 4.82600 5.98500 5.998400 5.79800 5.482600 5.81300 5.930600 5.98200 5.971600 5.78100 4.200600 5.396400 4.309800 2.333800 4.02500 4.937400 5.530600 5.371800 5.968800 5.692200 1.895600 4.10400 4.15100 5.442800 5.983200 5.33200
2.659200 2.347800 3.942800 5.013400 5.422600 4.164400 5.942200 3.546200 4.964800 4.724800 5.955400 5.338800 5.859400 5.917400 5.47400 5.981600 5.99300 4.855200 5.128800 5.999200 5.83900 5.677200 5.905400 4.986400 1.480400 2.518400 4.690800 5.977200 5.292200 3.033400
0.656400 3.019800 5.072600 5.946800 4.853800 2.242600 3.407200 3.72200 3.334200 5.091400 5.610400 3.757600 5.188200 5.995200 5.991200 6.0000 5.901800 5.26800 5.100400 5.979200 5.925600 5.934400 5.764600 4.672200 4.798800 2.888800 5.593400 5.826200 5.140600 3.962400
3.079800 4.416600 3.178200 5.06500 5.53800 2.446200 2.383400 4.952200 3.639800 5.918600 6.0000 5.980400 5.283600 5.969200 3.401200 5.228200 5.811200 5.801800 5.243600 5.969600 6.0000 6.0000 4.689200 2.625200 0.788400 3.000400 4.26000 1.774400 4.518200 4.485400
2.650400 2.592800 4.223200 5.00200 5.284800 2.245200 2.56900 4.930800 4.958800 4.06600 5.260800 3.611800 3.27700 5.783200 4.218400 1.57900 4.285800 5.684200 5.959200 5.795800 5.984800 5.371600 2.295600 1.49500 1.43900 4.02000 2.214800 3.872400 5.729400 5.18900
0.71600 2.895200 5.847400 3.716200 2.827400 2.46800 3.205400 4.180200 3.456200 4.715200 2.410800 2.703800 1.36900 2.06400 3.569800 1.772400 4.49700 5.805200 5.89400 5.479400 4.937800 3.292600 3.995800 3.353600 3.050800 4.430400 4.123800 4.237200 4.127200 2.857200
1.338400 2.42500 4.239400 3.01400 0.758800 3.682800 3.340200 3.309200 3.421800 4.239200 0.154200 2.783800 3.559800 0.904600 2.24400 4.22100 5.25800 3.049800 4.31000 4.48900 3.710400 5.702400 5.843600 4.786800 3.573800 1.24600 5.672200 5.854400 2.91100 1.788800
