data/outputs/Sarzedas de Vasco/2015/resolution_1/CONT_TOTAL_1_20.asc
ncols         75
nrows         75
xllcorner     -8.222016814931
yllcorner      39.947705019877
cellsize       0.000179864320
NODATA_value  -9999
[rows 0 to 43 of 75, columns 0 to 74 of 75]
1146 1124 1705 1576 1665 2116 2216 2099 2230 2280 2280 2144 1089 1036 2007 2278 2280 2280 2028 821 252 1272 1204 78 9 22 1014 1578 307 14 224 401 708 706 2 1049 1806 1050 124 0 735 2012 2280 2280 2060 2072 2280 2280 2280 2280 2085 2280 2280 2280 2280 2280 2280 2280 2280 2280 2280 2280 2268 2280 2280 2280 2280 2280 2153 1456 1396 1232 874 722 22
1651 840 944 295 1503 2286 1167 1581 1695 2127 2133 1580 1097 1283 1544 2321 2242 2196 1771 1783 737 183 1409 1413 960 852 441 223 0 264 1385 107 421 0 616 981 2271 1553 76 0 633 836 2372 2400 2399 2384 2398 2400 2400 2388 2400 2400 2400 2400 2400 2400 2400 2357 2400 2400 2400 2396 1512 1773 2400 2400 2400 2400 2400 2400 2396 1465 2012 2392 2210
129 0 316 1713 2286 2388 1747 96 31 190 270 1806 2348 2207 2216 2396 2084 1715 2022 2183 1604 934 1099 850 628 655 397 509 525 1191 732 902 303 218 1652 777 888 1025 436 655 1140 1001 1798 2209 1685 1267 872 1762 2400 2400 2400 2400 2400 2400 2311 2400 2400 2388 2400 2356 1991 1982 1430 1838 2132 2353 2400 2400 2386 2386 1844 922 2253 2400 2280
161 755 250 1352 1654 2075 2286 1812 614 499 1596 2367 2400 2400 2382 2308 2094 2085 1961 1510 1142 373 188 16 92 1476 409 22 0 0 88 948 940 71 1100 805 288 897 2207 1810 1053 1128 1200 1951 2189 1827 1619 2299 2263 2398 2400 2400 2400 2400 2381 2400 2400 2400 2367 2400 2400 2298 2047 1739 108 1047 1984 1991 765 467 338 147 1950 2400 2280
422 1975 2044 650 866 1228 2254 904 870 2204 2352 2400 2279 2338 2375 1709 1784 2026 1524 1264 232 555 1019 683 63 190 649 1200 456 402 29 1738 1351 86 95 340 768 1071 222 166 376 360 55 473 654 125 330 505 1801 2400 2400 2382 2400 2400 2400 2400 2376 2378 2390 2400 2223 2370 1242 1349 617 1631 2339 2278 1863 1162 990 395 796 1712 1910
573 1730 1527 394 495 748 487 777 779 2096 2060 2394 2051 2227 796 119 1223 2257 608 102 228 88 352 1140 52 52 1401 1346 1251 230 296 693 571 891 467 272 939 1388 298 373 155 18 492 72 153 1516 599 13 811 1370 1681 2396 2400 2400 2400 2400 2357 2300 2364 2334 2400 2399 2400 2345 1723 1833 2131 1631 1131 469 1326 1153 1362 1575 993
987 1742 1817 1220 1155 2370 2234 358 84 508 1496 1883 1856 1960 236 618 450 1284 770 75 511 316 462 711 9 526 2033 1138 657 505 929 599 582 485 343 326 33 195 398 1131 46 463 1406 2 27 244 201 264 8 0 1234 2338 2400 2400 2400 2400 2140 2250 2376 2388 2400 2356 2342 1664 29 237 1862 1281 1343 1526 2362 1765 701 542 692
1643 2316 2227 2169 194 221 473 506 626 134 121 870 768 1874 2201 2363 770 118 307 881 428 389 215 408 797 125 891 367 163 521 480 35 543 282 987 1700 433 81 576 233 607 540 693 830 1624 1701 180 20 0 0 360 2085 1477 2397 2400 2400 1931 2027 2270 2322 2175 2034 1712 224 116 33 685 709 531 2241 2337 2400 2281 1901 2276
1827 2400 1349 736 1565 301 107 860 544 186 1146 1212 1901 1218 894 2256 1046 337 72 372 1281 1879 1003 337 1277 305 0 0 0 0 69 296 735 234 349 146 233 0 579 625 589 807 2109 2250 1547 1048 194 927 137 65 1010 914 411 984 250 1732 2344 2026 1338 1977 2356 1618 426 163 18 20 154 608 599 2345 2138 2232 2400 2400 2280
1535 2400 1743 425 973 183 49 62 323 1057 776 2048 2225 2284 2354 2378 1725 936 24 121 1291 1961 796 2142 2366 1206 138 98 58 31 36 371 936 335 231 53 487 514 497 1243 1203 1731 826 1733 485 51 856 944 1025 0 932 1838 2023 1870 640 1300 2390 2400 2197 1969 2400 825 50 0 0 8 8 246 1641 2400 2257 2326 2400 2392 2089
1934 2366 2239 2395 2366 1345 1627 1723 966 1294 1146 1875 2278 2400 2360 2369 2159 956 715 1120 697 1249 355 2062 1856 46 0 332 739 95 0 105 411 25 1008 421 532 445 1074 220 704 186 127 373 244 89 141 1085 1914 497 1002 729 357 640 1634 1580 2398 2375 1874 776 2263 2038 252 0 84 28 0 1421 2400 2400 2400 2343 2139 1913 1757
1729 869 768 2279 2222 459 784 620 354 1203 980 739 672 1841 2400 2021 861 668 2001 2200 1942 1698 733 1774 161 177 97 0 0 0 0 0 0 0 0 36 1443 1806 841 2012 2214 1570 632 18 102 65 22 59 1109 340 165 889 1564 1189 2370 2388 2386 1456 18 2 481 1835 1619 564 0 730 1609 2342 2400 2391 2019 1310 1037 1582 1250
286 158 198 1795 892 1108 1577 1984 2222 1317 1167 1672 1414 1856 2355 1391 161 948 1995 368 333 606 2145 1811 1094 972 395 0 0 0 0 0 0 0 0 0 241 579 700 2400 2400 2400 1580 317 5 33 697 1791 1250 1081 1389 2400 2400 2400 2400 2400 2398 1740 1357 340 6 86 1258 2067 915 2398 2400 2400 2370 1419 1230 846 1843 2145 1826
1 10 1106 1806 1815 1231 1902 1905 2398 1893 2239 1476 1162 1726 613 1168 1343 815 1886 17 175 800 2062 1435 928 44 0 0 0 0 0 0 0 0 0 0 0 0 753 2237 2400 2400 1198 1818 1107 1631 2296 2281 1815 2322 2400 2400 2400 2400 2400 2400 2388 2054 1797 898 13 0 0 1678 2392 2400 2400 2358 1631 1666 1465 1593 2087 1829 1960
607 494 497 309 1345 1024 2124 1680 1744 650 634 535 308 245 146 1129 1017 587 124 2 353 1815 1372 2170 1052 87 397 0 0 0 0 0 0 0 0 0 0 0 563 2097 2400 2398 2173 2400 2368 2067 2378 2400 2400 2400 2400 2400 2400 2400 2400 2398 2249 598 254 79 0 297 1301 2171 2331 2398 2400 1390 503 315 636 1094 840 1686 1450
2097 955 1012 615 1218 1108 1010 197 555 762 707 1380 983 36 396 378 829 292 508 287 771 2110 1899 2341 2382 2347 2348 330 100 644 20 0 243 181 2 0 0 212 1648 2257 2400 2400 2400 2400 2400 2145 2338 2400 2400 2400 2400 2400 2400 2400 2400 2400 2257 1752 822 51 0 642 2400 2400 2400 2373 1702 42 89 0 22 47 115 218 456
2091 1719 955 1837 2304 2400 2246 1692 2312 1929 470 1044 1650 2094 1850 1949 1625 710 323 298 1264 1634 2224 2400 2400 2400 2400 921 1746 1649 755 0 23 181 213 1251 1424 943 1577 2400 2400 2400 2400 2400 2400 2400 2396 2400 2187 2370 2400 2400 2400 2400 2400 2398 2173 236 14 69 0 1972 2400 2388 2400 1675 194 166 320 324 676 571 166 170 588
897 1941 2234 2400 2347 2273 2198 2181 2376 1731 877 925 1938 2400 2398 2400 2394 1832 633 1520 2351 2388 2297 2400 2400 2400 2400 1884 1730 2142 550 91 685 1209 2170 2400 2400 2400 2400 2400 2400 2366 2268 2400 2400 2400 2382 2400 2393 2400 2400 2400 2400 2400 2400 2029 702 0 0 0 284 1996 2247 2179 1966 1919 2186 2108 2386 2394 2346 2110 1997 1912 1892
1514 2296 2400 2400 2400 2355 2149 1719 2276 2388 2400 2400 2400 2400 2172 2342 2400 2400 2289 2400 2400 2400 2400 2400 2400 2400 2324 2353 491 442 202 1787 2400 2400 2400 2400 2400 2400 2400 2400 2310 2295 2370 2303 2286 2400 2400 2400 2400 2400 2400 2400 2400 2400 2400 2332 1863 16 0 0 958 2378 2280 2353 2400 2400 2400 2400 2388 2298 2210 2313 2290 2400 2124
2280 2400 2400 2400 2170 1207 2227 2331 2340 2388 2400 2400 2400 2378 2388 2400 2388 2378 2378 2388 2369 2400 2400 2388 2400 2400 2332 2158 253 0 522 2278 2400 2400 2400 2400 2400 2400 2400 2400 2400 2343 1877 1862 1479 2318 2400 2400 2400 2400 2400 2400 1915 2103 2212 2364 2101 579 143 1524 2400 2400 2344 2400 2400 2400 2400 2400 2378 2376 2400 2400 2400 2400 2280
2280 2400 2400 2400 2400 2354 2388 2230 2400 2396 2400 2400 2400 2400 2400 2400 2400 2400 2400 2388 2400 2400 2400 2394 2400 2400 2390 1553 22 0 143 701 2350 2400 2400 2400 2400 2400 2400 2400 2400 1966 1825 1544 2325 2313 2310 2400 2400 2400 2400 2250 1172 1349 2191 2400 2400 2382 2200 2302 2400 2388 2307 2360 2388 2400 2400 2400 2400 2377 2400 2400 2400 2400 2280
2280 2400 2400 2400 2400 2400 2400 2400 2288 1291 1738 2377 2400 2400 2400 2400 2400 2400 2400 2350 2400 2378 2348 2129 2400 2400 2400 2369 898 0 0 2269 2400 2400 2400 2400 2400 2400 2400 2400 2400 2298 1789 1521 1694 1314 1786 2355 2400 2400 2400 2400 1241 870 2238 2400 2400 2400 2400 2260 2400 2400 2400 2400 2400 2400 2400 2400 2400 2400 2400 2400 2400 2400 2280
2247 2400 2400 2400 2400 2400 2400 2243 1079 1427 2135 1990 2388 2400 2400 2400 2400 1362 1662 2178 1981 1633 1641 1239 2249 2115 2388 2400 2386 2093 1575 2019 2400 2400 2400 2400 2400 2400 2400 2345 2400 2342 2061 1935 2289 2257 1975 2068 1608 2039 2214 2400 2216 2400 2400 2400 2400 2324 2400 2400 2400 2397 1452 1305 1096 784 1639 2353 2388 2124 2366 2390 2400 2400 2280
1881 2400 2400 2400 2400 2400 2400 2376 1308 940 1957 1101 2306 2368 2400 2185 999 1183 508 500 291 556 1142 1064 1978 2374 1888 2269 2400 2400 2238 1148 2080 2400 2400 2400 2400 2400 2400 2400 2400 2400 2388 2198 2400 2376 2273 2331 2085 1967 1882 1999 1913 2005 2338 2400 2400 2376 2400 2400 2400 1778 470 1054 946 673 560 1038 932 906 2012 2121 2268 2013 2259
1266 2396 2400 2398 2299 2394 2125 2400 1611 1345 1953 1118 1572 2037 2262 1272 333 2394 1437 453 310 38 983 2265 2203 1336 572 2325 2251 2361 2400 2337 2093 1727 1845 2398 2400 2400 2400 2400 2400 2400 2398 2228 2177 1879 2342 2400 2400 2400 2398 2014 571 759 2127 2400 2400 2400 2400 2400 2400 2143 1332 1266 865 1233 739 1263 1627 2047 2400 2265 1908 1445 2145
2105 2233 2400 2400 2400 2400 2400 2400 2400 2390 2301 2009 1882 2259 2338 1656 172 2353 2291 1284 405 797 2092 2400 1529 839 700 2311 906 374 1413 1165 1120 1565 981 975 2286 2400 2400 2400 2400 2400 2400 2400 2360 2400 2331 2388 2028 2230 2117 2311 1317 1468 2325 2400 2400 2400 2400 2400 2400 2368 2319 2376 2339 1135 1634 1126 1636 1526 1747 2049 1918 1007 2037
1900 2151 2315 2400 2362 2400 2323 2390 2400 2364 2181 2347 2339 2304 2229 1959 529 791 1340 1152 2326 2144 2199 2343 2261 986 1908 2378 269 433 1737 1263 1581 381 812 1825 1037 2400 2400 2400 2400 2400 2400 2400 2400 2388 2390 2283 2178 2291 2368 2400 1577 2068 2348 2400 2400 2400 2400 2400 2400 2388 2400 2400 2384 574 168 892 2021 2391 2380 2400 2400 2364 2280
2173 2345 2378 2169 1819 1796 1890 1640 1798 1983 2159 2345 2389 2376 1870 1431 1105 315 1326 1943 2390 2400 2400 2351 2210 1664 2298 1962 1549 1597 1157 2250 2340 2261 2391 1821 1094 1599 2400 2400 2400 2400 2400 2400 2400 2378 2153 2400 2400 2400 2400 2400 2400 2400 2398 2100 2119 2400 2400 2341 2272 2400 2400 2400 2400 956 524 1168 2264 2400 2356 2400 2400 2400 2168
1124 1851 2197 2236 1546 1723 1166 957 1463 1696 1854 2168 2188 2280 665 705 1478 1796 2227 2400 2400 2400 2400 2336 2318 2253 2307 1675 730 1049 566 2331 1821 1682 1949 1716 1757 1370 1878 2400 2400 2398 2291 2400 2253 1859 2046 2400 2400 2400 2400 2400 2400 2400 2321 1865 2000 2400 2400 2398 2375 2209 2185 2148 1938 511 1431 2400 2319 2400 2400 2400 2400 1586 319
0 0 835 1761 937 31 687 587 2 0 294 462 880 618 16 41 107 301 1734 2388 2291 2293 2400 2328 1320 2297 1659 1228 1887 417 2087 2400 2400 2400 2400 2400 2400 2060 1627 1797 2400 2400 2400 2005 1482 1704 2157 2279 2284 2357 2384 2219 2400 2400 2400 2400 2398 2400 2400 2400 1997 1885 1495 767 144 933 1377 2380 2400 2400 2276 2084 950 1001 2039
0 0 0 1133 1903 1677 1029 1076 234 0 19 33 341 72 0 0 0 0 837 2351 2357 971 766 318 337 935 247 789 507 2224 2141 2400 2400 2400 2400 2400 2253 1784 2337 1843 1656 2400 2400 2400 2400 2400 2400 2341 2366 2366 1977 2282 2400 2400 2400 2388 2390 2376 2400 2400 2359 2044 1101 609 668 1113 2206 2400 2400 2085 2280 2153 2388 2378 1915
692 664 1161 2139 2400 2389 2215 1824 2061 1567 933 889 1320 19 891 111 5 0 1147 2306 2203 2117 1052 356 17 2 260 727 1806 2204 2398 2290 2398 2400 2377 2167 1321 268 1320 2400 1642 1510 2400 2400 2398 2302 2292 2374 2400 2140 1660 2376 2400 2400 2400 2400 2400 2400 2400 2400 2400 2400 1809 1124 2201 815 320 1590 2281 1492 1632 2090 2356 2209 2054
2192 2267 2308 2388 2366 2400 2388 2366 2398 2378 2334 1596 380 1244 1750 1899 1792 1524 1657 2157 1881 2111 2371 1540 514 1550 2119 2366 2400 2388 2400 2400 2388 2400 2357 1583 318 1551 2398 2218 2400 900 1868 1998 1583 1629 2020 2076 2368 2378 2400 2400 2400 2400 2400 2295 2248 2400 2400 2400 2378 2400 1159 2125 2156 2246 1044 686 1505 1789 914 1127 1612 2070 1878
2153 2319 2400 2400 2400 2348 2388 2400 2400 2400 2260 2293 1308 979 2065 2400 2400 2396 2400 2222 2289 2339 2171 2095 2374 2039 2081 2398 2380 2314 2398 2400 2400 2400 2400 1815 865 2335 2400 2400 2400 1186 2163 1487 1454 918 1687 1382 2269 2375 2358 2400 2400 2400 2400 2400 2400 2367 2400 2400 2400 2398 1588 578 1723 858 1758 2353 2390 2203 629 878 1012 1910 2268
674 1309 2337 2400 2400 2388 2378 2400 2400 2400 2400 1561 883 1109 2074 2400 2400 2400 2333 2336 2376 1788 906 1240 2400 2224 2141 2400 2311 2391 2400 2365 2360 2400 2400 1899 2133 2386 2109 2334 2341 543 1176 1514 633 1088 2224 2290 2385 2400 2400 2400 2400 2400 2349 2339 2388 2400 2400 2400 2400 1634 626 1108 1822 2183 2400 2400 2225 2282 1359 1040 1626 2186 1754
839 2105 2390 2400 2400 2400 2368 2370 2400 2400 1761 94 1596 2267 2300 2330 2217 2232 1713 2296 2299 1140 323 1547 1769 1973 2290 2400 1721 2183 2400 2394 1476 1390 2123 1073 1165 2163 1845 1825 2290 399 1 575 697 334 1619 2400 2400 2400 2400 2400 2400 2398 2355 2400 2400 2400 2400 2400 2400 2339 333 1406 2398 2400 2388 2400 2400 2400 2399 2311 2400 2400 2262
1686 2400 2400 2400 2400 2400 2400 2178 2133 2355 2362 1136 620 1595 1828 1928 2335 2236 2180 2318 969 280 1026 1889 1955 1916 1271 1733 1658 349 1613 1651 590 15 505 931 1818 1997 1990 2064 1700 893 629 1312 1409 907 1815 2400 2400 2400 2400 2400 2378 2298 2400 2400 2350 2388 2400 2400 2400 2398 710 2176 2386 2400 2400 2400 2400 2400 2400 2400 2400 2400 2280
1417 2172 2400 2378 2388 2400 2400 2400 2389 1964 1411 1796 2278 2229 1781 1699 1282 90 261 208 65 11 0 2054 2019 1697 937 160 686 395 131 127 860 507 309 297 589 1420 1776 2316 1638 222 15 1109 338 1755 2355 2390 2400 2400 2400 2389 2136 2178 1376 851 1236 2400 2400 2400 2400 2368 1985 2383 2391 2400 2400 2400 2400 2400 2400 2400 2400 2400 1983
2194 2206 1670 1865 2058 2394 2388 2354 1936 1835 2225 2390 2400 2093 2131 2124 1596 52 6 675 2157 471 139 477 302 719 1133 300 31 1079 1782 1526 1295 1591 1025 941 931 1003 2008 1590 157 41 296 1046 648 1194 1575 2400 2285 2247 1254 1137 2398 2384 729 887 1388 2394 2400 2400 2400 2400 2323 2400 2400 2400 2400 2400 2400 2368 2108 2344 2269 2344 1835
1833 1825 1719 2130 1359 1965 1653 1858 2278 2155 1235 2002 2356 2400 2349 1259 1858 373 823 881 707 472 1301 1341 803 1189 2380 1818 1021 1241 2355 2143 1316 1829 585 244 833 926 1547 359 682 188 895 2199 578 503 1256 1817 2388 1948 353 431 1365 1691 1589 2083 2203 2388 2400 2400 2400 2400 1965 2378 2400 2353 2344 2400 2400 2381 2400 2400 2400 2376 1433
2014 2127 1885 1825 2190 1272 902 2162 2388 2400 2135 2222 2396 2242 1657 899 468 561 943 1617 1863 2301 2349 1812 1462 480 1479 2011 2042 2382 2275 1315 1465 520 1160 67 375 1586 1818 133 261 277 262 2400 1941 731 575 794 1514 2396 1960 917 1714 1926 1340 1247 1983 2348 2400 2400 2400 2400 1786 2295 2400 2400 2400 2400 2400 2400 2400 2400 2400 2035 1478
2280 2172 2400 2400 2380 1333 355 2060 2228 2238 2368 2400 2184 2222 1826 1535 2372 2400 2400 2345 2219 1607 2242 2381 1736 105 925 1473 1884 2399 1852 1918 385 763 421 576 1663 439 230 304 263 421 181 1175 1460 157 314 1308 546 1906 2041 1690 2315 2233 2190 1920 2270 2190 2378 2400 2400 2400 2237 542 1467 1960 2400 2400 2362 2388 2327 2400 2400 1990 1427
2280 2390 2400 2400 2390 2388 2242 2400 2380 2235 2075 2358 2305 2255 2356 2390 2386 2400 2400 2398 2057 1762 1503 897 577 47 41 1055 2057 2400 1660 210 219 597 1602 1855 1631 1365 1408 964 236 1873 1700 1344 761 1041 1881 1646 2329 2299 2366 2273 2398 1895 1601 1421 2141 2366 2400 2400 2400 2400 2383 1471 2115 2332 2400 2344 2312 1865 1984 1806 2265 1825 907
1962 2400 2400 2380 2370 2400 2400 2400 2322 2215 2226 2377 1626 2277 2257 2316 2341 2400 2400 2400 1979 956 905 1622 903 39 325 861 1996 2052 2328 856 1017 513 533 1814 1208 2065 2029 1881 1230 1467 2137 840 829 1276 2340 2361 2368 2287 2400 2400 2399 2360 2252 1811 2186 2145 2384 2400 2386 2131 1876 1361 2378 2400 2400 2400 2332 1741 1814 1529 2084 1851 52
