data/outputs/Sarzedas de Vasco/2015/resolution_1/CONT_SPEC_1_60.asc
ncols         25
nrows         25
xllcorner     -8.222016814931
yllcorner      39.947705019877
cellsize       0.000539592960
NODATA_value  -9999
2.181389 4.396111 3.572083 4.113194 4.117917 5.497639 3.666389 2.344306 1.382361 1.280278 1.438889 1.666250 2.563056 1.947500 5.411528 4.920417 5.842500 5.9000 5.875139 5.872500 5.149444 5.482083 5.860833 4.304167 4.212222
2.620694 2.627639 2.994722 4.990833 5.346667 4.334444 2.38000 1.225417 1.217361 1.362361 1.847778 1.145972 2.243056 1.510694 2.010278 2.452778 4.867500 5.993889 5.975972 5.925833 5.493750 3.441389 4.47500 1.790417 4.160139
4.529444 2.757917 1.608333 2.098194 3.585139 2.566528 1.304167 1.588194 1.656250 0.930277 1.184722 1.347083 0.701527 1.4000 2.913056 1.327222 0.781250 4.279167 4.998750 5.27000 4.838194 0.695277 2.157917 5.373333 4.297500
4.327917 3.512500 1.807083 3.087639 5.225556 3.908611 2.808056 3.546389 1.679028 0.375416 0.515833 0.58500 2.121389 3.077778 1.260417 0.919305 1.939722 3.082361 4.745833 3.628750 3.266806 0.392500 3.351250 5.512500 4.599028
0.931805 3.145278 4.870972 3.216944 2.728611 2.376944 1.458750 3.947917 1.379722 0.0000 0.0000 0.0000 0.787638 5.869861 3.601250 4.325833 4.848750 6.0000 5.953611 2.531667 0.822222 5.207778 4.958472 2.850417 4.350972
3.860972 4.583333 4.101250 2.728750 3.817639 3.446667 2.209028 5.469861 5.965694 3.095833 0.656666 2.112500 3.612083 5.950833 5.963194 5.905833 5.93000 6.0000 5.321667 0.817083 3.316528 5.471667 2.553333 2.357778 2.086806
5.658194 5.579306 5.571528 5.992222 5.927083 5.974306 5.947778 5.99500 5.956944 2.019583 3.550139 6.0000 6.0000 5.809306 4.963472 5.927917 6.0000 5.107778 5.628472 2.539861 5.514722 5.972222 5.990556 5.881528 5.825972
5.779861 6.0000 5.248194 4.153472 5.961528 4.924444 3.963750 3.924583 5.608611 4.781667 4.479861 6.0000 6.0000 5.940278 5.075972 5.203889 5.275972 4.845417 5.937639 5.933333 5.026667 3.626944 4.474722 5.310833 5.749722
5.323611 5.959167 5.680278 5.001528 5.339028 3.182361 3.054444 4.238611 3.425417 3.779306 4.196389 3.474028 5.589444 6.0000 5.878611 5.778056 5.669167 4.023472 5.888750 6.0000 5.596806 4.047639 3.084444 5.334444 4.861944
3.584028 3.893333 2.829722 3.599583 3.689028 2.021528 5.30500 5.918750 5.09000 3.358889 4.819583 5.283056 4.495694 5.831944 5.563889 5.382222 5.951389 5.949583 5.555556 5.983056 5.338056 3.387222 4.517083 5.865417 4.239306
2.578611 5.220417 4.330278 2.707778 1.670556 1.480556 4.692917 3.222083 1.660694 4.280694 5.893056 5.689861 3.763472 4.713333 5.513056 5.509028 5.570278 5.960278 5.922222 5.993333 5.013611 3.626250 4.008194 4.322083 5.238472
4.590278 5.982222 5.973333 4.879861 4.049861 5.881944 5.628472 3.763194 5.358056 5.693611 5.720139 4.972083 4.832917 4.365694 2.693889 3.872083 5.940694 5.999444 5.953056 5.990833 4.476806 4.020833 5.753611 4.305139 4.948611
5.151389 5.745139 5.715833 4.853472 4.709306 3.705278 2.454583 1.762917 3.318472 1.774583 2.659306 1.699444 3.758333 2.949861 1.889167 4.663611 5.607083 5.471250 3.782222 5.99500 5.384167 5.926528 6.0000 5.894444 5.641389
5.070556 4.681250 4.411944 5.320417 5.453056 3.256528 3.832361 4.390278 2.932222 4.519028 4.172500 1.712083 2.61500 0.801388 3.080417 2.070417 4.180556 3.966528 4.673333 5.917778 5.663194 5.054028 5.973889 5.970833 4.982500
5.532083 5.895556 5.928750 5.550694 5.134722 5.953611 5.787083 3.998750 1.821111 4.341528 2.459444 2.993472 3.969861 3.836389 2.684722 4.341250 5.770417 5.685417 5.141944 5.758194 5.716389 5.223056 5.933333 4.837083 3.645556
5.693611 5.682639 5.976667 5.992222 5.954722 5.941528 5.954722 5.508611 3.586528 1.652500 1.742500 3.031111 4.988750 5.485972 4.784722 3.574444 5.760833 5.847222 5.991667 5.925278 5.929583 4.934028 5.876389 5.379028 5.514722
3.830972 3.056111 5.048611 5.120972 4.381944 5.933056 6.0000 5.851528 3.414861 3.853889 4.875972 5.987222 5.991111 5.895278 4.019167 4.62000 5.101806 5.880833 6.0000 5.994722 5.170972 5.050417 5.898333 4.672222 4.570139
2.674583 2.941944 3.377083 1.078750 4.131667 3.736389 5.832222 4.661111 5.184722 5.331111 5.011528 5.426250 5.806944 5.691806 5.777778 5.939306 5.972778 5.208194 4.931944 5.949861 5.033056 5.792778 5.863889 4.260694 1.958889
2.055139 2.598194 3.149722 4.27000 4.660694 5.140972 5.932500 5.231667 3.494861 5.248194 5.692222 5.698333 4.798750 5.850278 5.293472 5.637639 5.927500 5.189444 5.272500 5.714167 4.508056 5.526528 5.997222 5.384167 4.817083
5.442917 5.262361 3.220833 5.031250 5.852222 5.927778 5.864861 5.567778 5.861389 5.943889 5.971667 5.206389 4.605139 5.240972 3.019028 4.540139 5.169306 5.353056 5.619722 5.786250 2.706111 4.093611 4.815972 5.996667 5.485694
2.231111 2.274861 4.583333 5.426250 4.122222 5.889861 3.462500 4.675833 5.526111 5.147361 5.734861 5.842778 5.721944 5.998333 4.935833 5.314583 5.98500 5.747917 5.859722 4.817639 1.760556 3.111389 5.52500 5.702778 3.301944
1.035833 4.347083 5.340278 5.340972 2.584861 2.995139 3.085972 4.945833 5.840278 4.694167 5.586806 5.993889 5.909861 5.958889 5.654028 5.140972 5.994167 5.970833 5.556667 4.79000 3.240139 4.277778 5.233750 4.895556 4.236667
4.407778 3.221806 4.207778 5.595556 2.856111 2.018472 5.269028 4.302222 5.66000 5.220417 4.807361 5.616806 1.573333 5.393194 5.441389 5.738611 5.993333 5.904306 4.893194 1.314861 1.417639 3.494722 2.169444 4.093750 5.015417
0.961111 3.938889 4.870139 3.965833 2.277639 3.832917 4.698750 3.872361 4.073194 2.855694 1.746389 3.521667 3.752917 2.581111 5.713333 5.9000 5.429167 4.321389 3.358056 2.52500 2.210417 4.667500 4.198194 4.623889 3.993750
1.231528 3.206806 4.317778 1.179167 3.275972 3.230417 3.358889 4.195972 1.396806 2.242500 3.120139 1.107083 2.483194 5.276111 3.766528 4.798611 3.900139 4.943333 5.886667 5.011250 3.283194 2.89500 5.763611 3.893472 1.693611
