data/outputs/Sarzedas de Vasco/2015/resolution_1/CONT_SPEC_1_45.asc
ncols         33
nrows         33
xllcorner     -8.222016814931
yllcorner      39.947705019877
cellsize       0.000404694720
NODATA_value  -9999
1.698765 2.653086 5.182963 2.502963 3.366667 4.291358 5.109877 5.326667 4.553333 2.100494 2.416790 1.351852 0.972839 2.046173 0.794814 2.164691 3.411111 0.840493 3.583210 5.468642 4.483704 5.815309 6.0000 6.0000 5.955802 5.972840 5.783210 4.860741 5.257037 6.0000 5.986173 4.531111 5.543704
2.522222 2.584938 4.221975 2.788148 4.520741 5.782469 5.413580 4.887654 3.417284 1.346667 0.947901 1.634074 1.349383 0.781728 2.215062 1.164938 2.197778 2.605185 1.099259 2.903951 2.430864 4.507407 5.988889 6.0000 5.989383 5.970370 5.892099 5.173827 2.669383 5.043951 3.255062 1.630864 4.364198
3.447160 3.018765 3.145432 1.355802 2.969136 4.828395 2.694568 2.507901 1.22000 0.691358 1.106667 2.128642 2.188642 1.382716 1.144444 1.620988 1.142469 1.209630 1.243457 0.670370 1.483951 0.607654 3.333333 5.973086 5.999012 5.617284 5.978272 5.864691 2.601728 3.226667 2.536049 4.494321 2.829630
5.272346 2.532346 0.893086 1.306914 1.568642 4.023704 4.756049 2.601481 0.593333 3.353086 2.810864 1.188889 0.068148 0.308642 1.257778 1.014074 0.723209 1.905432 2.926173 4.156790 1.628395 0.983703 2.197284 3.414815 3.358519 5.126914 5.176790 2.684444 0.115555 0.481975 3.360247 5.643457 6.0000
4.266667 4.998765 3.162222 2.103210 2.938765 3.992593 5.907407 3.084444 3.353827 2.948889 3.686667 0.513827 0.603950 0.029876 0.590123 0.802963 2.594321 2.444198 2.237037 0.586419 0.471358 2.575062 1.544444 2.447654 5.025926 4.845432 2.373580 3.401481 0.358765 1.813333 5.865185 5.240494 4.419012
0.310370 3.440988 3.449383 5.158519 4.211605 3.360247 3.491852 2.314815 2.186420 2.272840 3.794568 0.856296 0.0000 0.0000 0.0000 0.0000 0.404691 4.647407 5.321235 2.433086 3.444691 4.599753 5.107901 6.0000 5.994074 5.009383 1.383704 0.663703 4.663210 5.988148 4.623704 3.205679 4.831852
3.300741 2.164198 3.815309 2.665185 1.697531 2.302469 1.62000 1.559012 0.624938 3.331358 5.668889 4.213086 0.794567 0.717284 0.304197 0.095061 0.444938 4.886420 5.996049 5.984198 5.668148 6.0000 6.0000 6.0000 5.990370 3.239753 0.191851 3.351111 5.922469 3.975062 0.459012 0.594074 1.371358
4.136790 5.597778 5.749630 5.544691 4.050617 4.817037 5.832593 5.208395 3.531358 5.844938 5.969383 6.0000 4.172593 2.038519 2.790123 5.039012 5.820988 5.938519 5.850864 5.998025 5.989136 5.875556 6.0000 6.0000 5.672346 0.958024 0.099012 5.163704 5.603704 4.511605 4.946667 4.936296 4.197778
5.866667 6.0000 5.168395 5.724938 5.986173 6.0000 5.936296 5.983210 5.948148 5.986667 5.991111 5.923457 2.330123 1.165926 5.547654 6.0000 6.0000 6.0000 5.405679 4.525926 5.871852 6.0000 5.945926 4.467901 5.709630 3.914074 4.420494 5.920247 5.974074 6.0000 5.931111 5.987407 6.0000
5.802716 6.0000 6.0000 5.025926 4.159259 5.760247 6.0000 5.217778 4.841481 4.999753 4.391605 5.809383 4.924444 2.954568 6.0000 6.0000 6.0000 5.972840 5.578765 4.716296 4.802222 5.048889 5.655556 4.540741 5.919753 5.959506 5.930864 5.167407 4.224444 4.385679 5.499259 5.934568 6.0000
5.131358 5.967901 5.905679 5.184691 4.100494 4.393086 5.379506 2.967654 2.329877 1.118765 4.921728 3.221481 5.26000 5.006914 4.573827 5.178025 6.0000 6.0000 5.994074 5.773333 5.658025 5.937037 5.387160 3.063951 5.809136 5.991111 6.0000 4.391358 3.283457 2.509136 3.121235 5.162963 4.287654
5.360494 5.845185 5.741975 5.512099 5.647407 5.708148 5.218765 1.952593 3.899259 4.955802 5.649630 3.739506 3.636049 3.407901 3.718519 3.505185 4.684938 6.0000 6.0000 6.0000 5.849630 5.601235 5.930370 5.140741 5.940741 6.0000 5.941975 5.982963 5.817284 1.313333 4.954321 5.778765 5.705926
2.377284 4.482222 2.206914 2.207901 2.748395 3.937037 1.720494 2.418025 5.537531 5.893086 5.531605 5.211358 3.420247 3.318519 5.341728 5.172346 4.398765 5.214321 5.945185 5.278519 5.062222 5.915062 5.881235 6.0000 5.383457 5.848148 5.948148 4.914074 3.234815 3.537778 5.959012 5.770617 3.929136
1.395062 3.867160 4.822963 3.669630 2.006914 1.229383 0.919012 0.143456 4.281235 4.379506 1.025679 1.125185 3.035062 5.745926 5.983210 5.858272 3.221975 5.073827 4.875556 5.873086 5.738765 5.956049 5.209136 6.0000 5.988395 5.982963 5.989136 4.669383 3.304938 2.826667 5.078519 4.658519 5.654568
5.145679 5.973827 5.962469 6.0000 5.897284 3.303210 4.731358 5.718765 5.492593 5.439753 4.324938 5.196543 5.969383 5.951605 5.994074 5.130864 4.153333 5.909136 4.313827 3.782963 3.800741 5.416543 5.967901 6.0000 5.850123 5.976049 6.0000 4.82000 4.035556 4.161235 5.235062 2.369630 4.085432
3.919753 5.994074 5.982716 5.793580 5.299506 2.816296 5.567160 5.769136 5.407160 3.353580 3.695062 4.925679 4.945432 5.223951 3.72000 3.597531 4.822963 4.983457 1.932840 2.402469 3.327654 6.0000 6.0000 5.961235 5.952593 5.994074 6.0000 3.406667 4.907407 5.994074 6.0000 5.655062 5.863457
5.039506 5.325926 5.936790 5.681975 4.809383 5.156049 4.458272 2.510123 1.367160 1.177284 2.616049 2.835062 0.974567 2.251852 2.183704 1.670617 2.825679 4.557037 0.681481 1.887654 4.611605 5.936296 4.837037 5.625926 2.781235 5.273086 6.0000 5.558519 5.929136 6.0000 5.990617 5.821728 5.897778
5.013580 4.723457 3.565432 5.2000 5.018272 5.815802 4.383704 2.334815 2.951358 3.996296 4.02000 3.210617 4.351358 5.296049 3.329383 1.229383 2.471358 1.678519 0.665185 4.464198 2.046173 4.414815 3.011111 4.175309 4.117037 5.730370 6.0000 5.426420 5.797037 5.937284 5.990617 6.0000 5.449877
5.690370 6.0000 5.131358 5.582963 5.543951 5.498765 5.632593 5.942222 5.989136 3.78000 3.517778 0.516049 4.098025 4.565185 1.417284 2.952346 3.541975 2.364691 2.8000 2.695062 2.988148 4.328889 5.614568 5.500988 4.578765 5.849630 6.0000 5.709630 3.701728 5.882469 5.538519 4.997284 4.770370
5.384938 5.350123 5.994568 5.975802 5.674321 4.679012 5.915802 6.0000 6.0000 5.322222 5.545432 1.867160 3.168148 3.923951 2.272099 3.255062 4.003951 5.156296 4.643210 2.578519 3.857778 5.942469 5.687407 5.822222 5.750617 5.741235 5.698272 5.834074 5.416543 6.0000 5.624938 4.827407 4.783210
5.667160 5.826914 5.797531 5.981235 6.0000 6.0000 5.967901 5.917284 5.959506 5.860988 4.832840 3.851358 1.781728 0.478518 2.074815 3.138519 4.767160 5.739012 5.388642 4.370617 3.435802 4.667407 6.0000 5.746173 5.985185 6.0000 5.798765 5.944198 4.542469 5.649383 5.754568 5.773827 5.685432
3.633580 3.272099 3.882469 5.285926 5.999753 3.756543 5.951605 5.921728 6.0000 5.983210 5.718025 2.42000 3.896296 3.369630 5.666173 5.978272 5.984198 5.955556 5.587654 2.774815 4.445679 4.056049 5.659506 6.0000 6.0000 6.0000 5.935062 5.200494 4.623457 5.992840 5.556543 3.950123 4.092099
3.441975 2.263210 3.102716 4.717531 2.590123 1.852346 4.662222 5.329630 5.999753 5.336790 5.267901 4.921975 5.090123 4.971852 5.213580 6.0000 6.0000 6.0000 5.999012 5.974321 6.0000 5.784444 5.759753 4.962222 5.300247 5.405432 5.998025 4.253827 5.383704 5.988395 5.693086 5.146914 3.509877
2.128395 4.090864 2.036049 3.078519 0.923456 2.957531 3.098025 3.608642 5.933086 4.634321 5.081481 4.580247 5.605185 5.826173 4.512593 5.900741 5.681235 5.035556 5.677284 5.505679 5.764198 5.958025 5.924938 5.455556 5.070864 5.926914 6.0000 5.110123 5.938272 6.0000 5.526914 3.342469 2.941235
2.391358 1.792099 2.632099 3.330864 5.208148 5.576296 5.183951 5.743457 6.0000 5.294074 4.837531 3.064444 4.785926 5.713086 5.515309 5.732346 4.773333 5.349383 5.947654 5.086914 5.539012 5.978025 5.955309 4.717284 5.024691 5.898765 5.213333 4.018272 5.205432 5.952840 6.0000 5.825679 5.699506
5.467654 5.715556 3.964198 2.228642 5.556296 4.983457 6.0000 5.989136 5.972346 5.520988 5.874074 5.787654 5.906173 5.982222 5.939753 5.039259 4.190370 5.645432 4.628642 3.362469 3.920988 4.888889 5.252840 5.378519 5.488148 5.837778 4.255556 3.907160 3.912099 4.279753 5.362963 6.0000 5.907160
4.585432 4.181728 4.838519 4.712099 5.818025 5.342222 5.412099 5.858272 3.940741 5.689383 5.149877 5.894074 5.978765 5.988148 5.928889 5.380988 5.289136 5.897037 4.832593 3.599259 5.045185 5.939506 5.926173 5.577531 5.792346 6.0000 3.772099 0.649629 4.434568 4.746420 5.949136 5.598025 4.917531
0.647654 0.811851 3.1000 5.544938 5.724938 2.996790 3.410864 5.525185 3.574568 3.554074 4.381235 5.693086 3.845679 4.152840 5.887407 5.994074 5.968889 6.0000 5.895309 4.941728 5.239012 5.977778 5.999012 5.756049 5.962222 4.483704 5.328148 2.770864 1.383704 5.279506 5.912099 5.744938 3.295556
0.278024 3.9000 4.978272 5.025185 5.355556 4.749383 1.354815 2.670617 3.492346 3.411111 5.767160 5.996049 5.458272 5.633827 6.0000 5.989136 5.839753 5.983210 5.938272 5.621728 4.695309 5.943210 6.0000 5.955062 5.783210 4.337284 4.543704 2.442469 4.463704 5.532346 4.262469 4.742716 4.182963
4.273580 3.855309 3.380247 4.245679 5.761235 5.303457 1.201481 1.892840 5.485185 4.008889 5.078272 5.984691 5.423704 4.693827 5.842963 5.433086 0.720740 5.511111 5.549383 5.871111 5.593333 5.930123 6.0000 5.948889 5.598765 2.176543 2.500988 0.474321 3.512840 3.062222 2.077037 4.035802 4.988395
1.955309 2.566914 4.233333 5.178272 4.868148 3.550370 2.698272 3.699506 5.241975 4.853827 4.011358 5.024691 4.365185 1.0000 4.994568 5.470864 3.770370 1.420988 3.372099 5.934568 5.938272 5.765926 5.888642 5.630370 3.780741 1.390123 1.624444 1.843210 4.579259 2.401481 4.158765 5.859259 5.547901
0.279259 2.389630 5.777284 4.319259 3.475556 1.116049 3.348148 3.143457 4.094568 3.221728 5.076543 1.946914 1.738025 2.068148 1.872593 1.600247 3.335062 1.614074 5.629136 5.815309 5.928889 5.459506 5.2000 2.950370 4.657531 3.977778 3.889383 3.137284 4.116296 4.463457 4.419753 3.861975 2.062963
1.533827 1.817531 3.798519 4.375802 0.981975 2.091852 3.698765 3.359259 3.36000 3.363457 4.419753 0.298765 1.467407 4.470370 2.301975 1.013580 2.422222 5.355062 4.965679 2.679506 3.946914 5.379753 2.405432 5.462716 5.852840 5.740988 4.32000 2.191111 1.895062 5.769383 5.866667 3.564444 1.848395
