data/outputs/Sarzedas de Vasco/2015/resolution_1/CONT_SPEC_1_80.asc
ncols         18
nrows         18
xllcorner     -8.222016814931
yllcorner      39.947705019877
cellsize       0.000719457280
NODATA_value  -9999
2.749141 3.390469 3.781328 4.383203 3.283516 1.251719 1.664688 1.377813 1.362578 1.902969 1.445078 1.962578 4.418828 5.996953 5.878047 5.307812 3.549609 2.687109
4.640547 1.961172 2.237344 5.018594 1.821016 2.576250 1.531641 0.467812 1.311094 1.213828 2.391328 1.739453 1.954063 3.451875 5.095234 2.896016 0.646015 5.154297
2.016953 3.541875 3.315625 3.194453 2.342188 3.315469 0.843906 0.0000 0.005546 2.448437 4.424297 3.015703 4.243281 5.673203 3.126484 2.089453 4.821875 3.575625
4.27500 4.655156 3.832813 4.341172 3.240312 5.261875 5.326250 1.928984 2.836641 4.634453 5.923516 5.929219 5.960625 5.930937 1.554922 4.198984 4.488906 3.201719
5.919844 5.679453 5.225859 5.992813 5.667500 5.452891 5.742656 2.368047 5.992109 5.991406 5.15000 5.262734 5.767266 4.979531 5.095781 5.648594 5.415547 5.937344
5.538047 5.917031 4.643984 5.213203 2.768047 3.336250 4.351953 3.920469 4.153125 5.769063 5.939375 5.799609 5.479063 4.752344 5.996250 4.983047 2.744687 4.759141
3.156406 3.196719 2.579141 2.479531 3.172891 5.124922 3.983750 3.951484 5.496719 4.843438 5.804531 5.476797 5.848906 5.854844 5.878438 4.787969 3.522734 5.783672
4.656406 5.851328 5.041875 3.254531 4.605078 4.504844 4.001406 5.819453 5.647422 4.492656 4.363359 4.429062 5.797969 5.966016 5.969141 4.457031 4.148438 4.036328
5.143984 5.890234 4.778750 4.874219 3.389531 2.319688 3.526562 3.081719 2.331719 4.140078 1.925078 3.786484 5.579844 4.994688 5.649375 5.127891 5.994219 5.926406
5.324766 4.516797 5.483437 5.098281 4.159766 4.189375 2.746250 4.554688 2.125078 2.433672 2.242656 2.618828 4.273750 4.519531 5.791563 5.352500 5.705391 5.722422
5.536094 5.924453 5.813906 5.522656 5.978594 5.094844 2.847969 2.858203 2.455703 4.710078 4.240625 4.218594 5.871484 5.726172 5.797422 5.496719 5.862813 5.205859
4.101484 4.522500 5.347656 5.060234 5.960938 5.809844 3.548047 3.283281 5.447266 5.905625 5.025391 3.906406 5.299609 6.0000 5.993516 4.911641 5.635313 5.203906
2.795703 2.831875 1.924453 3.405156 5.210391 5.064375 4.948203 5.418203 5.322266 5.618437 5.726797 5.847188 5.953750 4.998047 5.719297 5.221328 5.955078 4.671016
3.871563 2.889609 4.787187 5.778750 5.977891 5.470625 4.664453 5.855234 5.548750 4.877734 5.079219 4.613828 5.472969 5.040312 5.650625 4.246875 4.707422 5.930469
2.752891 4.187656 5.244375 4.890234 4.850937 4.739922 5.696406 5.407656 5.694766 5.601016 5.125234 4.857266 5.910156 5.724062 5.314844 1.751719 4.480625 5.829609
2.553594 4.395391 5.582031 2.558828 3.603672 4.390313 5.654063 5.164609 5.876641 5.254297 5.860078 5.237734 5.992969 5.942656 4.295703 2.813828 4.787656 4.104297
2.575078 4.186484 4.886172 2.753516 4.15000 4.09000 5.020234 2.837578 5.111719 2.637109 4.720078 5.929844 5.651016 4.898438 1.694219 2.265859 3.285391 4.794688
1.296797 4.507734 2.173906 3.035781 3.321484 4.046719 1.484453 3.063125 1.496875 2.928828 4.874297 4.791406 4.450391 4.834219 4.873594 2.919297 4.792187 4.188203
