data/outputs/Sarzedas de Vasco/2015/resolution_1/CONT_SPEC_1_35.asc
ncols         42
nrows         42
xllcorner     -8.222016814931
yllcorner      39.947705019877
cellsize       0.000314762560
NODATA_value  -9999
0.825714 0.936734 5.286122 4.928163 1.04000 1.492653 4.258776 4.982041 5.314286 5.174286 4.809388 4.208163 2.324082 2.635918 1.471020 0.837551 1.344490 1.954694 0.772244 2.263265 2.608163 2.514286 1.92000 2.205714 5.093469 4.835102 3.566122 5.699592 5.990204 6.0000 6.0000 5.911020 5.958367 5.996735 5.597143 4.268163 4.752245 5.772653 5.979592 5.283673 3.621224 4.825714
1.980816 3.056735 2.957959 4.888980 2.977551 3.958776 5.977551 5.850612 5.541633 5.076735 4.492245 2.060408 1.348163 0.862857 1.475102 1.650204 0.7000 0.750612 3.306122 0.728571 1.114286 2.210204 2.451020 1.602449 1.912245 2.977959 2.454694 4.212653 5.998367 5.985306 6.0000 6.0000 5.962449 5.964898 5.855510 4.66000 2.420408 3.553469 4.859184 2.781224 1.206122 3.098776
2.943673 3.753061 1.677959 3.262041 1.216735 3.878776 5.198367 5.020408 1.0000 2.704898 2.203265 0.399183 0.281632 1.915918 0.637142 3.914694 1.984082 1.524490 1.34000 1.757959 0.745306 1.657551 1.474286 0.164898 1.189796 0.798775 1.303673 0.890204 2.335918 5.993469 6.0000 6.0000 5.64000 5.833469 6.0000 5.927347 4.147755 3.302041 4.151429 2.744082 4.008571 2.658367
4.736735 5.156735 2.42000 1.465306 1.279592 0.480408 2.273061 3.549796 4.668980 1.673061 0.842449 2.078367 1.742041 1.523265 0.883265 1.269796 0.469795 0.953061 0.837142 1.123673 2.190612 0.447755 0.914285 1.708980 3.103673 3.296327 1.057551 0.175102 0.728979 3.651837 4.591429 5.309796 5.080408 5.024898 5.590204 4.582857 0.510612 0.633061 1.722857 3.884490 5.794286 5.166939
4.908571 3.744082 2.675102 0.531020 1.137551 1.979592 4.426939 5.595918 5.251429 3.523265 0.875510 1.834286 3.864490 3.913061 2.962041 0.274285 0.188571 0.241632 1.917551 0.764898 0.441224 1.140816 2.24000 2.972245 3.436735 2.262449 1.513878 2.200816 1.017959 3.417959 3.532245 2.107347 5.968980 5.160816 5.553061 0.740408 0.08000 0.016326 1.030612 5.070204 5.626122 6.0000
4.364898 4.026122 5.521633 2.432653 2.235102 2.86000 2.864490 4.453061 5.930612 3.661224 3.250612 4.094286 2.391837 3.747347 0.663265 0.101224 0.538775 0.0000 0.0000 0.694693 1.298367 3.577959 2.589388 2.888163 0.657551 0.287755 0.16000 2.937959 1.167755 1.911020 2.724490 5.545714 5.598776 1.557143 2.568571 3.748163 0.460408 1.339592 4.351429 5.992653 5.122041 3.719184
0.302449 1.992653 3.717143 3.762857 5.371429 3.895510 3.843673 4.405714 4.028980 1.656735 3.433469 0.435102 3.451020 3.866939 1.641224 0.094693 0.0000 0.0000 0.0000 0.0000 0.079183 0.597959 5.288980 6.0000 3.015510 0.942040 3.263673 4.177551 4.176327 5.856735 6.0000 6.0000 5.346122 3.521224 0.429795 1.097143 4.215918 5.831429 5.966122 4.386531 2.776327 5.024082
1.989796 1.449388 2.379184 3.744082 3.514286 2.056735 2.085714 0.771428 0.924898 2.526531 0.813469 0.463265 3.799184 5.182041 2.071020 0.977959 0.0000 0.0000 0.24000 0.026122 0.0000 0.773061 4.700408 5.998367 5.573469 5.890204 5.651429 6.0000 6.0000 6.0000 6.0000 5.998367 4.371020 1.141633 0.0000 2.458776 5.653878 5.963673 3.534286 0.984489 2.020816 2.103673
4.775102 2.843265 5.363673 4.895918 3.803265 3.379592 3.001224 3.842449 4.215510 3.346531 1.106531 2.584082 4.895918 5.985714 6.0000 4.037959 3.782041 1.551429 0.186530 0.592244 2.787755 2.419184 5.745306 5.982041 6.0000 5.971020 5.852653 5.819592 5.974694 6.0000 6.0000 5.912653 3.798367 0.867346 0.331020 5.564898 5.950612 4.013878 0.961632 1.328163 1.642041 0.844898
3.863265 5.96000 5.915102 5.532653 5.147347 5.248571 4.453061 5.947755 5.764082 6.0000 4.565714 5.749796 5.954694 5.999592 6.0000 5.477959 2.741633 1.016735 4.281633 5.540408 6.0000 6.0000 5.958776 5.872245 5.831429 5.862857 6.0000 6.0000 6.0000 6.0000 6.0000 5.726531 1.846122 0.0000 1.704898 5.574694 5.565306 5.830204 5.941224 5.908571 5.755102 5.774694
5.828571 6.0000 5.621633 5.027347 5.755102 5.990204 6.0000 5.982041 5.990204 5.990204 5.964082 5.955102 6.0000 5.990204 6.0000 5.197959 0.223673 1.489796 5.252245 6.0000 6.0000 6.0000 6.0000 5.611837 4.847755 4.687755 5.938776 6.0000 6.0000 5.629388 4.204490 5.682041 4.746531 2.953469 5.808163 5.868163 5.965306 5.991837 6.0000 5.943673 6.0000 6.0000
5.828571 6.0000 6.0000 6.0000 5.459592 4.326122 5.816327 6.0000 6.0000 5.983265 5.899184 5.911020 5.686939 5.503265 5.851837 5.815102 2.291020 2.108163 6.0000 6.0000 6.0000 6.0000 5.955102 5.856327 4.325306 4.497551 4.838367 5.604490 5.939184 5.724082 3.456327 6.0000 6.0000 5.829388 6.0000 5.980408 5.847755 5.122857 5.990204 6.0000 5.991837 6.0000
5.314694 6.0000 5.920816 5.985306 4.617551 3.357143 3.794286 5.851020 5.904898 3.469796 1.894694 2.040816 2.408571 3.086939 5.505306 5.144898 6.0000 4.896735 5.054286 6.0000 6.0000 6.0000 6.0000 6.0000 5.450612 5.889388 5.694694 5.161224 4.903265 5.319184 4.806122 5.924082 5.918367 6.0000 5.999592 2.763265 1.921633 1.953061 3.555102 3.183265 5.494286 5.224082
4.904898 5.973878 5.990204 5.790204 5.727347 5.109796 4.373061 4.978367 5.098367 2.222041 5.069388 1.408571 2.205714 5.9000 2.325714 4.241224 3.318776 4.484898 3.913061 3.501633 4.741224 6.0000 6.0000 6.0000 5.879184 5.520816 5.750612 5.694694 5.631837 5.157551 2.363265 5.962041 6.0000 6.0000 5.953878 5.267347 4.657143 2.936327 3.068980 4.421224 5.237143 4.445714
5.206939 5.912653 5.456735 5.822857 5.268163 5.482041 5.883673 5.872653 4.851020 1.639184 2.726122 4.910612 5.677959 5.772653 4.071020 5.451020 2.027755 3.975918 4.367347 3.318367 4.060816 5.257551 6.0000 6.0000 6.0000 6.0000 5.752653 5.732653 5.884490 5.691020 5.333469 5.976327 5.977959 6.0000 5.885714 5.990204 6.0000 2.021224 1.934286 5.842857 5.967347 5.988571
2.853061 4.831837 3.649388 2.535102 2.293061 3.084082 4.06000 4.962857 1.546122 3.192653 4.727347 5.966531 6.0000 5.826531 5.453061 4.420408 2.924490 2.986531 5.204082 5.239184 4.406122 4.047347 5.504490 5.998367 5.815510 4.695918 5.186531 6.0000 5.982449 5.988571 6.0000 5.265306 5.464490 5.982041 5.704490 5.391020 4.461224 1.992245 5.464082 5.958776 5.968980 4.630204
0.001632 0.511428 4.624082 2.875102 1.902857 0.108979 0.640408 0.646122 0.0000 0.0000 2.286531 5.837959 3.371020 1.867755 2.337143 1.686939 3.257551 5.759184 6.0000 5.981224 5.764898 4.456735 4.783265 5.250612 5.996735 5.547755 5.922449 5.786939 5.345306 5.566531 6.0000 5.990204 5.972245 6.0000 5.651837 3.871020 1.266531 3.074694 5.763265 5.555918 5.592653 5.126122
4.092653 5.161633 5.959592 5.990204 5.637551 5.313878 3.555510 2.052653 3.424490 2.623265 3.388163 5.218367 5.259184 2.333878 1.899592 4.019184 5.555102 5.934694 5.962449 5.964898 3.320408 2.831837 5.737551 3.84000 5.317959 4.841224 5.215102 5.773469 5.723673 5.871837 6.0000 5.913878 5.875510 6.0000 5.982041 4.637959 4.991020 3.783673 2.328163 4.324490 3.088980 4.917143
4.166122 5.869388 5.983673 5.954286 6.0000 5.909796 4.987755 2.757143 5.533061 6.0000 5.957551 5.714286 4.895510 4.554286 5.370204 5.887347 5.941633 5.937551 5.995102 6.0000 4.095102 5.584898 5.907755 3.866531 4.471020 2.571429 3.975102 5.281633 5.953469 5.991837 6.0000 5.908571 5.964898 5.998367 6.0000 3.981224 2.997551 4.156735 5.660816 5.594286 1.940408 3.303265
3.506531 5.975102 6.0000 5.955918 5.764082 5.884082 1.785714 4.935510 5.811020 5.791837 4.997551 5.584490 2.406122 3.911837 4.239184 5.948571 4.357959 5.668980 3.866531 3.551429 3.429388 4.894694 4.743265 3.005714 1.358367 2.042041 3.592653 6.0000 6.0000 6.0000 5.980408 5.981224 5.990204 6.0000 6.0000 2.895918 4.795918 5.990204 6.0000 6.0000 5.824898 5.982041
4.617143 5.885306 5.988571 6.0000 5.891837 4.831020 4.513061 4.466531 4.064490 3.502041 1.931429 1.514286 0.388979 4.231020 4.097143 1.243265 1.525306 1.5000 1.674694 1.525714 1.368980 4.250204 5.148571 1.871837 1.290612 2.576327 5.257551 6.0000 5.990204 5.748980 5.590612 3.075102 4.536735 6.0000 6.0000 4.899592 5.790612 6.0000 6.0000 6.0000 5.990204 6.0000
4.961633 4.592245 4.321224 5.196327 5.145306 4.991020 5.031837 5.829796 5.201224 3.168163 1.071429 2.761633 1.572245 1.833878 2.574286 3.843673 2.138776 5.187347 3.586939 2.939592 1.531837 3.153469 2.716735 0.754693 2.989796 1.584898 3.404898 5.562449 3.526122 2.308980 4.675510 3.776735 5.470612 6.0000 6.0000 5.582041 5.982041 5.915918 6.0000 5.958367 5.725714 5.846531
5.271429 5.213878 5.447347 1.810204 5.52000 5.771020 5.653469 5.554286 3.644490 3.079592 3.977551 4.952653 5.512245 5.334286 1.426939 4.192653 5.497959 5.229796 2.589796 1.665714 1.314286 2.554286 1.159184 0.509795 2.277959 3.829796 1.540816 2.426939 5.193469 3.698776 5.170612 3.838776 5.400408 5.964082 6.0000 5.403673 4.384898 5.407347 5.997143 5.975102 6.0000 5.983265
5.710204 6.0000 5.990204 5.561633 5.96000 5.406939 5.866122 5.518367 5.805306 5.906122 6.0000 5.277143 3.157959 2.857959 0.406530 1.752653 5.346122 4.081633 1.302041 2.321224 4.255510 3.673878 2.913061 2.626531 3.958776 1.998776 4.213061 4.946531 5.739592 5.808571 5.434286 4.262449 5.664082 6.0000 6.0000 5.523265 3.984082 5.893061 5.953878 5.125714 4.736735 5.490612
5.144490 5.566531 5.785306 6.0000 5.96000 5.810612 5.088571 4.372245 5.875510 6.0000 6.0000 5.997143 4.852245 5.72000 2.397959 2.395918 4.476735 3.597143 2.066122 2.456735 2.692245 4.906122 5.310612 4.685306 2.194694 2.250612 4.348980 5.988571 5.617143 5.835918 5.691020 5.647755 5.709796 5.653469 5.598367 5.837551 5.236327 6.0000 5.970612 5.709796 4.964490 4.870204
5.554694 5.876327 5.439592 6.0000 5.972245 6.0000 5.991837 6.0000 6.0000 5.982041 5.954286 5.902857 5.928980 4.939592 3.985714 2.293469 1.536327 1.338776 1.940408 1.784898 4.001224 4.225714 5.648571 4.971837 5.648980 4.295918 4.479184 5.508163 6.0000 6.0000 5.536327 6.0000 6.0000 6.0000 5.782041 5.985306 5.414286 5.606122 5.808163 5.122041 5.264898 5.960408
5.293878 5.047755 5.544082 5.477143 5.982041 6.0000 6.0000 5.801633 5.873469 5.771429 6.0000 6.0000 5.675102 5.482449 2.780816 3.120408 1.700408 1.283265 3.797551 4.617143 5.864490 5.612245 6.0000 5.995102 4.164082 4.205714 1.419592 2.473061 5.746939 6.0000 6.0000 6.0000 6.0000 6.0000 5.712653 5.711429 3.7000 5.148163 5.996735 5.408163 4.906531 5.025714
3.524490 3.117143 2.117143 3.934286 4.861224 5.732653 4.313878 3.298776 6.0000 5.990204 6.0000 6.0000 5.980408 5.653061 3.606939 3.108163 4.084490 4.051837 5.891837 6.0000 5.954286 6.0000 6.0000 5.692245 4.253469 3.714694 5.131837 4.802041 5.341633 5.912245 6.0000 6.0000 6.0000 6.0000 5.982041 4.574286 4.597959 5.968980 5.944490 5.506122 4.413061 4.926531
3.548163 1.784898 2.165714 3.86000 5.056735 2.96000 1.096327 3.764898 4.572245 5.128571 6.0000 5.956327 5.156327 5.661633 5.256327 5.606122 4.740408 5.106531 4.952653 5.998367 6.0000 6.0000 6.0000 6.0000 6.0000 6.0000 6.0000 5.753061 5.988571 5.477551 4.555510 5.414286 5.031837 6.0000 5.932653 3.975918 5.310204 6.0000 5.906939 5.7000 5.328571 4.379184
2.880816 3.400408 3.483265 1.687755 2.633469 2.139592 0.522449 4.680408 3.126531 3.355102 5.194286 5.594694 3.546531 4.913469 4.501633 5.371020 5.691429 5.715918 4.235510 5.093469 5.922449 5.700408 5.162857 5.663673 5.575510 5.711837 5.972653 5.892245 6.0000 5.982041 5.217143 4.809388 5.645306 5.906939 5.803265 4.822041 5.726122 6.0000 5.907755 5.054694 3.400408 1.227347
1.387347 3.213061 2.695102 3.091837 3.174694 2.683673 3.856327 3.861224 3.033061 4.880408 5.973469 5.875510 5.024082 4.730612 2.247347 3.924490 5.711837 5.625306 5.553469 5.898776 5.853878 5.041633 5.477959 5.975102 5.503673 5.321224 5.280816 5.988571 5.842449 5.919184 4.542857 5.713061 5.940408 5.454694 4.723265 4.024490 6.0000 5.943673 6.0000 5.865306 4.750204 5.394286
3.617551 2.351837 3.331020 1.814286 3.117143 5.893469 5.980408 5.948571 5.979592 5.920816 6.0000 5.917959 5.680408 5.531020 4.555918 4.584898 5.952245 5.786122 5.684082 5.724898 5.620408 3.307347 5.359592 6.0000 5.9000 4.990612 5.82000 6.0000 5.970612 5.602041 3.962857 4.957959 5.591837 6.0000 5.806531 4.457143 4.631429 4.766122 5.999592 6.0000 5.800816 5.909388
5.207755 5.8000 5.988571 3.145714 2.070204 4.834694 4.263673 5.991837 6.0000 6.0000 5.988571 5.897143 5.155102 5.979592 5.857143 5.973061 6.0000 5.970612 5.995102 5.842449 3.766939 4.497551 5.796327 5.001224 3.173878 1.920408 3.883265 4.624898 4.842041 5.625306 5.121224 5.843265 5.936327 6.0000 1.837551 4.157143 4.685714 3.602041 3.631837 6.0000 6.0000 5.929796
5.362449 4.72000 5.004898 5.360816 5.733061 5.721633 5.346939 5.912245 5.838776 5.996735 4.552245 4.890204 5.439592 5.262041 5.696735 6.0000 5.945306 6.0000 5.971429 5.632245 4.984082 5.686939 5.922857 4.821224 4.005306 2.342857 5.517143 5.901633 5.936327 5.578776 5.671020 5.750204 6.0000 5.872653 2.252245 0.480816 4.364082 4.833878 4.926531 6.0000 5.604082 5.711837
0.613061 0.955102 1.004898 3.311429 3.812245 5.879592 4.555510 3.295102 4.248980 5.936327 4.778367 2.285714 4.580816 4.441224 5.757143 5.848163 4.525306 5.403673 5.955102 5.924898 5.535918 5.794286 6.0000 6.0000 5.311429 5.009796 5.357143 6.0000 6.0000 5.920816 5.763265 5.863673 5.433061 4.889796 3.721633 0.513877 1.615102 3.850204 5.967347 5.867347 5.795918 3.370204
0.373877 2.935102 2.88000 5.295510 5.972245 5.981633 4.649388 2.690612 2.675918 3.730612 4.903673 1.596327 4.540408 4.911429 5.807347 4.407755 3.347347 4.191020 5.858776 6.0000 6.0000 6.0000 6.0000 5.962449 5.693469 5.147347 4.926122 5.919184 6.0000 5.896327 5.912653 6.0000 5.635102 4.149796 5.897143 4.753878 2.902857 4.846939 6.0000 5.929796 5.305306 4.749388
0.727346 2.032653 5.375510 4.473061 4.239184 5.450204 5.111020 3.948980 0.697959 2.268980 4.699184 2.755510 4.199184 5.938367 6.0000 6.0000 5.990204 5.939592 6.0000 6.0000 5.401633 5.597959 5.972245 5.920816 5.995102 5.116735 5.281633 5.942041 5.990204 6.0000 6.0000 5.786122 3.766122 4.570204 1.859184 1.212245 4.975510 4.393878 4.535918 3.020408 4.808980 3.841633
3.966531 5.124490 3.503265 2.977551 4.177959 5.663673 5.830204 3.566939 1.623673 1.856327 4.433061 5.428571 3.804898 5.152245 6.0000 5.841633 5.194286 4.345306 5.766531 5.972245 2.692653 1.051020 5.865306 5.722041 5.823673 5.733878 5.44000 5.902449 6.0000 6.0000 5.984082 5.928571 3.436735 0.222449 3.493878 0.104898 2.366122 4.060408 2.890204 1.517143 3.846122 5.187347
2.348980 2.738776 2.737959 4.000816 5.447755 4.679592 5.308163 2.971837 2.079184 2.861633 4.801224 5.364898 5.292653 3.608980 5.486122 5.172653 3.543673 1.557143 5.340816 5.825306 5.229388 1.360408 1.904490 4.705714 4.335102 5.982857 6.0000 5.945714 5.916735 5.984490 5.350204 4.024898 1.048163 1.197959 1.544898 1.595918 4.276735 2.937143 1.433469 5.140816 5.779592 5.722041
0.491020 1.723673 4.440408 5.713469 4.451429 3.944490 3.462449 0.908979 4.028163 3.58000 4.475918 4.219592 3.111020 4.571429 3.346531 3.177959 2.971020 0.520816 2.629796 2.945714 3.901224 5.179184 0.568163 3.334694 5.761224 5.980408 5.849796 5.519592 5.083673 4.724898 3.431429 3.718367 2.284082 2.703673 2.180816 2.091429 5.961633 2.966531 4.536327 3.624490 5.606531 4.256735
0.467755 1.1000 3.433878 5.960816 3.877551 3.849388 1.191429 2.742449 3.400408 2.776735 3.462449 3.588163 3.228980 5.384490 2.488980 0.451836 2.281224 2.457143 2.421633 0.704489 1.712245 1.333469 2.880408 5.726531 5.770612 5.111837 5.884898 5.871837 4.757959 4.832245 4.067755 5.690612 5.719592 5.404082 4.657143 3.896735 1.748980 5.695102 5.406531 4.728980 3.527755 0.629795
1.720408 1.816735 3.020816 3.060816 5.081224 0.985306 0.153877 3.205306 3.860408 3.420408 3.142449 3.962857 3.811429 4.364082 0.490612 0.343265 3.426122 4.597143 2.774694 0.343265 3.224490 2.787755 5.454694 5.291837 2.888980 2.196735 3.933061 5.686531 1.903673 4.283265 5.498776 5.818776 5.768571 5.548163 3.557551 0.644898 1.623673 5.199592 5.828571 5.801633 3.494286 2.975510
