data/outputs/Sarzedas de Vasco/2015/resolution_1/CONT_NORM_1_15.asc
ncols         100
nrows         100
xllcorner     -8.222016814931
yllcorner      39.947705019877
cellsize       0.000134898240
NODATA_value  -9999
[rows 0 to 49 of 100, columns 0 to 95 of 100]
45 62 71 65 82 52 75 91 91 81 92 93 93 93 93 86 45 21 49 92 93 93 93 93 93 68 9 16 68 66 21 1 0 0 6 60 89 26 2 0 0 20 17 32 27 7 11 43 64 68 3 5 0 0 60 88 93 93 93 82 86 93 93 93 93 93 93 79 93 93 93 93 93 93 93 93 93 93 93 93 93 93 93 93 93 93 93 93 93 93 93 84 46 47 45 30
72 48 46 63 41 13 85 95 65 74 91 87 100 98 97 56 51 44 72 76 97 100 98 100 78 40 46 18 6 34 26 32 20 38 9 23 25 4 0 6 61 17 3 23 19 4 5 46 93 100 54 0 0 0 77 38 98 100 100 95 90 100 100 100 100 100 100 100 100 100 100 100 100 100 100 100 100 100 100 100 100 100 100 91 73 100 100 100 100 100 100 100 100 100 100 97
48 26 11 1 20 77 86 100 68 32 26 42 65 47 85 80 73 61 69 71 97 100 78 83 80 74 91 34 9 74 70 74 50 40 14 23 29 11 15 45 66 46 19 7 0 23 72 42 74 63 4 13 0 17 53 21 97 100 100 100 100 98 85 98 100 99 100 100 100 100 100 100 100 100 100 100 96 100 100 99 88 96 76 26 70 100 100 100 100 100 100 100 100 100 91 28
0 0 3 20 65 99 93 99 86 23 0 0 0 4 10 90 100 89 94 90 100 87 83 70 88 92 94 57 28 54 48 14 30 13 37 5 18 8 37 28 5 34 25 10 14 38 78 17 23 67 34 18 29 48 42 45 66 84 84 57 38 30 31 75 100 100 100 100 100 100 100 100 96 98 100 100 100 100 100 97 82 90 80 70 72 88 86 100 100 100 100 99 99 83 66 15
9 4 24 6 71 80 80 83 98 75 59 7 2 29 82 99 100 100 100 99 93 93 93 83 87 67 46 49 11 4 5 0 0 45 59 10 1 0 0 0 6 11 43 33 4 3 95 11 19 18 75 95 92 80 6 55 43 87 95 95 74 68 56 100 99 96 100 100 100 100 100 100 99 100 100 100 100 100 98 100 100 100 98 100 93 9 14 65 86 93 68 20 6 6 21 6
4 37 92 46 2 30 69 72 94 76 65 47 79 99 100 100 100 100 100 99 98 50 89 66 40 75 29 31 10 55 12 1 0 20 16 15 34 5 0 0 0 15 92 53 0 0 46 18 7 25 19 40 28 41 9 44 6 42 53 40 37 48 50 58 91 100 100 100 100 100 100 100 100 100 100 100 98 99 100 100 89 98 65 27 59 6 0 43 89 94 67 61 38 57 4 6
29 80 100 91 27 35 44 28 65 62 0 27 93 95 100 100 84 84 97 88 39 62 97 100 88 57 23 5 15 21 73 47 4 7 12 61 37 78 48 22 0 63 48 38 20 0 0 2 43 94 31 8 3 4 2 0 0 1 16 6 1 31 0 0 34 98 100 100 98 100 100 100 100 100 100 98 100 100 97 100 100 100 100 88 84 61 73 97 98 91 86 92 49 39 66 40
3 52 66 56 20 9 15 36 12 37 37 37 88 66 100 100 92 94 85 4 0 18 86 89 21 0 12 5 3 0 27 42 4 0 1 70 73 57 8 1 17 20 32 21 37 39 14 17 27 51 35 13 14 23 0 1 21 17 8 6 79 51 0 1 24 46 42 69 100 100 100 100 100 100 100 97 94 97 98 100 100 100 100 100 100 84 52 77 86 84 42 35 12 36 53 38
18 92 69 74 52 15 74 98 98 37 20 0 11 84 70 77 63 97 43 0 20 1 48 49 40 0 2 11 9 0 41 29 0 10 38 96 58 23 47 7 32 48 34 27 20 34 7 2 0 0 7 23 48 18 0 13 66 4 0 1 2 13 4 20 0 0 1 63 100 100 100 100 100 100 100 83 94 93 100 100 100 99 97 97 94 8 0 10 82 75 46 63 58 95 95 57
48 100 69 98 96 33 34 46 59 16 9 11 0 3 23 55 55 90 98 63 92 43 12 29 32 26 50 36 24 16 16 1 6 1 50 53 27 30 6 42 31 10 0 1 0 2 48 80 13 3 35 12 24 7 2 52 33 11 12 42 62 12 1 0 0 0 5 45 76 96 100 100 100 100 100 93 93 99 100 99 100 100 97 89 35 1 16 2 41 27 39 17 69 99 100 100
63 100 97 88 85 30 27 1 3 15 49 32 11 0 27 32 22 26 67 64 100 75 0 2 2 6 26 15 37 35 8 38 74 0 4 13 2 1 0 7 9 2 12 30 26 18 48 49 19 0 1 15 14 14 57 11 50 83 66 63 78 21 0 5 4 0 11 13 77 36 45 93 79 94 99 68 69 79 74 93 91 76 83 44 5 0 1 1 20 37 16 44 100 100 95 99
68 100 100 24 32 33 72 8 8 10 31 31 6 33 50 78 95 74 57 41 89 78 21 25 5 2 24 69 81 66 8 14 53 44 0 0 0 0 0 0 1 23 12 43 1 20 0 3 17 0 1 42 25 38 16 35 92 90 98 67 48 17 24 49 6 0 4 56 35 17 26 39 0 31 87 98 94 60 78 80 99 75 40 2 10 0 1 1 2 9 28 29 97 99 74 95
63 100 100 53 2 33 14 0 1 0 12 16 43 30 36 98 92 87 99 97 99 100 27 63 0 0 23 62 92 45 33 95 100 80 35 2 5 2 0 2 3 0 6 36 22 3 7 3 16 40 15 14 68 57 56 83 38 72 68 17 1 36 20 37 39 8 0 49 84 79 100 76 13 10 90 100 100 100 76 86 100 75 6 1 0 0 0 1 0 2 19 71 100 95 91 98
55 100 100 98 92 72 98 43 38 54 48 20 64 27 60 99 100 99 100 97 97 100 41 36 2 0 9 36 72 41 51 93 93 39 0 0 9 42 30 0 0 4 37 51 1 9 37 2 9 6 25 34 2 18 61 28 9 13 48 8 0 2 51 26 80 20 12 59 38 29 30 51 75 30 74 99 100 99 89 64 99 93 19 0 0 0 1 0 0 5 80 100 100 100 100 100
79 95 84 87 100 100 90 29 71 52 69 35 77 65 56 44 69 98 100 100 100 100 80 19 59 87 74 43 53 5 13 93 52 18 0 0 0 3 6 0 0 0 0 0 0 7 58 7 44 63 23 28 22 36 10 0 0 7 2 2 9 0 4 52 70 64 15 24 35 13 12 18 75 100 100 100 99 63 19 7 78 100 89 14 0 0 7 0 0 32 100 100 100 100 100 90
61 58 7 13 91 97 70 6 29 20 16 3 36 22 33 32 18 40 98 100 94 25 38 24 88 89 95 81 94 18 78 71 9 0 19 0 0 0 0 0 0 0 0 0 0 0 0 0 41 99 79 29 97 100 99 84 44 4 1 5 2 1 1 3 34 38 2 5 42 70 80 65 100 100 99 99 65 2 0 0 2 38 89 68 38 4 4 50 89 96 100 100 100 92 68 35
13 11 0 1 65 53 35 54 65 73 78 93 58 9 68 86 71 53 90 100 76 1 28 48 82 42 6 21 37 61 87 85 30 36 59 9 0 0 0 0 0 0 0 0 0 0 0 0 7 38 16 38 100 100 100 100 83 19 2 0 0 1 32 84 65 51 16 50 100 100 100 100 100 100 100 100 59 71 17 0 0 0 24 66 94 38 55 100 100 100 100 100 69 33 24 33
0 0 14 55 71 88 34 62 67 84 100 100 70 82 98 21 40 89 77 55 57 39 20 2 85 30 0 8 17 92 82 23 74 23 1 0 0 0 0 0 0 0 0 0 0 0 0 0 0 0 0 49 99 100 100 100 56 54 32 2 22 78 94 79 38 75 100 100 100 100 100 100 100 100 100 100 94 96 60 52 1 0 0 10 53 90 100 100 100 100 99 88 76 65 64 40
0 0 7 28 58 98 62 39 100 64 84 99 90 79 77 49 19 75 18 7 42 64 92 53 74 9 0 12 28 65 77 90 22 0 0 0 0 0 0 0 0 0 0 0 0 0 0 0 0 0 0 27 85 100 100 100 59 73 96 87 95 95 100 100 99 100 100 100 100 100 100 100 100 100 99 99 69 62 74 4 0 0 0 0 69 100 100 100 100 98 87 29 46 59 77 87
33 35 26 24 1 31 49 39 98 59 75 62 12 4 21 33 21 0 0 11 44 18 41 8 0 1 0 19 93 33 85 99 74 4 14 22 0 0 0 0 0 0 0 0 0 0 0 0 0 0 5 31 82 100 100 100 99 100 100 98 87 86 100 100 100 100 100 100 100 100 100 100 100 100 99 91 10 7 0 0 0 0 43 75 95 100 95 100 100 78 27 16 15 9 32 33
85 71 5 51 28 20 36 34 40 19 4 30 31 43 26 56 35 13 0 11 1 20 20 12 25 2 8 39 96 60 98 96 99 96 100 96 12 0 1 5 0 0 0 13 12 0 0 0 0 0 42 82 89 100 100 100 100 100 100 100 88 91 100 100 100 100 100 100 100 100 100 100 100 100 100 89 82 50 5 0 0 0 60 100 100 100 100 100 93 14 5 3 0 0 2 2
80 92 70 19 59 90 96 97 83 42 38 72 64 6 49 69 73 47 36 59 81 89 15 11 33 8 16 28 71 61 100 100 100 100 100 100 24 17 65 83 20 0 0 7 14 1 0 14 16 1 3 49 100 100 100 100 100 100 100 100 100 99 100 100 100 100 100 100 100 100 100 100 100 100 100 100 40 18 24 0 0 26 98 100 99 100 100 81 29 0 0 0 3 3 2 5
87 83 42 70 77 98 100 100 99 100 100 100 99 27 19 32 66 99 100 100 89 68 87 48 3 1 49 98 86 99 96 100 100 100 100 100 86 64 95 80 61 7 0 0 2 10 60 100 100 88 85 97 100 100 100 98 100 100 100 100 100 99 100 100 95 86 100 100 100 100 100 100 100 96 95 63 0 0 0 0 0 56 100 100 100 99 88 41 26 22 42 52 50 57 66 46
25 54 100 96 100 98 94 94 88 85 95 99 71 62 29 46 80 100 100 100 100 100 100 77 31 62 88 98 99 97 100 100 100 100 100 100 91 24 98 81 5 9 9 44 65 86 100 100 100 100 100 100 100 100 100 99 90 100 100 100 100 100 100 100 100 100 100 100 100 100 100 100 100 96 68 11 0 0 0 0 3 69 81 92 86 87 84 94 98 96 99 100 100 100 97 96
42 88 99 100 100 100 100 100 87 70 84 98 100 100 100 100 100 100 100 90 96 100 100 100 96 100 100 100 100 100 100 100 100 100 100 100 100 39 29 21 10 32 98 100 100 100 100 100 100 100 100 100 100 93 100 92 98 100 100 100 100 100 100 100 100 100 100 100 100 100 100 100 100 98 98 69 0 0 0 0 12 86 100 91 96 100 100 100 100 100 100 100 99 98 83 98
93 100 100 100 100 100 74 60 91 92 81 100 98 100 100 100 100 100 100 92 100 99 100 100 95 100 100 100 100 100 100 100 100 100 100 89 97 34 0 0 5 58 100 100 100 100 100 100 100 100 100 100 100 100 100 99 88 88 58 84 95 100 100 100 100 100 100 100 100 100 100 100 99 99 88 80 15 0 0 33 93 100 100 100 100 100 100 100 100 100 100 98 93 100 100 100
93 100 100 100 100 100 91 62 97 100 91 100 100 100 100 100 100 100 98 100 100 100 100 99 100 97 100 98 100 100 99 100 100 100 100 99 100 44 0 0 42 45 77 100 100 100 100 100 100 100 100 100 100 100 100 78 79 92 57 79 97 100 100 100 100 100 100 100 100 84 33 86 75 95 100 100 61 31 51 99 100 100 97 93 97 100 100 100 100 100 100 100 99 98 100 100
93 100 100 100 100 100 100 100 99 100 95 100 100 100 100 100 100 100 100 100 100 100 100 100 100 100 100 100 100 100 100 100 100 100 100 100 74 1 0 0 0 24 55 100 100 100 100 100 100 100 100 100 100 100 100 86 80 42 85 95 95 100 94 100 100 100 100 100 92 82 14 72 100 100 100 100 100 100 92 94 100 100 98 100 100 100 99 100 100 100 100 100 100 100 100 100
93 100 100 100 100 100 100 100 100 100 100 99 59 42 100 100 100 100 100 100 100 100 100 100 100 100 100 100 100 99 99 82 100 100 100 100 100 64 1 0 0 60 100 100 100 100 100 100 100 100 100 100 100 100 100 92 67 54 72 61 48 78 98 100 100 100 100 100 100 84 1 31 91 100 100 100 100 100 99 90 100 100 100 100 100 100 100 100 100 100 100 100 100 100 100 100
93 100 100 100 100 100 100 100 100 100 90 59 76 74 86 97 100 100 100 100 100 100 100 89 100 93 99 100 83 98 75 92 100 87 100 99 100 100 73 46 43 54 100 100 100 100 100 100 100 100 100 100 96 100 100 96 97 91 77 92 85 52 82 79 90 90 100 100 100 100 93 92 96 100 100 100 100 100 100 100 100 100 100 98 96 96 68 60 86 100 100 100 100 99 100 100
84 100 100 100 100 100 100 100 100 100 76 30 36 69 82 68 99 100 100 100 100 100 88 5 27 42 65 42 34 95 6 19 85 86 100 100 100 100 100 100 100 39 100 100 100 100 100 100 100 100 100 100 100 100 100 100 84 78 85 97 98 83 95 97 60 43 78 77 93 98 86 96 100 100 100 100 94 100 100 100 100 100 68 9 27 18 29 19 33 60 86 83 56 92 99 100
71 100 100 100 100 100 100 100 100 100 87 59 40 77 44 57 93 100 98 100 96 45 27 63 35 4 41 10 11 55 40 59 85 92 97 65 90 100 100 100 100 61 47 90 100 100 100 100 100 100 100 100 100 100 100 100 99 99 99 100 100 98 99 95 96 100 90 84 78 97 59 84 95 100 100 100 99 100 100 100 100 97 48 20 43 39 37 36 26 41 52 27 30 72 82 87
38 93 100 100 100 95 97 100 89 91 100 45 30 88 60 44 59 84 90 94 75 3 54 100 60 15 11 9 1 4 72 91 99 77 42 27 96 99 99 100 100 100 98 79 66 79 100 100 100 100 100 100 100 100 100 100 100 89 99 88 77 98 100 100 100 100 100 100 90 48 6 37 87 100 100 100 100 100 100 100 100 91 71 51 36 25 50 36 23 40 69 55 84 100 99 91
81 92 95 100 100 100 100 100 100 99 100 96 98 99 79 68 75 80 99 95 60 10 45 100 99 51 33 3 28 47 98 100 95 18 12 52 100 73 32 59 76 56 32 74 99 73 44 82 100 100 100 100 100 100 100 100 100 100 99 93 85 95 96 100 100 100 76 98 92 75 13 40 89 100 100 100 100 100 100 100 100 100 97 83 97 92 73 55 66 54 51 62 38 75 82 87
82 92 92 100 100 100 100 100 100 99 100 100 99 97 98 92 80 88 97 99 90 26 28 98 100 86 74 40 20 89 100 100 74 38 36 16 98 71 1 0 73 80 72 50 15 25 6 25 74 100 100 100 100 100 100 100 100 100 100 100 100 100 100 100 65 97 100 92 100 82 28 96 98 100 100 100 100 100 100 100 100 100 100 100 100 100 97 20 50 52 70 96 97 98 71 100
79 80 95 100 100 97 100 100 98 98 100 100 100 86 97 99 99 100 93 92 82 56 1 22 33 44 56 100 100 95 90 96 98 46 82 99 100 43 13 23 70 63 19 77 28 17 75 95 20 96 100 100 100 100 100 100 100 100 100 100 100 99 99 92 98 88 97 100 100 87 82 97 96 100 100 100 100 100 100 100 100 100 99 100 100 100 80 18 0 1 45 89 100 100 100 100
87 97 99 99 100 81 73 94 97 75 78 78 90 81 98 98 100 100 100 77 53 49 13 0 40 60 92 100 100 100 100 96 92 66 85 92 94 68 57 63 56 81 97 100 100 96 100 88 76 37 100 100 100 100 100 100 100 100 100 100 100 87 93 100 100 100 100 100 100 100 100 100 100 100 97 100 100 100 100 99 92 98 100 100 100 100 96 30 3 23 48 98 100 100 99 100
76 100 100 97 96 76 81 74 45 74 63 66 87 87 99 99 90 92 97 29 59 82 98 73 95 94 100 100 100 100 100 100 92 84 96 99 76 27 62 59 12 75 100 53 49 74 75 44 63 48 61 100 100 100 100 100 100 100 100 100 100 100 100 100 100 100 100 100 100 100 100 100 100 95 33 83 100 100 100 96 100 100 97 100 100 100 91 11 69 100 98 96 100 98 100 100
5 31 45 90 90 51 29 35 34 19 10 29 29 34 49 56 82 84 70 1 1 1 59 50 89 100 100 100 100 100 100 95 98 87 100 90 77 69 34 11 17 98 100 100 100 100 95 87 74 72 68 56 100 100 100 100 92 100 99 73 35 57 95 100 100 100 100 100 100 100 100 100 100 91 89 94 100 100 100 100 100 89 86 83 69 73 18 29 21 96 100 100 100 100 100 94
0 0 0 31 63 80 14 2 16 64 5 0 0 0 27 26 25 37 0 0 2 0 0 0 57 97 99 92 92 100 100 95 50 73 100 53 47 64 59 30 95 100 100 100 100 100 100 100 100 93 80 71 56 100 100 100 100 100 49 71 85 94 93 96 91 100 97 99 87 100 100 100 100 100 100 100 100 100 100 100 96 67 57 59 29 5 0 52 63 89 100 100 100 97 94 82
0 0 0 0 34 90 62 60 38 78 39 7 0 0 4 0 8 9 1 0 0 0 0 0 29 84 100 97 35 42 27 20 8 58 37 10 43 30 33 100 81 100 100 100 100 100 100 100 96 96 83 100 80 48 99 100 100 100 100 100 100 100 100 96 98 99 100 87 91 100 100 100 100 100 99 99 98 100 100 100 100 88 57 53 34 3 32 55 97 100 100 100 98 96 84 90
0 0 0 18 54 100 100 98 67 60 53 48 35 6 4 23 48 11 0 2 0 0 0 0 8 92 97 92 82 30 0 0 0 0 0 0 5 10 86 100 100 100 100 100 100 100 98 87 83 55 10 91 100 70 37 97 100 100 100 100 97 100 100 100 100 100 74 41 98 100 100 100 100 100 100 100 100 100 100 100 100 100 99 65 33 47 92 13 35 83 100 99 57 92 100 99
73 61 76 87 100 98 100 100 99 98 70 99 94 76 82 30 48 7 22 83 29 5 10 6 49 94 88 90 95 94 67 30 3 0 19 45 64 86 97 87 100 94 97 100 100 100 100 93 20 24 16 72 100 100 84 35 79 84 97 100 88 95 81 100 100 100 93 98 100 100 100 100 100 100 99 100 100 100 100 100 98 100 99 40 55 100 99 38 0 3 60 86 63 24 48 66
88 92 95 98 99 99 100 100 100 100 100 100 100 100 96 73 15 45 78 68 86 89 100 69 72 99 74 85 89 97 96 56 24 55 92 92 100 100 100 99 100 100 100 99 100 100 97 42 14 47 97 100 89 98 92 28 90 91 72 56 52 92 87 82 98 98 100 100 100 100 100 100 100 100 82 100 100 100 100 100 100 100 100 38 87 90 91 98 65 22 59 59 86 53 55 43
93 99 95 100 100 100 99 99 99 100 100 100 100 92 97 93 59 37 41 88 100 100 100 100 100 100 87 97 100 97 81 97 98 100 78 95 100 98 100 94 100 100 100 100 100 100 100 68 37 71 100 100 100 100 100 31 95 54 66 70 35 59 52 51 91 100 96 99 100 100 100 100 100 100 100 100 98 100 100 100 100 100 95 61 28 40 79 27 69 83 100 100 98 46 34 33
38 84 88 100 100 100 100 98 100 100 100 100 100 100 100 83 43 48 51 97 100 100 100 100 100 100 91 100 82 70 21 75 100 96 76 96 100 97 100 100 100 100 100 100 100 100 100 63 64 94 100 100 100 100 89 31 91 80 49 30 45 55 94 94 98 100 100 100 100 100 100 100 100 96 99 99 100 100 100 100 100 100 84 45 38 79 73 62 96 100 100 87 97 42 6 43
18 20 75 99 100 100 100 100 98 100 100 100 100 90 86 28 38 64 68 89 100 98 100 97 84 88 100 98 87 61 0 74 100 86 71 97 100 96 80 100 100 100 94 97 99 100 100 67 90 95 95 69 88 95 82 3 0 44 50 21 39 95 100 100 100 100 100 100 100 100 100 100 100 97 100 100 100 100 100 100 100 91 23 4 38 73 90 100 100 100 100 100 100 100 79 69
22 93 100 100 100 100 100 100 99 96 100 100 100 100 32 1 60 100 96 99 97 96 87 93 72 92 98 93 31 22 17 88 68 73 96 99 100 86 79 88 100 100 97 37 40 75 79 34 28 86 80 81 67 99 80 0 0 5 45 20 0 19 94 100 100 100 100 100 100 100 100 100 97 100 100 100 100 100 100 100 100 100 90 0 44 100 100 100 99 100 100 100 100 100 100 100
60 100 100 100 100 100 100 100 100 97 79 96 100 100 87 33 13 86 87 100 99 100 98 95 90 92 94 41 6 63 30 99 78 87 43 86 76 100 25 22 74 100 69 24 0 15 1 68 90 69 90 75 75 100 59 27 39 44 62 70 21 35 96 100 100 100 100 100 100 98 100 96 100 100 100 99 100 100 100 100 100 100 84 18 91 100 100 100 100 100 100 100 100 100 100 100
54 100 94 100 100 100 100 100 100 100 100 90 78 82 72 55 67 68 65 52 34 68 42 33 51 36 28 0 0 1 14 100 100 100 68 3 11 69 36 0 7 13 4 28 3 28 8 1 12 65 92 100 100 92 55 9 4 11 55 24 72 89 100 100 100 100 100 100 100 100 83 91 87 80 76 90 99 100 100 100 100 100 72 79 93 97 99 100 100 100 100 100 100 100 100 100
