data/outputs/Sarzedas de Vasco/2015/resolution_1/CONT_NORM_1_25.asc
ncols         60
nrows         60
xllcorner     -8.222016814931
yllcorner      39.947705019877
cellsize       0.000224830400
NODATA_value  -9999
53 56 62 53 88 85 94 96 95 70 37 79 95 96 90 44 19 50 17 1 5 59 23 2 17 19 27 3 44 81 18 0 42 82 96 90 90 96 96 96 91 96 96 96 96 96 96 96 96 96 93 96 96 96 95 72 67 53 52 18
44 20 27 73 97 40 33 55 63 72 67 73 99 86 85 80 34 45 62 47 33 25 10 37 56 22 0 43 48 65 8 10 50 52 100 92 85 78 97 100 100 100 100 100 100 100 99 99 90 74 55 96 100 100 100 100 97 51 100 96
3 13 47 88 90 70 24 2 41 96 98 94 96 83 82 74 51 19 11 11 46 4 3 5 3 36 14 42 28 37 66 66 32 46 81 85 58 58 99 99 100 100 100 97 100 100 100 99 98 91 89 40 77 94 69 46 29 37 100 96
18 93 31 39 65 85 35 80 98 100 96 98 73 89 66 61 16 34 33 2 16 30 29 13 9 77 19 9 15 43 20 20 19 16 23 36 26 31 57 99 100 100 100 100 100 99 100 100 95 77 61 23 63 94 75 54 33 16 64 85
35 77 39 18 41 30 24 73 91 96 87 37 5 76 51 3 7 2 40 6 5 72 51 12 25 35 27 31 11 42 26 29 5 10 10 5 51 7 17 47 74 100 100 100 100 94 97 98 100 99 98 63 69 89 54 32 61 55 49 44
62 68 89 35 68 48 7 12 34 55 87 53 53 16 41 22 32 9 26 3 35 61 26 27 32 7 7 13 40 2 17 22 2 44 14 19 30 2 1 0 49 93 100 100 100 91 96 100 100 97 72 5 10 52 42 61 99 75 41 51
79 90 69 41 10 10 35 14 28 49 48 59 98 5 7 15 38 47 9 53 6 5 1 2 10 16 22 26 30 4 10 20 31 35 88 66 48 15 9 2 30 43 52 49 88 79 65 83 88 68 15 1 3 22 20 94 91 98 100 96
74 97 26 39 6 2 15 33 38 95 90 89 97 50 21 3 63 67 54 91 39 1 4 1 1 28 23 9 5 21 14 47 49 59 62 44 14 35 43 3 46 68 78 28 65 100 97 85 94 11 0 0 1 1 39 97 92 99 100 91
86 90 97 99 54 63 50 62 58 71 96 99 99 68 30 53 45 31 52 68 1 0 25 6 0 9 5 27 12 40 34 12 31 7 9 10 3 16 60 33 36 20 19 64 78 100 80 30 92 64 0 2 1 13 99 100 100 90 75 62
44 7 52 79 24 37 37 35 34 54 51 99 60 39 61 63 66 51 87 25 31 3 0 0 0 0 0 0 0 67 41 91 99 81 15 2 1 8 47 26 24 75 82 98 100 89 24 0 6 66 63 12 70 97 100 85 59 36 69 66
3 13 64 61 60 83 100 79 84 32 85 59 47 22 59 20 5 60 65 50 10 0 0 0 0 0 0 0 0 0 10 94 100 93 41 22 42 89 62 80 95 100 100 100 100 91 90 42 0 0 47 88 100 100 89 72 58 67 97 85
20 21 18 57 53 77 76 48 36 29 20 5 44 56 23 1 23 53 90 48 5 8 0 0 0 0 0 0 0 0 9 80 100 97 89 99 89 100 100 100 100 100 100 100 99 73 22 14 0 24 68 98 100 92 40 21 43 50 51 67
85 43 31 54 57 38 29 35 33 61 20 16 35 22 26 9 39 74 99 98 99 69 10 37 3 0 15 0 0 0 37 93 100 100 100 100 92 99 100 100 100 100 100 100 100 90 36 7 0 68 100 100 93 30 3 1 2 3 7 19
77 59 80 98 100 93 93 83 14 44 92 96 84 78 15 17 78 87 98 100 100 93 64 80 31 0 7 34 83 80 79 100 100 99 100 100 100 99 98 95 100 100 100 100 87 37 0 0 16 98 100 92 60 33 47 50 60 46 25 37
46 98 99 99 95 76 92 93 84 90 100 96 98 100 83 96 100 100 100 100 100 100 41 50 10 62 90 98 100 100 100 100 98 95 98 100 100 100 100 100 100 100 100 100 95 28 0 0 33 93 88 96 100 100 100 100 92 95 100 92
96 100 100 94 66 94 92 99 100 100 100 97 100 100 98 99 99 100 100 100 100 96 44 0 30 99 100 100 100 100 100 100 100 95 83 62 98 100 100 100 100 97 82 95 95 68 2 43 98 99 100 100 100 100 99 97 100 100 100 96
96 100 100 100 99 100 95 98 100 100 100 100 100 100 100 100 100 100 96 98 100 98 19 0 12 65 100 100 100 100 100 100 100 75 63 89 89 97 100 100 99 85 33 94 100 100 96 92 100 99 97 100 100 100 100 99 100 100 100 96
96 100 100 100 100 100 82 64 78 99 100 100 100 99 97 97 97 95 88 99 95 100 87 32 29 100 100 100 100 100 100 99 100 95 78 76 65 86 90 96 100 97 57 88 100 100 100 100 100 100 98 92 78 98 100 100 100 100 100 96
86 100 100 100 100 100 63 39 75 77 100 100 97 55 26 43 29 65 22 76 97 91 100 100 74 81 99 100 100 100 100 100 100 97 86 97 95 94 82 73 78 96 79 100 100 98 99 100 100 56 24 30 24 41 64 57 86 98 94 96
67 100 100 97 100 93 83 54 73 53 82 95 46 50 78 18 11 8 74 94 56 58 97 97 100 84 81 79 100 100 100 100 100 100 96 93 85 99 100 100 100 67 31 80 100 100 100 100 98 73 50 40 44 42 61 73 100 87 65 87
89 92 100 100 100 99 100 99 94 83 88 98 60 40 100 66 27 60 100 74 27 60 64 10 64 55 49 39 43 98 100 100 100 100 100 99 100 98 87 95 92 89 39 97 100 100 100 100 100 99 97 98 42 60 69 70 77 93 59 83
83 97 100 95 100 92 92 97 90 100 100 91 63 6 23 48 99 98 94 95 61 97 52 35 69 59 71 60 87 60 100 100 100 100 100 100 99 92 98 96 99 95 92 99 100 100 100 100 97 100 100 100 26 1 58 100 100 100 99 96
78 100 97 71 73 65 56 85 95 98 91 57 56 72 76 97 100 100 100 96 90 97 43 61 38 99 66 85 59 47 78 100 100 98 99 99 93 98 100 100 100 100 100 98 68 93 100 98 100 99 99 98 24 81 97 100 99 100 96 49
0 12 67 47 3 34 4 2 17 31 53 8 1 19 48 98 96 98 98 70 96 64 70 25 80 100 100 100 100 94 71 76 100 99 97 65 68 89 96 99 97 97 100 100 100 99 100 100 84 72 50 16 42 69 100 100 97 70 43 67
0 0 21 87 68 56 27 4 1 7 10 0 0 0 13 93 93 38 12 14 28 14 25 84 93 100 100 99 98 81 73 85 67 100 100 100 100 99 99 96 75 98 100 100 100 99 100 100 96 73 38 30 49 91 100 85 94 96 99 86
57 63 95 99 100 99 89 91 70 41 24 52 27 23 27 93 83 91 49 5 19 51 78 94 98 99 100 99 77 33 44 100 82 58 87 89 91 89 100 96 92 100 100 100 94 100 100 100 99 92 56 98 48 10 77 61 46 69 93 79
94 98 100 100 99 100 100 100 95 70 41 76 97 100 92 92 91 95 85 76 88 96 99 98 100 100 100 100 66 41 100 95 97 58 79 66 48 70 79 99 99 100 100 100 99 100 99 100 100 98 43 68 64 69 84 91 44 42 74 90
40 79 100 100 98 100 100 100 99 52 48 81 100 100 99 97 98 74 33 100 83 97 99 99 100 98 100 100 76 90 95 95 90 33 70 31 50 96 99 100 100 100 100 99 98 100 100 100 100 57 30 73 81 100 99 92 43 52 79 80
47 96 100 100 100 97 99 100 63 13 98 95 98 95 77 91 82 32 42 75 78 100 84 77 99 85 37 68 48 70 81 73 85 2 18 40 15 84 100 100 100 100 100 99 100 100 100 100 100 70 37 99 100 100 100 100 99 98 100 96
77 98 100 100 100 100 92 86 86 47 66 72 67 67 66 61 13 19 52 96 75 29 75 5 38 37 13 17 24 59 95 92 72 21 29 48 60 98 100 100 100 99 90 91 88 96 100 100 100 74 78 99 100 100 100 100 100 100 100 96
79 86 86 96 100 100 100 87 81 97 95 79 85 38 0 16 46 14 22 41 43 25 3 27 47 37 57 37 23 54 52 78 20 1 38 20 56 90 99 96 80 77 99 43 11 67 100 100 100 94 100 100 100 100 100 100 91 99 99 78
76 81 80 59 83 78 80 86 60 94 99 98 56 64 14 37 37 26 50 33 54 94 37 54 99 68 72 30 15 35 65 33 26 4 79 30 34 68 94 86 10 40 78 64 89 93 100 100 100 91 97 100 97 100 100 99 100 99 98 70
86 93 76 91 37 54 99 100 90 98 96 73 30 37 47 69 85 98 85 69 20 72 89 97 93 55 36 33 7 30 70 12 11 3 67 87 30 35 34 96 72 57 84 65 60 93 97 100 100 99 73 98 99 100 100 100 100 100 97 58
96 94 100 100 78 58 100 89 97 99 85 91 92 100 100 100 86 78 81 64 3 26 67 100 60 32 18 46 59 64 19 16 17 51 23 38 16 56 42 83 90 84 94 83 76 96 99 100 100 100 55 61 88 100 97 92 83 94 96 59
90 100 100 100 100 100 99 94 89 92 88 95 96 100 100 100 67 36 45 31 2 12 84 93 85 10 42 34 67 70 75 74 33 81 73 41 63 85 98 95 100 100 94 82 71 91 100 100 100 92 51 96 100 100 100 73 78 76 95 9
79 95 90 94 100 100 99 98 87 72 71 100 100 100 100 100 99 81 94 84 45 52 60 82 60 19 48 39 52 39 97 97 77 66 12 37 35 99 100 95 91 97 95 95 95 98 94 88 92 100 85 100 100 100 99 97 95 74 87 21
88 100 96 84 100 100 100 100 100 98 97 100 100 100 99 100 98 97 95 71 39 14 18 54 41 32 55 40 62 96 79 97 81 88 96 60 74 76 98 99 100 100 98 99 100 100 100 98 100 100 89 99 99 100 100 71 75 91 97 85
96 93 95 100 100 98 100 100 100 100 100 100 99 98 100 100 99 99 82 96 73 83 10 6 0 17 19 34 61 80 59 100 86 93 77 75 61 51 77 100 100 100 94 94 100 100 100 95 99 100 86 81 80 98 96 100 97 100 100 83
89 71 94 88 88 93 100 100 100 100 94 98 96 97 100 100 100 96 92 83 22 42 62 17 26 65 91 98 100 100 100 100 100 97 60 66 64 5 32 85 100 100 100 100 100 100 100 99 92 98 64 64 92 100 97 83 76 71 79 66
48 54 37 32 61 83 86 100 100 55 58 100 100 100 100 100 99 100 99 83 46 34 85 51 74 94 100 100 99 100 100 100 91 97 50 38 99 67 82 90 92 100 100 100 100 100 100 100 99 98 48 93 100 100 97 86 63 72 86 79
88 55 37 35 49 84 83 63 85 15 44 98 99 100 100 100 100 86 95 94 66 72 72 79 81 94 100 100 100 100 100 100 100 100 95 88 99 100 85 96 91 85 96 100 100 100 100 100 98 77 53 90 100 99 100 99 98 97 93 63
51 38 30 53 43 56 77 57 3 3 86 67 45 84 100 100 90 88 82 82 94 95 96 73 85 76 79 100 100 100 100 100 100 100 100 100 100 100 97 99 100 98 59 93 65 68 100 100 100 69 72 99 100 100 93 87 87 55 34 11
62 27 77 65 26 30 44 54 0 28 77 80 41 58 75 100 84 58 83 85 68 87 90 99 97 94 28 98 99 98 88 84 89 95 99 96 99 100 99 100 100 99 86 83 89 100 98 100 96 81 97 97 100 100 97 78 69 34 15 22
21 35 77 33 36 63 60 33 7 59 34 38 25 85 99 100 91 88 92 70 53 90 93 98 96 100 95 99 98 93 86 85 99 93 85 90 94 92 99 99 96 99 93 74 86 99 99 100 96 74 100 100 100 100 100 96 55 67 84 61
27 42 24 48 43 35 44 74 99 100 96 86 90 99 100 100 92 75 78 68 28 55 72 97 92 93 91 99 96 83 79 97 100 99 93 66 88 94 100 98 98 99 90 69 98 100 92 81 69 41 73 99 98 100 100 100 99 93 96 67
70 59 51 57 44 35 62 100 99 100 98 100 99 100 100 100 99 99 98 86 91 80 84 100 98 97 95 95 93 87 32 91 100 99 99 91 98 97 100 100 99 88 64 59 92 92 100 100 94 90 83 67 71 99 100 100 99 100 100 71
89 99 96 100 50 24 9 66 98 67 100 100 100 100 100 99 98 86 98 100 95 100 99 100 99 100 98 98 73 74 80 99 94 48 39 28 32 81 76 73 83 93 96 79 99 99 100 86 24 86 93 61 68 56 76 100 100 100 98 94
70 98 86 95 99 99 96 90 100 57 100 99 100 100 93 95 95 86 90 100 100 100 100 100 100 99 99 91 55 79 84 96 85 60 55 34 58 97 88 92 98 94 90 93 100 100 100 93 13 3 44 75 71 82 87 100 100 99 99 64
85 81 65 81 74 69 78 93 100 98 94 86 100 100 76 34 100 93 82 76 99 100 100 99 100 100 98 98 85 85 100 100 100 100 89 59 77 91 100 100 99 92 97 90 100 100 100 68 28 10 53 78 88 68 100 100 86 85 90 60
2 10 0 10 41 79 63 100 90 74 49 48 97 99 92 35 51 88 70 86 98 100 80 77 91 100 99 99 98 97 99 100 100 100 85 91 77 97 100 100 100 99 96 95 100 94 85 79 57 4 6 31 58 99 100 98 97 85 30 22
0 41 30 15 56 99 99 100 95 43 44 37 75 82 96 57 38 64 69 83 95 85 42 35 68 93 100 100 100 100 100 100 100 97 89 76 88 95 100 100 100 96 97 100 100 91 43 89 100 81 18 34 79 100 100 95 91 98 79 24
0 2 71 85 87 95 98 99 95 90 49 19 29 40 73 22 32 88 88 99 100 94 78 96 85 100 100 100 99 100 100 100 100 97 99 87 75 83 99 100 100 99 99 100 100 93 79 100 70 69 90 50 96 98 100 94 79 75 66 95
11 35 48 94 73 49 76 86 83 90 76 5 30 49 78 80 33 73 100 100 100 100 100 99 99 100 100 100 94 77 96 100 99 99 100 94 76 94 100 100 100 100 100 100 88 50 51 87 1 1 46 95 63 95 34 34 85 91 41 81
62 97 85 67 72 17 82 93 97 99 66 16 40 40 72 100 75 62 97 98 100 100 100 99 68 86 98 100 54 1 53 99 97 92 99 94 97 83 99 100 100 100 100 100 99 75 0 37 48 2 5 54 67 59 42 9 47 79 85 92
45 89 41 29 29 90 95 92 93 93 55 17 16 19 64 92 75 89 46 81 95 81 84 71 58 96 100 100 88 13 5 79 96 59 90 100 99 99 100 100 100 100 97 75 82 33 7 27 45 16 47 82 48 7 26 92 90 93 98 61
20 23 43 60 73 90 78 69 85 81 32 46 72 64 80 94 81 85 45 98 86 88 79 7 6 58 94 92 97 83 15 7 73 58 89 100 100 100 89 97 100 99 99 87 31 7 34 31 15 20 63 76 49 43 53 88 100 100 92 95
3 29 28 77 97 98 66 61 76 38 10 69 63 52 69 86 61 57 61 76 50 64 57 32 1 25 59 46 49 100 73 6 33 82 97 99 100 97 96 80 84 77 56 61 61 36 34 32 38 20 87 97 37 69 93 49 95 95 68 74
8 8 27 61 98 97 60 62 65 9 29 57 57 42 65 59 70 43 89 89 40 7 19 72 26 40 18 15 50 40 33 6 87 97 99 92 97 100 96 93 100 69 33 69 92 77 91 67 80 64 53 58 98 71 94 46 51 34 25 24
19 18 29 57 94 100 64 43 25 13 70 55 51 49 53 47 62 44 87 65 5 3 7 61 37 53 27 7 20 3 17 99 99 89 62 73 59 97 100 34 60 77 99 100 99 100 95 66 97 74 3 16 92 100 100 99 93 4 25 7
22 30 31 44 38 51 84 10 0 13 49 70 63 60 50 70 45 78 85 45 1 2 34 83 90 58 26 0 56 71 72 93 85 77 45 24 43 88 96 69 22 88 86 96 96 94 96 63 64 2 4 60 90 96 96 95 70 27 57 30
