data/outputs/Sarzedas de Vasco/2015/resolution_1/CONT_NORM_1_5.asc
ncols         300
nrows         300
xllcorner     -8.222016814931
yllcorner      39.947705019877
cellsize       0.000044966080
NODATA_value  -9999
[rows 102 to 152 of 300, columns 0 to 95 of 300]
80 99 100 100 100 100 73 87 100 100 100 100 100 100 100 100 100 100 100 100 100 100 100 100 100 100 100 100 100 100 100 100 100 100 100 100 100 100 100 94 99 100 100 100 100 99 81 66 54 67 89 89 99 93 100 100 100 100 100 100 86 91 88 30 0 0 0 11 97 100 100 100 100 100 100 100 97 36 54 28 9 1 0 0 0 3 29 51 66 100 100 100 100 100 100 100
76 65 82 100 100 90 93 100 100 100 100 100 100 100 100 100 100 100 100 100 100 100 100 100 100 100 100 100 100 100 100 100 100 100 100 100 100 100 100 99 100 100 100 100 100 100 100 89 59 90 80 85 72 84 99 100 100 100 92 100 100 99 74 61 30 0 0 1 71 100 100 100 100 100 100 100 98 76 100 100 98 61 19 3 0 0 7 96 100 100 100 100 100 100 100 100
75 88 77 91 98 47 98 98 79 100 100 100 100 100 100 100 100 100 100 100 100 100 100 100 100 100 99 87 100 100 100 100 100 100 100 100 92 100 100 100 98 86 99 100 81 93 99 100 100 99 84 85 91 90 85 91 99 100 100 100 100 85 82 64 40 7 12 18 44 80 100 100 100 100 100 91 76 99 100 93 85 100 99 75 27 51 59 92 100 100 100 100 100 100 100 100
65 93 78 90 62 83 94 100 66 100 100 100 100 100 100 100 100 100 100 100 100 100 100 100 100 100 80 99 100 100 100 100 100 100 100 100 100 100 100 100 84 98 100 100 99 99 100 100 100 100 93 99 100 100 100 86 75 100 100 100 100 98 77 89 72 47 1 0 1 6 74 97 95 89 47 37 69 31 49 83 93 100 100 100 100 100 100 100 100 82 100 100 100 100 100 100
55 97 92 85 57 100 100 100 99 100 100 100 100 100 100 100 100 100 100 100 100 100 100 100 100 100 99 87 100 100 100 100 100 100 100 100 100 100 100 100 91 98 93 100 100 100 100 100 100 100 100 100 100 100 100 92 85 95 92 100 98 70 77 81 58 30 2 0 0 0 14 10 2 4 25 92 40 8 0 15 99 100 100 100 100 100 100 100 100 69 61 63 100 100 100 100
80 74 80 47 99 100 100 100 100 100 100 100 100 100 100 100 75 100 100 100 100 100 100 100 100 100 100 99 100 93 100 100 100 100 100 100 100 100 99 85 54 67 85 100 100 100 100 94 99 100 100 100 100 100 100 100 100 63 78 100 62 82 73 68 36 27 5 0 0 0 0 0 0 0 36 76 39 1 5 62 100 100 100 100 100 100 100 100 100 100 96 95 100 66 99 98
66 98 100 100 100 100 100 100 100 100 100 100 100 100 100 100 100 100 100 100 100 100 100 100 100 100 100 100 77 44 96 43 61 79 80 100 100 99 87 100 96 48 87 100 100 100 100 99 100 100 100 100 100 100 100 100 100 99 98 88 73 54 48 21 36 14 0 0 0 0 0 0 0 0 1 18 32 21 53 100 100 100 100 100 100 100 100 100 100 100 100 100 99 68 100 100
70 94 100 100 82 92 93 100 100 100 100 100 100 100 98 70 89 73 73 93 96 100 100 100 100 100 100 100 96 18 74 89 100 91 89 100 100 100 63 91 55 96 100 100 100 100 100 100 100 100 100 100 100 100 100 100 100 100 92 24 8 65 73 37 26 13 3 10 2 0 0 0 15 30 42 37 75 66 87 97 93 100 100 100 100 100 100 100 100 100 100 100 100 100 100 100
61 97 100 100 97 100 99 100 100 100 89 99 100 100 98 75 88 38 31 45 14 57 89 100 94 93 89 86 100 55 75 73 91 52 25 82 100 100 66 60 83 100 100 99 94 87 99 100 100 100 100 100 100 100 100 100 100 100 88 6 13 45 100 100 100 93 68 27 3 0 0 0 71 100 98 95 99 99 100 100 100 100 100 100 100 100 100 100 100 100 100 100 100 100 100 100
80 92 91 100 100 100 100 100 100 100 98 100 100 100 77 29 59 89 87 47 42 27 34 39 1 0 34 63 95 99 33 26 99 39 29 81 100 86 19 52 76 100 100 100 96 88 100 100 100 100 93 100 91 93 100 100 100 100 50 2 31 87 100 100 96 52 100 99 85 52 2 66 90 100 100 86 91 75 100 100 100 100 100 100 100 100 100 100 100 100 100 100 100 100 100 100
50 95 84 100 100 100 100 100 100 100 100 100 100 100 91 79 82 85 78 93 87 84 93 93 84 91 77 29 31 97 52 20 95 78 31 99 100 94 89 96 82 93 100 100 100 100 100 100 100 100 86 99 100 100 98 92 92 81 6 2 70 94 100 100 100 96 100 100 100 79 88 100 86 100 100 100 100 100 100 100 100 100 100 100 100 100 100 100 100 100 100 100 100 100 100 100
24 67 99 100 100 100 100 100 100 100 100 73 100 100 100 100 99 64 100 98 96 100 100 100 47 20 53 71 96 89 82 66 96 43 91 100 99 100 100 100 97 82 97 100 100 100 100 100 100 91 43 52 100 92 89 100 100 20 0 0 7 4 37 58 69 63 100 99 100 100 96 73 85 99 94 92 100 100 100 100 100 100 100 100 100 100 100 100 100 100 100 100 100 100 100 100
0 4 39 88 93 91 100 100 100 100 100 96 100 100 100 70 38 54 62 88 71 97 96 100 89 91 48 20 18 70 15 0 73 74 52 73 80 87 89 82 81 92 100 100 100 100 85 100 100 100 100 99 67 83 100 100 86 5 0 0 0 0 0 0 0 10 51 57 94 76 34 44 81 94 99 100 100 100 100 100 100 100 100 100 100 100 100 100 100 100 100 100 100 100 91 98
0 0 0 0 0 9 25 16 50 99 100 47 69 100 100 82 58 21 6 4 7 6 4 13 13 16 24 4 0 0 1 0 5 23 14 29 0 9 0 7 13 17 40 41 48 53 70 89 89 100 100 100 100 100 100 100 51 0 0 0 0 0 0 0 0 0 43 99 84 67 13 50 57 98 100 100 100 100 100 100 100 100 100 100 100 100 100 100 100 100 100 100 100 100 84 84
0 0 0 0 0 0 0 0 13 88 100 80 37 100 100 70 31 32 21 1 0 0 0 3 5 5 15 44 13 0 0 0 0 0 0 0 0 0 0 0 0 17 7 0 1 5 1 0 6 73 68 58 53 100 42 36 11 0 0 0 0 8 0 0 0 0 20 51 36 72 30 61 71 100 100 100 100 100 100 100 100 100 100 100 100 100 100 100 100 100 100 100 100 100 100 100
0 0 0 0 0 0 0 0 0 10 51 97 28 95 100 100 84 0 0 0 0 0 0 0 0 4 52 81 83 45 0 0 0 0 0 0 0 0 0 0 0 0 9 12 7 19 23 22 7 21 99 97 82 58 0 0 0 0 0 0 0 14 5 0 0 0 0 0 0 0 0 1 3 77 100 100 100 100 100 100 100 99 100 99 100 100 100 100 100 100 100 100 100 100 100 93
0 0 0 0 0 0 0 0 0 0 12 95 25 69 100 100 100 68 19 6 0 0 0 0 0 1 50 94 49 17 0 0 0 0 0 0 0 0 0 0 0 0 32 82 40 28 77 52 4 0 60 59 36 2 0 3 0 0 0 0 0 0 0 0 0 0 0 0 0 0 0 0 0 60 99 100 100 100 100 100 100 92 92 68 99 100 100 100 100 100 100 100 100 87 100 99
0 0 0 0 0 0 0 0 0 0 0 10 1 49 100 100 93 71 85 15 0 6 12 0 0 5 33 68 78 61 44 1 0 1 0 0 0 0 0 0 0 0 11 26 22 0 9 2 34 0 0 0 0 0 0 0 0 0 0 0 0 0 0 0 0 0 0 0 0 0 0 0 0 82 93 70 100 100 92 100 100 100 100 78 74 68 91 96 100 100 100 100 100 99 75 100
0 0 0 0 0 0 0 0 0 0 0 0 0 29 100 100 98 32 26 19 37 29 46 0 0 1 12 64 96 100 77 72 68 36 0 0 0 0 0 0 0 0 0 11 20 0 0 0 13 0 7 0 6 25 2 0 0 0 0 0 0 0 0 0 0 0 0 0 0 0 0 0 5 49 56 69 75 100 100 100 100 100 100 73 0 2 6 72 100 100 100 62 35 23 27 98
0 0 0 0 0 0 0 0 0 0 0 0 0 2 95 100 100 78 44 72 58 71 73 18 19 43 88 100 92 92 54 37 25 27 0 0 0 0 0 0 0 0 0 2 2 0 0 0 0 0 0 12 2 0 3 1 0 0 0 0 0 0 0 0 0 0 0 0 0 0 0 0 0 14 27 41 100 100 100 100 100 100 100 98 50 26 0 3 45 58 28 18 0 0 1 28
0 0 0 0 0 0 0 0 0 0 0 0 1 0 80 100 100 100 100 100 100 100 100 99 52 42 90 71 27 56 13 0 0 0 0 0 0 0 0 0 0 0 0 0 0 0 0 0 0 0 54 35 0 0 0 4 0 0 0 0 0 0 0 0 0 0 0 0 0 0 0 0 0 32 77 73 100 100 100 100 100 100 100 100 100 92 41 0 0 0 0 0 0 0 0 0
0 0 0 0 0 0 0 0 0 0 0 0 1 0 49 100 100 100 100 100 100 99 100 88 61 30 13 0 1 0 0 0 0 0 0 0 0 0 0 0 0 0 0 0 0 0 0 0 2 39 64 1 1 2 0 1 0 0 0 0 0 0 0 0 0 0 0 0 0 0 0 0 0 0 24 93 100 100 99 93 100 100 100 100 100 91 64 0 0 0 0 0 0 0 0 0
1 0 0 0 0 0 0 0 0 0 0 20 39 66 33 100 100 100 100 100 100 93 100 99 59 63 74 80 74 81 56 61 61 56 41 33 25 17 12 2 0 0 0 0 0 0 0 10 44 67 30 11 0 0 0 0 0 0 0 0 0 0 0 0 0 0 0 0 0 0 0 0 0 0 32 97 100 100 93 91 100 100 100 99 98 99 86 58 5 0 0 0 0 0 0 0
0 0 0 0 0 0 0 0 0 13 47 81 99 100 98 100 100 100 100 100 100 100 100 100 100 100 100 100 100 100 100 100 100 100 100 99 88 100 74 12 31 5 10 19 7 33 70 94 55 53 83 76 9 0 0 0 0 0 11 5 0 0 0 0 3 0 0 0 0 0 0 0 0 0 20 40 100 100 100 100 100 100 84 47 16 81 100 100 79 28 1 0 0 0 0 0
53 66 8 7 11 29 40 59 56 49 72 100 100 100 99 93 100 100 100 100 100 100 100 100 100 100 100 100 100 96 49 88 100 100 100 100 86 99 81 55 33 66 40 73 88 23 22 62 27 90 96 53 0 0 0 0 13 78 66 62 0 0 0 0 0 0 0 0 0 0 0 0 17 64 97 99 83 100 100 100 100 100 96 86 90 99 100 100 100 92 25 5 67 20 1 0
80 100 69 76 76 50 97 81 69 78 89 100 100 100 100 100 100 100 100 100 100 100 100 100 100 100 100 100 100 82 14 14 92 93 100 100 100 100 93 100 74 86 96 90 81 77 8 20 47 78 70 1 0 0 0 4 79 100 100 81 41 26 6 1 0 0 0 0 0 0 0 0 15 90 100 93 71 100 100 100 98 100 96 63 99 93 93 100 100 100 93 73 61 61 11 16
80 100 98 100 100 99 85 98 96 100 97 100 100 100 100 100 85 100 100 100 100 100 100 100 93 100 100 100 100 100 91 86 99 100 100 100 85 100 100 100 100 73 99 94 81 39 19 0 1 5 19 0 0 8 2 43 61 90 92 78 94 67 31 25 15 3 35 20 33 51 7 0 0 3 55 99 100 100 100 81 17 75 100 94 99 100 83 54 100 100 100 100 80 44 59 55
76 70 100 96 58 100 99 94 73 100 93 94 98 100 100 100 100 92 100 100 100 100 100 100 99 100 100 100 100 100 100 100 100 100 100 100 100 100 100 100 100 99 100 100 100 99 81 20 0 0 0 29 33 54 56 81 76 38 55 78 82 89 70 77 45 79 100 97 100 58 0 21 34 53 95 100 100 100 97 67 46 92 99 99 93 100 77 92 100 100 100 100 83 79 64 36
80 98 98 93 78 100 100 100 92 100 100 94 94 100 100 100 100 100 100 100 100 100 100 100 100 100 100 100 100 100 100 100 100 100 100 100 100 100 100 100 100 100 100 94 99 99 97 52 0 0 0 22 26 34 71 67 84 75 77 94 87 90 89 100 100 100 100 100 100 100 80 90 15 73 100 100 100 100 92 48 86 61 72 99 99 99 72 100 100 100 100 100 99 49 50 24
80 100 93 100 100 100 100 100 100 100 100 100 100 100 100 100 100 100 100 100 100 100 100 100 100 100 100 100 100 100 100 100 100 100 100 100 100 100 100 100 100 100 97 99 72 33 78 95 17 48 65 46 73 86 99 97 73 53 51 89 67 98 100 100 100 100 100 100 100 100 100 76 85 92 100 100 100 93 93 67 70 49 96 100 100 93 66 81 100 100 100 81 99 86 58 63
80 100 100 100 100 92 92 100 100 100 100 100 100 100 100 100 100 100 100 100 100 100 100 100 100 100 100 100 100 100 100 100 100 100 100 100 100 100 100 100 100 98 82 100 94 58 87 99 27 77 37 53 6 24 30 92 89 65 96 86 100 100 100 100 100 100 100 100 100 100 100 97 100 100 100 100 100 100 100 88 88 83 87 100 100 100 99 97 100 93 74 75 61 80 99 100
80 100 100 100 100 100 67 98 100 100 100 100 100 100 100 100 100 100 100 100 100 100 100 100 100 100 100 100 100 100 100 100 100 100 100 100 100 100 100 100 97 41 98 100 100 100 97 100 91 66 54 59 52 15 0 14 28 80 81 85 100 100 100 100 100 100 100 100 100 100 100 100 100 100 100 100 100 100 89 72 94 99 100 100 100 100 100 100 99 84 90 93 88 92 100 100
73 100 100 100 100 100 98 100 100 100 100 100 100 100 100 100 100 100 100 100 89 93 100 100 100 100 92 100 100 100 100 100 100 100 100 100 100 100 100 100 94 97 100 100 100 100 100 97 53 75 54 40 48 39 0 29 88 99 100 100 100 100 100 100 100 100 100 100 100 100 100 100 100 100 100 100 100 100 98 60 98 100 100 100 100 100 100 100 100 99 100 97 51 99 100 100
11 92 100 100 100 100 100 100 100 100 100 100 100 100 100 100 100 100 100 100 98 86 100 100 100 100 100 100 100 100 100 100 100 100 100 100 100 100 100 100 100 100 100 100 100 100 100 96 51 37 51 49 76 86 60 81 79 100 100 100 100 100 100 100 100 100 100 100 100 100 100 100 100 100 100 100 100 100 100 74 77 100 100 100 100 92 77 94 100 100 93 50 31 96 100 100
0 22 66 97 94 99 82 100 100 100 100 100 100 100 100 100 100 100 100 100 100 100 100 100 100 100 100 100 100 100 100 100 100 100 100 100 100 100 100 100 100 100 100 100 100 100 90 72 11 24 42 12 39 80 19 35 53 99 100 100 100 100 100 100 100 100 100 100 100 100 100 100 100 100 100 100 100 100 75 99 99 100 100 100 100 99 36 30 77 98 16 1 0 21 79 100
0 1 50 53 55 55 51 61 100 100 100 100 100 100 100 100 100 100 100 100 100 100 100 93 100 100 100 100 100 100 100 100 100 100 100 100 100 100 100 100 100 100 100 100 100 100 76 12 13 72 85 36 36 19 34 28 71 84 100 93 100 100 100 100 100 100 100 100 100 100 100 100 100 100 100 100 100 100 100 100 100 100 100 100 100 100 34 27 67 36 0 0 0 2 81 100
0 0 0 0 0 33 59 75 60 100 100 100 100 100 100 100 100 100 100 100 100 100 100 99 100 100 100 100 100 100 100 100 100 100 100 100 100 100 100 100 100 100 100 100 100 100 36 21 12 97 28 29 60 46 50 77 85 59 100 99 100 100 100 100 100 100 100 100 100 100 100 100 100 98 100 84 87 100 100 100 100 89 99 100 100 96 63 86 100 42 0 0 0 25 100 100
44 9 72 35 1 4 11 90 100 99 100 100 100 100 100 100 100 100 100 100 100 100 100 100 85 100 100 100 100 100 100 100 100 100 100 100 100 100 100 100 100 100 100 100 83 18 32 0 0 27 56 44 43 74 56 42 62 81 98 100 100 100 100 100 100 100 100 100 100 100 100 100 98 76 100 100 97 100 100 100 100 98 100 100 100 79 66 74 94 71 3 0 0 19 100 100
21 0 20 38 30 42 79 98 100 93 100 100 100 100 100 100 100 100 100 100 100 100 100 100 100 100 100 100 100 100 100 100 100 100 100 100 100 100 100 100 51 57 100 77 10 0 41 0 0 23 99 100 99 83 89 69 86 62 100 100 100 100 99 93 100 92 99 97 100 100 85 90 72 14 97 71 53 100 100 100 100 100 100 100 100 100 81 58 14 10 0 0 0 20 100 100
3 5 70 84 84 88 100 100 100 100 100 100 100 100 100 100 100 100 100 100 100 100 100 100 100 100 100 100 100 100 100 100 100 100 100 100 100 100 100 100 98 100 100 46 0 5 1 0 1 80 100 100 100 99 92 80 93 92 100 100 100 100 93 92 89 92 93 47 85 100 100 76 51 35 97 76 97 100 100 93 99 100 100 100 87 75 84 82 6 0 0 0 0 53 100 100
0 17 92 100 99 96 100 100 100 100 100 100 100 100 100 100 100 100 100 100 100 100 100 100 100 100 94 89 100 100 100 100 100 100 100 100 100 100 100 100 100 100 50 4 0 5 0 0 0 93 100 100 100 100 100 100 100 100 100 100 100 100 81 96 98 100 100 94 96 100 100 93 84 98 97 96 100 100 100 100 100 100 100 77 12 0 21 29 1 11 59 4 0 57 100 100
0 0 15 96 94 94 100 100 100 100 100 100 100 100 100 100 100 100 100 100 100 100 100 100 100 100 99 97 86 94 100 100 100 100 100 100 100 100 100 100 100 100 60 32 1 0 0 0 0 68 100 100 100 100 100 100 100 100 100 100 100 100 100 100 100 100 92 85 93 99 99 72 15 90 81 68 87 100 100 100 93 99 100 65 1 0 1 27 1 43 50 18 19 83 100 100
0 33 73 100 100 100 100 100 100 100 100 100 100 100 100 100 100 100 100 100 100 100 100 100 100 100 100 100 99 75 72 99 100 100 100 100 100 100 100 100 100 100 100 75 15 0 0 0 0 8 80 100 100 100 100 100 100 100 100 100 100 100 100 100 100 100 100 100 100 100 99 69 27 96 99 42 98 100 100 100 97 62 97 60 0 0 4 2 61 75 43 23 21 94 100 100
24 93 100 100 100 100 100 100 100 100 100 100 100 100 100 100 100 100 100 100 100 100 100 100 100 100 100 100 100 100 75 35 74 99 100 100 100 100 100 100 100 100 100 100 97 92 14 0 0 0 27 100 100 100 100 99 100 100 100 100 100 100 100 100 100 100 99 100 100 99 94 100 100 93 99 100 100 100 100 100 84 79 51 6 0 1 44 65 100 65 63 42 21 96 100 100
15 99 100 100 100 100 100 100 100 100 100 100 100 100 100 100 100 100 100 100 100 100 100 100 100 100 100 100 100 100 100 98 61 71 99 100 100 100 100 100 100 100 100 100 100 100 72 15 0 0 2 47 65 60 42 58 85 96 100 100 99 100 95 100 100 100 93 92 100 96 100 100 100 100 100 100 92 100 100 100 69 10 0 0 0 0 1 70 97 33 23 24 14 100 100 100
2 86 100 100 100 100 100 100 100 100 100 100 100 100 100 100 100 100 100 100 100 100 100 100 100 100 100 100 100 100 100 100 100 100 83 35 71 99 100 100 100 100 100 100 100 96 57 0 0 5 16 28 13 9 5 13 4 5 16 13 9 23 6 53 75 99 100 99 89 82 79 83 100 100 100 98 92 90 100 73 30 0 0 0 0 0 0 0 7 2 13 12 14 100 100 100
0 81 100 100 100 99 49 100 100 100 100 100 100 100 100 100 100 100 100 100 100 100 100 100 100 100 100 100 100 100 100 100 100 100 100 93 64 40 60 96 100 100 100 96 55 7 6 59 92 96 100 100 89 78 79 100 97 65 70 57 20 7 29 21 27 42 46 30 7 9 7 36 69 45 49 12 17 11 44 4 0 0 0 0 0 0 0 0 0 0 0 0 41 100 100 100
2 27 92 100 100 100 96 100 100 100 100 100 100 100 100 100 100 100 100 100 100 100 100 100 100 100 100 100 100 100 100 100 100 100 100 100 100 99 67 26 45 71 63 11 20 76 91 100 99 100 100 100 100 93 100 93 92 99 100 46 53 60 100 100 99 94 4 0 0 0 0 0 0 0 0 0 0 0 0 0 0 0 0 0 0 0 3 0 0 0 0 0 49 100 100 100
63 28 11 82 100 100 100 100 100 100 100 100 100 100 100 100 99 93 100 100 100 100 100 100 100 100 100 100 100 100 100 100 100 100 100 100 100 100 100 92 7 0 8 55 99 100 100 88 55 99 100 100 100 100 100 62 70 90 87 43 62 100 100 100 100 99 43 0 0 0 0 0 0 0 0 0 0 10 7 0 0 0 0 0 0 0 3 0 0 0 0 0 54 100 100 100
80 99 63 18 28 76 100 100 100 100 100 100 100 87 99 100 100 100 100 100 100 100 100 100 100 100 100 100 100 100 100 100 100 100 100 100 100 100 99 67 19 72 91 100 100 100 100 98 77 100 100 100 100 100 100 92 97 52 44 78 89 100 92 100 83 93 94 1 0 0 0 0 0 0 0 0 0 24 18 4 0 8 17 18 2 0 0 0 0 0 0 0 80 48 97 100
80 100 100 94 64 41 98 99 69 97 93 69 92 100 100 100 100 100 100 100 100 100 100 100 100 100 100 100 100 100 100 100 100 100 100 100 100 100 39 8 77 100 100 100 100 100 100 100 100 100 100 100 75 92 76 62 49 43 87 99 100 92 100 98 93 100 91 9 0 0 0 0 0 0 0 0 0 0 0 50 80 96 98 77 12 0 7 41 5 0 0 0 26 5 32 91
