data/outputs/Sarzedas de Vasco/2015/resolution_1/CONT_SPEC_1_100.asc
ncols         15
nrows         15
xllcorner     -8.222016814931
yllcorner      39.947705019877
cellsize       0.000899321600
NODATA_value  -9999
2.701500 3.898950 4.792450 4.866150 1.698900 1.279100 1.481600 2.125950 3.527500 4.742600 5.907800 5.921200 4.763150 4.989750 3.733350
3.513550 1.606750 3.884650 2.120600 2.043250 1.303700 1.176750 1.274650 2.040450 1.217050 4.163700 5.392700 3.417200 2.566250 4.657650
3.04800 3.512900 3.423300 2.801600 3.066950 0.337800 0.154800 1.839550 3.352950 3.215800 4.552550 3.859750 2.364550 4.416450 4.027350
4.727800 4.634400 4.288300 3.973850 5.521500 4.059050 2.550550 4.771100 5.735600 5.932650 5.902900 2.581950 4.798250 4.171600 3.649850
5.784650 5.139350 5.369750 4.520200 4.321950 4.598650 4.892200 5.994300 5.417600 5.447600 4.814450 5.944300 4.714300 4.428050 5.643100
4.603450 4.128150 4.474700 3.281900 5.272900 3.566900 4.244800 4.923950 5.838800 5.652300 5.602050 5.84200 5.278600 3.896100 4.975800
4.240300 4.990100 2.874800 3.946950 3.888350 4.319950 5.947200 4.683300 4.524850 5.286500 5.86000 5.95900 4.320600 4.501850 4.371100
5.103150 5.57700 4.663150 3.496600 2.551300 3.227350 3.153200 3.364500 1.995300 4.798350 4.763650 5.416700 5.393650 5.983400 5.71400
5.562400 5.268400 5.330150 5.136950 4.430550 3.385800 2.654600 3.183300 2.691750 3.977600 5.181400 5.461850 5.257600 5.794700 4.584700
4.741350 5.657600 5.626100 5.955300 5.580050 2.459650 3.321050 5.369500 4.703300 4.358750 5.912500 5.971200 5.288850 5.626200 4.950350
2.935550 3.221200 2.718100 4.908350 5.13400 4.969800 5.332400 5.742900 5.732850 5.839650 5.452100 5.634950 5.242400 5.804050 3.540550
4.175250 3.639800 5.619950 5.904150 5.429100 5.25600 5.782150 4.867650 4.469450 5.148800 5.222100 5.747050 3.807650 5.278850 5.546150
2.170800 4.993900 4.170850 4.154400 4.528800 5.165550 5.740050 5.861700 5.504500 5.551900 5.844050 5.332150 2.921600 5.521900 4.357150
3.184900 4.367100 3.878550 3.708850 4.645800 5.213250 5.078250 3.606700 5.395750 5.742050 5.839100 2.776250 2.311950 3.030400 4.980500
1.843650 4.204250 2.434250 3.508750 3.958100 2.013150 1.974350 2.951800 4.652500 5.043100 4.410800 4.494950 3.075250 4.971900 2.921050
