data/outputs/Sarzedas de Vasco/2015/resolution_1/CONT_SPEC_1_65.asc
ncols         23
nrows         23
xllcorner     -8.222016814931
yllcorner      39.947705019877
cellsize       0.000584559040
NODATA_value  -9999
1.842604 4.845444 3.112426 4.200828 5.141065 5.026746 2.503905 1.606272 1.146982 1.383550 1.548994 2.791953 2.472308 5.339408 5.082604 5.952899 5.974201 5.986982 5.824970 4.842367 5.902485 4.636805 4.397988
3.207574 2.648047 2.827456 5.375148 3.673018 3.553728 0.92000 1.150296 2.418462 1.730296 1.180947 1.511361 1.101065 1.467811 1.900237 4.774320 6.0000 5.850651 5.928047 3.864024 4.058462 2.941657 3.026509
4.673609 1.818343 1.106272 2.952899 4.873728 1.109349 2.515621 2.274675 0.592071 0.789349 1.184379 1.008166 2.141183 3.180710 1.278343 1.949704 3.630296 5.310178 5.115621 1.100828 0.855739 4.957988 5.578107
2.910414 3.936450 3.527574 3.261065 5.059053 2.846864 2.638935 2.767929 0.391952 0.077514 0.396804 1.858817 4.011834 0.754674 1.923314 2.740473 4.376568 5.067101 2.084024 2.042130 4.041183 4.936331 4.347337
2.191716 3.631953 3.379645 2.544024 1.879763 1.697041 2.559408 4.166154 1.314438 0.343787 0.172781 0.899526 5.843669 5.387219 5.826746 5.977041 6.0000 4.431834 0.614792 4.915030 4.125089 1.387456 2.273373
4.920355 5.573373 5.534556 4.593136 5.793728 4.712189 5.712071 5.995740 4.383077 2.346746 4.799408 5.906036 5.933609 5.494320 5.978817 5.956331 5.947692 2.552781 2.218462 5.733846 5.074201 5.288994 4.840473
5.899882 5.934201 5.236923 5.522130 5.994793 5.517633 5.608284 5.454556 4.427101 3.046154 6.0000 6.0000 5.782959 4.710296 5.389112 5.776923 4.507692 5.817988 5.861893 5.156331 5.425207 5.911716 6.0000
5.444615 5.960592 4.996095 4.589704 4.948166 3.228639 1.938580 4.405089 4.167219 4.388994 4.284734 5.836095 6.0000 5.767692 5.710769 5.422485 4.232544 5.994320 5.908166 3.831834 2.725799 4.456923 4.917988
4.548994 4.409231 3.889112 4.832781 3.713018 3.108521 5.801302 5.349349 4.181775 3.736686 4.738225 4.443195 5.970059 5.580710 5.660237 5.946391 5.841302 5.657515 5.853254 5.271598 2.714201 5.935503 4.913254
2.055266 4.707337 3.510888 1.911834 1.138580 2.257515 4.817751 1.847337 3.149586 5.749704 5.911716 4.013964 4.857751 5.477870 5.684852 5.569822 6.0000 5.928047 5.853254 3.295503 3.630178 4.705089 5.129231
4.789349 5.979645 5.982485 4.113846 5.049112 5.694556 4.772781 4.678817 5.611953 5.889704 5.179053 4.558935 4.252663 2.696331 4.710533 5.978935 5.965680 5.986036 5.914201 3.423077 5.325207 4.658225 4.778343
5.160710 5.607219 5.406272 4.637160 4.822130 2.620828 1.647337 3.279290 2.202722 2.643432 1.872899 3.560828 2.654793 2.215621 5.243787 5.067574 4.955266 4.906627 6.0000 5.383077 5.987219 5.905562 5.861065
5.204734 4.593373 5.264615 5.481657 4.578225 4.056805 4.501893 3.151953 3.997751 4.319645 1.992544 2.644852 0.973609 2.828284 2.532189 4.311006 4.477751 5.409231 6.0000 4.912663 5.858225 5.767811 5.134556
5.537278 5.791124 5.948166 5.085089 5.846391 5.997160 4.808284 3.376331 2.759882 3.233018 3.080947 4.176450 4.487574 3.056213 5.083905 5.792663 5.634201 5.590296 5.788876 5.269586 5.987219 5.077515 4.160355
5.138698 5.567811 5.896331 5.965089 5.858698 5.942012 5.874793 4.54000 2.467692 1.496568 3.731716 5.279408 5.668876 4.259763 3.204970 5.827456 5.871243 6.0000 5.850651 4.823314 5.686036 5.075621 4.882604
3.126272 2.560710 4.788284 2.535740 5.100828 5.890651 5.737041 5.191124 4.431006 4.871834 5.880710 5.998580 5.915266 5.065917 5.542130 5.656923 5.534911 5.550059 5.948166 4.614083 5.963550 5.552899 4.424260
2.711598 2.912308 2.989231 2.286036 3.103314 5.208402 4.977041 4.2000 5.017515 5.739527 5.152899 5.528639 5.605562 5.581538 5.781302 5.939645 5.136213 5.617633 5.146864 5.565562 5.968047 4.801420 3.033964
3.957515 3.314793 2.865799 5.663550 5.964024 5.987101 5.599645 5.271243 5.318817 5.859290 5.576095 4.467219 5.548047 4.023195 5.217988 5.477160 4.825799 5.839763 4.835385 4.593609 4.837278 5.965917 5.683787
3.954320 4.200355 4.960710 5.314556 5.489467 5.138107 5.021302 5.521538 5.923905 5.977515 5.540237 5.248757 5.573373 4.015148 5.497870 5.865444 5.609941 6.0000 2.917870 2.535148 4.833373 5.837633 4.451598
0.868994 3.510059 5.796213 4.677160 2.533846 4.319882 2.898107 5.280473 4.696213 4.908521 5.991834 6.0000 5.962485 5.100828 5.541775 5.994793 5.871006 4.984970 4.879053 2.878343 5.494911 5.425917 4.217751
3.621538 3.614320 4.510414 5.563314 1.590888 3.702485 4.413254 5.440355 5.656805 5.195621 5.876923 2.645444 5.673491 5.735740 5.634556 5.997160 5.819290 3.166982 2.001065 2.518580 3.117515 3.261893 4.742485
1.477396 4.163195 4.542367 3.675621 3.043432 4.145444 4.220355 4.374201 3.532071 1.612899 3.973609 3.576805 2.860473 5.673373 5.816568 5.416095 4.272663 2.185562 2.103669 3.868639 3.341420 4.739763 4.698935
1.250414 3.52000 3.827456 1.448994 3.521657 3.231834 3.645325 3.282367 1.017041 3.701657 1.178107 2.495266 5.177751 3.738698 5.287456 3.866509 5.181183 5.844615 4.393373 1.785325 5.666627 4.769586 1.498698
