data/outputs/Sarzedas de Vasco/2015/resolution_1/CONT_SPEC_1_15.asc
ncols         100
nrows         100
xllcorner     -8.222016814931
yllcorner      39.947705019877
cellsize       0.000134898240
NODATA_value  -9999
[rows 58 to 86 of 100, columns 0 to 65 of 100]
4.431111 6.0000 5.953333 5.497778 5.713333 5.271111 6.0000 6.0000 6.0000 6.0000 6.0000 5.782222 5.808889 5.644444 5.851111 5.973333 2.693333 4.811111 5.435556 5.993333 5.813333 6.0000 6.0000 6.0000 6.0000 6.0000 6.0000 5.984444 5.146667 3.026667 4.44000 5.946667 4.048889 0.106666 0.253333 1.471111 3.051111 3.588889 3.288889 5.751111 6.0000 4.484444 1.464444 1.424444 1.644444 1.28000 3.251111 4.073333 1.188889 3.782222 5.571111 6.0000 5.082222 4.533333 3.971111 5.164444 4.668889 1.075556 0.96000 2.062222 1.688889 5.76000 5.902222 5.955556 6.0000 6.0000
3.6000 5.846667 5.726667 4.893333 5.633333 5.808889 6.0000 6.0000 6.0000 6.0000 6.0000 6.0000 5.902222 5.613333 4.248889 5.186667 2.28000 3.917778 6.0000 6.0000 6.0000 6.0000 6.0000 6.0000 6.0000 6.0000 6.0000 6.0000 4.955556 5.36000 6.0000 6.0000 5.871111 5.277778 3.637778 2.831111 3.995556 3.6000 5.171111 5.36000 2.308889 1.864444 0.635555 2.815556 3.553333 2.582222 3.966667 2.862222 0.235555 3.971111 5.662222 5.884444 6.0000 5.104444 5.124444 3.884444 1.451111 0.315555 1.566667 2.415556 1.057778 3.28000 6.0000 6.0000 6.0000 5.982222
4.906667 6.0000 6.0000 5.902222 5.526667 3.904444 5.951111 6.0000 6.0000 6.0000 6.0000 6.0000 6.0000 6.0000 6.0000 5.875556 5.76000 5.613333 6.0000 6.0000 6.0000 6.0000 6.0000 6.0000 6.0000 6.0000 6.0000 6.0000 5.533333 5.893333 6.0000 5.993333 5.608889 2.44000 0.324444 0.462222 0.004444 0.817777 4.995556 4.395556 4.262222 0.888888 3.324444 3.297778 2.288889 2.593333 4.646667 4.04000 4.491111 5.944444 5.188889 4.257778 6.0000 3.544444 5.948889 5.775556 5.8000 5.688889 4.822222 4.3000 4.491111 1.895556 4.644444 5.562222 5.991111 5.991111
4.902222 5.931111 6.0000 6.0000 5.906667 5.455556 5.997778 6.0000 6.0000 6.0000 6.0000 6.0000 6.0000 6.0000 6.0000 6.0000 6.0000 6.0000 6.0000 6.0000 6.0000 6.0000 6.0000 5.946667 5.804444 6.0000 5.926667 5.651111 6.0000 5.946667 5.337778 3.266667 3.262222 5.497778 3.526667 3.406667 2.022222 0.342222 1.588889 0.044444 1.108889 1.304444 1.897778 2.833333 1.848889 1.717778 0.335555 2.653333 5.533333 5.624444 3.857778 5.9000 6.0000 5.891111 3.962222 4.184444 6.0000 6.0000 5.486667 1.168889 5.297778 5.895556 4.544444 5.537778 6.0000 6.0000
5.6000 5.757778 5.213333 5.284444 5.848889 6.0000 6.0000 6.0000 6.0000 5.831111 6.0000 6.0000 6.0000 6.0000 6.0000 6.0000 6.0000 6.0000 6.0000 6.0000 6.0000 5.955556 5.884444 5.755556 6.0000 6.0000 5.904444 5.988889 6.0000 6.0000 5.528889 5.671111 6.0000 5.455556 4.857778 5.793333 3.131111 0.106666 0.0000 0.0000 0.04000 0.042222 0.32000 0.186666 0.395555 2.266667 1.06000 4.102222 5.491111 3.146667 1.268889 5.133333 6.0000 4.726667 5.835556 5.906667 4.608889 4.16000 5.424444 5.077778 4.331111 4.497778 2.222222 3.077778 5.613333 6.0000
5.6000 6.0000 6.0000 6.0000 5.955556 5.991111 5.491111 4.893333 5.795556 6.0000 6.0000 6.0000 6.0000 6.0000 6.0000 6.0000 6.0000 6.0000 6.0000 5.902222 5.808889 5.728889 5.984444 6.0000 6.0000 6.0000 6.0000 6.0000 6.0000 5.162222 4.902222 4.902222 4.624444 2.255556 1.56000 2.308889 3.377778 2.575556 2.891111 0.146666 0.0000 1.62000 2.382222 4.371111 4.437778 4.315556 5.795556 6.0000 5.991111 6.0000 5.991111 6.0000 6.0000 6.0000 6.0000 6.0000 6.0000 5.313333 1.804444 4.9000 2.895556 0.455555 0.782222 1.06000 2.926667 5.791111
4.651111 5.028889 2.957778 4.24000 5.591111 5.48000 4.702222 5.651111 5.24000 5.493333 6.0000 6.0000 6.0000 6.0000 6.0000 6.0000 5.991111 4.928889 5.951111 5.853333 5.795556 5.431111 5.917778 6.0000 6.0000 6.0000 6.0000 6.0000 5.991111 5.955556 5.868889 5.902222 6.0000 3.42000 0.615555 1.506667 4.726667 4.62000 0.275555 1.471111 2.286667 3.044444 4.408889 5.184444 5.991111 5.911111 6.0000 6.0000 6.0000 6.0000 6.0000 6.0000 6.0000 6.0000 6.0000 6.0000 4.76000 2.14000 2.617778 4.731111 5.76000 2.484444 0.502222 0.311111 3.1000 3.755556
1.633333 1.773333 3.682222 3.897778 2.464444 2.486667 1.264444 4.328889 5.224444 4.486667 5.068889 6.0000 6.0000 6.0000 6.0000 4.984444 4.575556 4.153333 5.991111 6.0000 6.0000 6.0000 6.0000 6.0000 6.0000 6.0000 6.0000 6.0000 5.92000 6.0000 6.0000 5.862222 5.991111 4.866667 1.811111 2.028889 2.955556 5.035556 3.635556 2.017778 3.986667 4.695556 5.455556 5.955556 6.0000 6.0000 6.0000 5.946667 5.857778 6.0000 6.0000 6.0000 6.0000 5.6000 5.008889 5.822222 4.902222 3.113333 1.033333 4.597778 6.0000 5.093333 2.606667 3.911111 5.106667 5.193333
5.284444 4.608889 3.082222 3.24000 0.591111 1.457778 3.1000 3.031111 2.4000 5.846667 4.953333 3.724444 5.997778 6.0000 6.0000 2.497778 0.0000 0.677777 5.973333 6.0000 6.0000 6.0000 5.946667 6.0000 6.0000 6.0000 6.0000 6.0000 5.982222 6.0000 6.0000 5.653333 4.184444 3.568889 2.851111 1.111111 4.095556 5.804444 3.917778 4.148889 3.431111 5.244444 6.0000 6.0000 6.0000 6.0000 6.0000 5.946667 6.0000 6.0000 6.0000 6.0000 6.0000 6.0000 5.973333 5.92000 5.902222 4.017778 0.331111 2.391111 5.782222 6.0000 5.782222 5.686667 3.457778 5.982222
5.546667 5.457778 2.317778 3.893333 1.713333 2.433333 1.737778 2.864444 4.348889 5.813333 5.102222 5.075556 2.864444 4.953333 5.228889 1.408889 0.0000 2.391111 6.0000 5.624444 5.837778 6.0000 6.0000 6.0000 6.0000 6.0000 6.0000 6.0000 6.0000 5.148889 5.34000 6.0000 5.533333 5.013333 2.428889 3.706667 5.453333 3.791111 4.353333 5.36000 4.971111 5.437778 5.913333 6.0000 6.0000 6.0000 6.0000 6.0000 6.0000 6.0000 6.0000 6.0000 6.0000 6.0000 6.0000 6.0000 6.0000 6.0000 5.768889 6.0000 6.0000 6.0000 6.0000 6.0000 5.291111 5.288889
3.882222 3.542222 1.804444 0.953333 1.422222 2.431111 0.931111 3.862222 5.191111 3.435556 5.706667 5.991111 3.248889 1.022222 2.084444 0.0000 0.053333 4.915556 5.6000 5.62000 5.135556 5.22000 5.542222 6.0000 6.0000 6.0000 6.0000 6.0000 6.0000 4.402222 5.802222 5.946667 5.582222 5.635556 6.0000 6.0000 5.831111 5.684444 3.455556 3.644444 5.38000 5.751111 4.94000 5.973333 6.0000 6.0000 6.0000 6.0000 6.0000 6.0000 6.0000 6.0000 6.0000 6.0000 6.0000 6.0000 6.0000 6.0000 6.0000 6.0000 6.0000 6.0000 6.0000 6.0000 6.0000 6.0000
2.313333 2.748889 3.364444 1.375556 2.22000 3.926667 4.348889 2.542222 2.097778 3.153333 4.031111 4.148889 3.52000 0.388888 0.0000 0.0000 2.044444 5.857778 4.248889 2.986667 0.906666 3.133333 4.38000 5.691111 5.997778 6.0000 6.0000 5.166667 4.806667 4.506667 3.968889 4.951111 4.286667 5.082222 5.246667 5.184444 5.875556 5.944444 5.422222 4.96000 5.844444 3.397778 4.188889 2.771111 5.135556 6.0000 6.0000 6.0000 6.0000 6.0000 6.0000 6.0000 6.0000 6.0000 5.991111 6.0000 6.0000 6.0000 6.0000 6.0000 6.0000 6.0000 6.0000 5.622222 5.955556 5.902222
4.362222 3.562222 1.897778 2.928889 4.322222 5.013333 2.655556 3.108889 1.113333 1.077778 1.311111 2.277778 4.251111 0.006666 0.0000 0.053333 3.411111 5.22000 5.893333 3.786667 2.877778 3.92000 4.115556 1.706667 5.762222 6.0000 5.962222 5.726667 3.208889 3.502222 3.591111 5.097778 4.315556 4.711111 3.533333 5.593333 4.402222 5.673333 4.924444 6.0000 5.951111 5.857778 5.955556 2.491111 0.984444 5.691111 6.0000 6.0000 6.0000 6.0000 5.946667 5.648889 5.504444 5.142222 5.631111 6.0000 6.0000 6.0000 6.0000 6.0000 6.0000 6.0000 5.946667 5.88000 6.0000 6.0000
1.431111 2.231111 1.582222 4.813333 5.595556 3.408889 0.94000 0.342222 2.355556 2.211111 4.437778 5.493333 2.524444 0.0000 0.0000 0.16000 5.62000 2.564444 4.9000 3.384444 2.153333 2.266667 2.664444 4.068889 6.0000 6.0000 5.673333 5.026667 1.96000 4.893333 5.948889 5.991111 5.982222 5.88000 4.071111 5.851111 5.811111 5.76000 6.0000 5.908889 5.602222 5.808889 5.857778 4.413333 3.433333 5.997778 6.0000 5.577778 6.0000 5.557778 5.166667 4.591111 5.008889 4.468889 5.793333 5.528889 4.491111 5.602222 5.088889 5.262222 5.675556 5.997778 5.906667 6.0000 5.842222 5.908889
0.975555 1.024444 2.088889 3.337778 5.535556 1.862222 2.586667 1.468889 3.753333 3.931111 2.971111 3.995556 1.528889 0.0000 0.0000 2.535556 4.893333 2.16000 2.191111 1.315556 1.38000 2.282222 5.597778 5.855556 6.0000 6.0000 6.0000 5.804444 5.72000 5.866667 5.677778 5.544444 3.584444 2.482222 3.744444 5.355556 5.902222 5.973333 6.0000 5.606667 5.806667 5.893333 6.0000 6.0000 5.477778 6.0000 5.991111 5.848889 5.946667 5.022222 5.491111 4.195556 4.76000 6.0000 6.0000 5.864444 5.786667 5.173333 4.62000 5.804444 5.882222 5.186667 5.282222 6.0000 5.997778 5.993333
0.864444 1.855556 3.962222 2.626667 2.228889 2.113333 4.133333 4.962222 2.957778 3.988889 3.38000 2.822222 2.515556 3.844444 4.873333 5.382222 5.311111 3.773333 3.924444 3.308889 3.604444 4.26000 5.873333 6.0000 6.0000 6.0000 6.0000 5.708889 5.024444 4.94000 4.517778 3.582222 4.44000 1.522222 1.293333 2.6000 3.237778 2.762222 6.0000 5.744444 5.504444 5.693333 5.577778 5.264444 5.422222 5.991111 5.853333 5.955556 5.742222 5.58000 4.793333 5.548889 5.946667 6.0000 6.0000 6.0000 5.72000 5.453333 5.44000 5.651111 5.257778 4.522222 5.744444 6.0000 5.991111 5.828889
2.142222 1.742222 2.426667 0.237777 1.566667 2.944444 2.108889 1.217778 1.477778 1.604444 2.266667 2.78000 5.8000 5.997778 5.94000 6.0000 6.0000 6.0000 5.982222 5.991111 5.897778 5.557778 6.0000 6.0000 6.0000 6.0000 6.0000 5.406667 4.68000 4.113333 5.102222 5.475556 4.468889 1.982222 1.782222 3.115556 4.995556 5.237778 6.0000 5.671111 5.804444 5.315556 5.782222 5.326667 5.597778 5.946667 5.568889 5.702222 5.626667 4.188889 3.993333 5.295556 5.795556 6.0000 6.0000 6.0000 5.897778 5.897778 3.377778 3.562222 5.531111 5.44000 5.991111 6.0000 6.0000 5.982222
2.226667 4.184444 2.117778 1.068889 1.773333 1.568889 3.055556 2.444444 1.331111 3.686667 3.546667 5.902222 6.0000 6.0000 5.902222 6.0000 5.882222 5.837778 6.0000 6.0000 5.946667 6.0000 6.0000 6.0000 6.0000 6.0000 6.0000 6.0000 5.853333 5.92000 5.688889 6.0000 4.262222 5.893333 4.913333 4.477778 4.084444 4.755556 6.0000 6.0000 5.991111 5.693333 6.0000 5.422222 5.244444 5.688889 5.033333 5.851111 5.795556 5.153333 2.086667 2.32000 5.237778 6.0000 6.0000 6.0000 5.911111 5.946667 5.328889 5.124444 6.0000 5.591111 5.773333 6.0000 6.0000 6.0000
5.58000 5.906667 5.948889 5.686667 5.188889 5.411111 5.917778 2.855556 0.926666 0.426666 0.44000 4.684444 6.0000 6.0000 6.0000 6.0000 6.0000 6.0000 6.0000 6.0000 6.0000 5.902222 6.0000 6.0000 6.0000 5.857778 6.0000 5.906667 5.964444 5.946667 6.0000 6.0000 5.746667 5.702222 5.142222 5.437778 5.251111 6.0000 6.0000 6.0000 5.955556 6.0000 5.862222 6.0000 6.0000 5.902222 5.857778 5.551111 5.871111 4.184444 1.54000 3.92000 5.911111 6.0000 5.375556 4.515556 5.022222 5.68000 6.0000 5.991111 5.508889 5.751111 5.96000 6.0000 6.0000 5.902222
4.624444 6.0000 6.0000 5.946667 5.662222 6.0000 5.964444 1.431111 0.782222 0.324444 0.022222 0.033333 4.368889 6.0000 5.991111 3.077778 5.657778 6.0000 6.0000 6.0000 6.0000 6.0000 6.0000 6.0000 6.0000 6.0000 5.946667 5.746667 5.34000 5.693333 6.0000 6.0000 5.946667 6.0000 5.806667 6.0000 5.904444 6.0000 6.0000 6.0000 5.937778 6.0000 6.0000 6.0000 5.728889 5.902222 5.215556 4.193333 4.866667 4.122222 4.931111 5.795556 6.0000 6.0000 5.617778 3.053333 0.728888 1.451111 0.617777 0.835555 0.391111 3.102222 4.593333 5.237778 4.233333 3.484444
4.175556 5.022222 5.951111 5.764444 5.78000 6.0000 6.0000 5.882222 5.917778 5.506667 4.817778 3.802222 3.986667 6.0000 5.66000 1.417778 4.697778 6.0000 6.0000 6.0000 6.0000 6.0000 6.0000 6.0000 6.0000 5.946667 6.0000 5.928889 4.775556 4.386667 5.173333 6.0000 6.0000 6.0000 6.0000 6.0000 6.0000 6.0000 6.0000 6.0000 6.0000 5.946667 6.0000 6.0000 5.866667 5.946667 4.788889 1.995556 2.688889 4.377778 5.131111 5.408889 5.773333 6.0000 6.0000 6.0000 5.344444 4.804444 3.171111 1.711111 1.424444 3.4000 5.157778 5.522222 2.995556 4.624444
4.26000 5.235556 5.842222 5.142222 4.906667 5.251111 5.946667 6.0000 6.0000 5.902222 6.0000 5.946667 4.991111 6.0000 6.0000 3.006667 5.446667 6.0000 5.886667 5.946667 6.0000 6.0000 6.0000 4.942222 5.946667 6.0000 4.953333 5.604444 5.4000 5.595556 4.853333 5.955556 6.0000 6.0000 6.0000 6.0000 6.0000 6.0000 6.0000 5.946667 6.0000 6.0000 5.844444 6.0000 5.88000 5.4000 4.624444 4.448889 4.837778 5.557778 5.375556 5.073333 6.0000 6.0000 3.564444 2.044444 1.971111 1.88000 2.191111 0.904444 2.873333 5.826667 5.946667 5.946667 5.937778 5.833333
5.597778 5.711111 3.944444 4.733333 3.608889 5.52000 4.306667 5.368889 5.548889 5.482222 5.82000 6.0000 5.502222 6.0000 6.0000 6.0000 6.0000 6.0000 5.211111 5.933333 6.0000 6.0000 6.0000 5.782222 3.537778 3.204444 3.564444 6.0000 5.76000 5.526667 4.302222 5.02000 4.908889 5.686667 6.0000 6.0000 6.0000 6.0000 5.808889 6.0000 6.0000 6.0000 6.0000 6.0000 5.946667 5.795556 5.568889 5.982222 5.964444 6.0000 6.0000 6.0000 6.0000 6.0000 6.0000 5.973333 5.966667 4.88000 4.617778 1.337778 3.12000 5.033333 5.748889 5.871111 6.0000 6.0000
2.642222 3.071111 4.964444 4.177778 1.693333 2.602222 5.54000 2.66000 2.175556 2.308889 1.724444 3.224444 5.868889 6.0000 6.0000 4.911111 5.511111 5.204444 3.597778 4.142222 5.991111 6.0000 6.0000 6.0000 4.037778 1.542222 2.68000 5.884444 6.0000 5.433333 5.451111 5.531111 4.326667 5.36000 6.0000 6.0000 6.0000 6.0000 6.0000 5.946667 6.0000 6.0000 6.0000 6.0000 5.688889 5.991111 5.786667 4.831111 2.837778 5.055556 5.973333 6.0000 6.0000 6.0000 6.0000 6.0000 5.973333 5.742222 5.737778 5.102222 5.731111 5.835556 5.291111 5.866667 6.0000 6.0000
0.0000 0.262222 0.006666 0.0000 0.0000 0.004444 0.515555 3.082222 3.815556 5.157778 4.393333 4.522222 6.0000 6.0000 5.648889 4.715556 2.886667 3.037778 3.733333 3.233333 5.853333 5.795556 5.955556 6.0000 5.206667 2.748889 0.713333 2.977778 5.451111 5.453333 3.595556 5.213333 4.58000 5.677778 6.0000 6.0000 5.935556 4.293333 5.124444 5.408889 5.442222 6.0000 6.0000 6.0000 5.946667 6.0000 6.0000 5.946667 6.0000 5.897778 5.822222 6.0000 6.0000 6.0000 6.0000 6.0000 5.666667 4.662222 5.831111 5.96000 4.246667 4.344444 5.92000 6.0000 6.0000 6.0000
0.0000 0.391111 0.102222 0.093333 0.0000 0.035555 0.18000 1.28000 5.328889 6.0000 5.831111 6.0000 6.0000 6.0000 4.111111 2.062222 4.2000 0.808888 1.76000 4.695556 5.811111 5.808889 5.24000 6.0000 5.377778 4.706667 2.44000 0.777777 1.391111 4.02000 2.875556 3.788889 4.328889 5.548889 6.0000 6.0000 6.0000 4.711111 2.408889 0.72000 3.122222 5.437778 5.946667 5.808889 6.0000 6.0000 6.0000 6.0000 6.0000 6.0000 6.0000 6.0000 6.0000 6.0000 6.0000 6.0000 5.991111 5.053333 2.133333 4.317778 4.588889 5.435556 6.0000 6.0000 6.0000 6.0000
0.0000 0.633333 4.433333 4.095556 2.311111 0.766666 3.175556 4.6000 5.922222 6.0000 6.0000 6.0000 6.0000 6.0000 5.764444 3.895556 1.313333 4.051111 1.235556 1.466667 2.908889 4.657778 4.286667 5.982222 5.955556 4.135556 0.886666 3.091111 4.191111 4.633333 4.386667 5.086667 5.575556 5.973333 5.228889 4.808889 3.242222 0.333333 2.562222 2.444444 3.36000 5.44000 5.284444 6.0000 6.0000 6.0000 6.0000 6.0000 6.0000 6.0000 6.0000 6.0000 6.0000 6.0000 6.0000 6.0000 5.4000 5.666667 5.364444 5.486667 5.984444 4.944444 5.686667 5.8000 6.0000 6.0000
0.0000 0.0000 0.317777 2.524444 5.984444 5.86000 3.455556 6.0000 5.982222 5.92000 6.0000 6.0000 5.9000 6.0000 5.982222 5.231111 5.586667 1.966667 0.853333 2.566667 3.326667 2.046667 2.644444 3.271111 5.337778 1.16000 0.973333 0.68000 4.891111 5.571111 5.04000 5.335556 5.893333 6.0000 5.98000 5.984444 4.215556 3.526667 5.435556 5.406667 3.635556 5.937778 6.0000 6.0000 6.0000 6.0000 6.0000 6.0000 6.0000 6.0000 6.0000 6.0000 6.0000 6.0000 6.0000 5.795556 5.96000 5.848889 5.455556 5.142222 4.617778 3.564444 4.817778 5.853333 5.906667 6.0000
0.0000 0.0000 0.0000 0.075555 3.797778 5.975556 4.308889 5.162222 4.768889 4.795556 4.855556 6.0000 5.908889 6.0000 4.471111 5.62000 4.955556 4.655556 0.875555 0.115555 1.095556 0.793333 2.362222 4.462222 3.573333 3.715556 1.028889 1.386667 2.715556 5.857778 5.702222 5.933333 6.0000 6.0000 6.0000 6.0000 6.0000 6.0000 5.955556 6.0000 6.0000 5.946667 6.0000 6.0000 6.0000 6.0000 6.0000 5.902222 6.0000 6.0000 6.0000 6.0000 6.0000 6.0000 6.0000 5.697778 5.991111 6.0000 6.0000 4.582222 3.657778 5.953333 5.542222 5.728889 6.0000 6.0000
