data/outputs/Sarzedas de Vasco/2015/resolution_1/CONT_TOTAL_1_10.asc
ncols         150
nrows         150
xllcorner     -8.222016814931
yllcorner      39.947705019877
cellsize       0.000089932160
NODATA_value  -9999
[rows 43 to 85 of 150, columns 0 to 95 of 150]
540 600 600 600 600 600 600 600 600 600 600 600 600 600 600 600 600 488 368 151 232 521 600 577 600 600 600 600 600 600 600 600 600 600 600 600 600 600 552 598 600 600 600 578 578 570 574 580 600 600 600 600 600 600 600 600 573 154 0 0 0 0 520 600 600 600 600 600 600 600 600 600 600 600 600 600 600 600 600 600 600 600 600 600 574 530 421 514 508 299 291 332 293 443 555 600
540 600 600 600 600 600 600 600 600 600 600 600 600 600 600 584 284 346 549 401 534 522 560 598 598 600 600 600 600 600 600 600 600 600 580 478 599 600 559 586 599 598 402 563 600 404 423 567 600 600 421 598 600 590 600 600 600 586 505 388 427 176 458 600 600 600 600 600 600 600 600 600 600 600 600 600 600 600 545 600 600 600 600 542 574 551 587 407 529 600 596 494 394 550 558 357
509 598 600 600 600 600 600 600 600 600 600 600 600 600 600 459 163 287 277 200 522 557 331 502 590 600 600 600 600 600 600 600 600 600 296 9 210 254 439 595 462 323 91 577 584 53 21 228 502 547 497 600 600 598 600 600 600 600 600 600 600 373 361 600 600 600 600 600 600 600 600 600 600 600 600 600 600 600 600 600 600 600 600 600 474 463 468 474 560 600 600 567 487 546 566 587
368 542 600 600 600 600 600 600 600 600 600 600 600 600 600 600 436 71 214 121 507 491 111 484 569 600 600 600 600 600 600 600 485 322 75 33 70 36 16 175 122 4 89 382 547 237 137 177 484 416 574 600 600 597 600 600 600 600 600 600 600 438 78 545 600 571 600 600 600 600 600 600 600 600 600 600 600 600 600 600 600 600 600 600 600 598 480 518 600 600 600 576 494 580 600 574
384 588 600 600 600 600 600 600 600 600 600 600 600 600 600 576 399 402 299 306 561 399 24 483 549 588 600 568 600 600 600 385 136 56 518 558 388 15 31 279 66 100 44 43 284 75 363 387 500 578 600 600 508 183 470 600 600 600 600 600 600 600 400 125 322 587 600 600 600 600 600 600 600 600 600 600 600 600 600 600 600 600 600 600 592 599 600 600 600 600 600 600 600 600 600 557
145 471 600 600 600 600 600 598 537 562 594 600 543 554 600 600 510 169 121 404 558 405 208 279 339 485 514 519 564 571 576 145 0 222 600 598 477 29 119 52 124 27 5 30 12 320 582 483 590 600 592 476 45 179 571 588 600 600 600 600 600 600 600 596 523 375 384 530 600 600 600 600 600 600 600 600 600 600 600 600 600 600 600 600 599 600 475 588 586 527 573 588 578 600 600 600
409 243 596 600 600 600 600 600 600 600 600 600 600 429 600 600 582 351 367 454 554 436 352 279 347 402 431 574 540 588 495 57 2 109 596 600 587 345 175 108 159 0 1 3 164 488 600 600 600 413 167 102 15 333 600 566 558 493 561 600 600 600 600 541 596 600 549 264 214 431 598 600 600 600 600 600 600 600 600 600 600 600 600 600 600 600 578 588 600 464 297 422 565 600 600 600
499 555 587 532 600 600 600 600 600 600 600 600 600 600 600 600 600 600 600 600 590 513 406 501 488 475 537 600 590 560 451 262 6 103 600 600 600 491 222 177 114 4 149 369 347 597 600 600 600 297 59 57 176 419 600 560 321 92 62 312 505 109 259 23 165 408 595 600 546 270 168 526 600 600 600 600 600 600 600 600 600 600 600 600 600 600 600 600 600 560 600 600 574 557 590 600
480 572 585 529 600 600 600 600 600 600 600 600 600 600 600 600 600 600 600 590 598 600 599 504 404 515 524 598 600 588 564 380 46 18 553 600 600 600 462 424 254 34 4 275 549 600 600 600 498 135 290 434 62 43 596 555 474 20 0 1 421 379 497 386 375 173 97 274 163 3 195 86 486 600 600 600 600 600 600 600 600 600 600 600 600 600 600 600 600 600 600 600 600 600 598 600
482 503 435 584 517 600 600 600 600 600 600 600 600 546 600 600 600 600 588 600 549 598 557 598 598 542 572 544 560 600 574 469 248 46 197 558 576 413 412 486 567 561 418 526 574 600 600 600 600 514 187 193 300 420 600 598 131 0 0 7 379 404 535 375 481 349 0 0 0 50 344 320 93 581 600 600 600 600 600 600 600 600 600 600 600 600 600 600 600 600 600 590 600 600 600 600
459 456 533 600 598 600 600 600 562 600 600 600 600 577 590 600 600 600 600 576 466 568 600 592 599 600 600 588 514 555 467 449 226 10 0 37 9 343 132 123 598 600 600 600 554 472 548 595 575 574 93 514 588 600 600 580 81 58 211 215 483 472 301 53 159 593 337 44 217 545 578 584 69 295 600 600 600 600 600 600 600 600 600 600 600 600 600 600 600 600 600 598 594 596 534 549
492 600 562 590 600 600 600 551 543 550 595 600 600 600 352 454 498 554 598 511 442 581 600 599 600 600 600 600 598 453 300 267 133 20 4 0 68 148 292 505 590 600 600 600 600 600 551 600 518 558 272 416 578 521 600 461 319 208 406 322 421 380 491 565 600 600 600 553 597 600 600 594 498 124 432 600 600 600 600 600 600 600 600 600 600 600 600 600 600 600 600 578 450 504 600 600
495 587 596 599 600 578 600 418 410 316 210 391 282 408 523 312 422 325 579 296 539 598 548 598 600 589 576 600 600 219 264 600 511 442 209 103 542 569 546 600 600 600 600 600 600 600 600 600 570 566 403 574 600 600 598 303 563 459 388 482 187 170 595 600 600 540 508 600 600 594 460 167 305 168 44 523 600 600 600 600 600 600 600 600 600 600 600 600 600 600 600 600 600 600 600 600
354 575 600 600 600 559 600 554 495 554 551 580 362 345 469 331 469 482 589 578 532 596 600 600 586 420 588 568 440 11 262 443 492 598 568 535 555 580 600 600 600 600 600 600 600 600 600 600 528 590 503 596 553 588 539 152 46 277 554 159 17 250 531 600 548 75 135 347 364 397 415 327 552 493 400 196 558 600 600 600 600 600 600 600 600 600 600 600 600 600 600 600 596 600 600 600
6 190 290 361 524 514 554 529 257 241 272 320 315 144 133 24 262 250 264 266 304 423 452 516 584 598 524 600 214 0 0 0 15 374 483 211 495 599 600 600 600 600 600 600 600 600 600 536 600 600 556 598 575 591 562 423 254 154 288 48 3 297 600 600 600 598 600 600 600 588 489 486 364 349 360 415 169 552 600 600 600 600 600 598 510 581 600 600 600 453 282 377 322 528 600 600
0 0 0 0 167 492 390 555 220 32 0 4 21 288 211 0 0 0 0 0 26 42 49 68 160 483 440 117 16 0 33 8 0 107 163 138 377 600 600 600 598 598 600 600 600 600 600 590 564 351 509 600 421 459 193 399 600 369 1 3 307 580 600 600 600 600 600 600 600 600 600 600 600 600 600 600 427 114 528 600 600 600 600 600 600 600 598 348 519 176 111 398 384 600 600 600
0 0 0 0 0 176 216 600 497 188 9 18 10 369 308 68 2 0 0 0 0 226 136 209 58 179 57 5 0 0 0 0 0 0 0 0 214 543 600 588 588 507 512 582 600 600 578 560 351 54 588 600 422 358 453 184 388 531 32 381 600 600 600 600 600 600 600 600 600 600 600 600 600 600 511 349 578 509 172 498 600 600 600 600 600 600 600 459 197 590 596 600 598 576 500 579
0 0 0 0 0 0 46 592 462 242 292 206 94 396 570 361 234 0 0 0 0 19 33 0 20 28 51 9 0 0 0 0 0 0 0 0 101 289 563 600 600 557 117 123 455 311 87 232 62 227 552 380 124 123 394 277 208 167 500 600 470 526 600 600 600 600 600 600 600 600 600 600 588 563 597 594 600 600 553 126 453 600 600 600 600 600 600 600 600 600 600 600 600 600 584 571
0 0 0 0 0 0 2 493 600 600 598 581 278 262 126 20 0 0 0 0 0 0 0 0 61 232 4 9 0 0 0 0 0 0 0 0 49 399 600 588 600 600 575 157 0 0 0 0 0 48 0 4 0 0 5 114 0 133 524 600 552 594 600 600 600 600 600 600 600 600 600 600 572 531 471 123 537 600 600 565 163 441 600 600 600 600 600 600 600 600 600 600 600 600 586 600
2 0 0 0 19 222 455 496 600 600 590 599 483 532 533 476 475 409 344 151 54 44 60 261 328 299 13 0 0 23 0 0 5 0 0 0 0 285 600 576 600 495 441 516 167 2 0 0 0 0 0 0 0 0 3 112 87 589 600 600 600 600 600 600 600 600 600 600 600 577 600 428 489 466 183 0 190 588 600 600 373 88 358 600 600 600 600 600 600 598 562 600 600 600 600 600
449 241 249 415 378 542 600 588 600 600 600 600 600 600 568 248 577 600 578 494 388 448 402 167 363 331 0 6 405 463 101 11 0 0 0 0 278 584 531 600 597 512 571 589 588 295 314 42 17 0 0 2 4 256 308 305 543 588 445 560 600 598 522 568 598 600 600 600 600 600 600 539 103 264 85 0 53 490 600 600 600 582 126 427 600 600 600 600 600 600 558 582 600 492 574 600
490 590 536 565 553 577 597 600 566 600 600 600 588 600 600 566 598 600 578 600 558 590 479 179 9 72 142 272 399 456 497 305 213 379 363 43 137 524 600 519 344 588 588 458 600 600 429 320 26 0 46 407 431 598 567 600 600 600 590 598 600 600 600 600 600 600 600 600 600 559 587 304 156 36 275 301 598 600 600 600 600 600 364 69 302 402 388 424 352 517 568 392 473 446 600 598
536 576 567 600 588 591 591 600 600 600 600 600 600 600 600 600 600 600 600 600 600 586 454 484 98 201 328 502 428 468 514 584 600 600 600 519 397 600 589 450 398 552 586 479 600 571 498 293 233 255 526 572 491 600 600 600 600 600 600 600 600 600 600 600 600 588 600 600 600 598 572 121 127 0 375 600 600 600 537 481 600 600 313 155 590 575 600 587 339 377 210 459 577 525 464 415
540 600 588 535 600 600 600 600 600 600 600 600 600 600 600 600 600 600 600 600 503 571 528 574 391 304 146 204 393 524 600 600 600 600 600 596 600 600 600 524 547 581 600 594 564 499 482 599 600 598 598 503 395 600 600 600 600 600 600 514 598 600 600 600 600 600 600 600 600 600 598 297 387 51 535 600 600 600 600 600 600 600 468 113 598 415 158 486 484 511 327 138 453 309 167 297
413 600 600 596 600 600 600 600 600 600 548 600 600 588 600 600 600 600 600 600 587 600 600 591 324 290 374 256 549 600 600 600 600 600 600 600 600 600 600 498 561 600 588 557 598 511 415 600 598 578 550 389 487 600 600 598 580 600 600 600 600 600 600 600 600 600 600 600 600 600 590 330 133 295 600 600 600 600 600 600 600 600 546 59 596 554 523 320 226 234 188 266 362 564 456 464
35 399 456 442 600 600 600 600 600 600 600 590 600 600 600 600 600 600 600 600 600 600 600 376 181 262 263 174 461 590 600 600 600 600 600 600 600 600 600 560 598 600 599 191 416 26 34 541 600 600 596 584 489 600 600 600 560 600 600 600 600 600 600 600 600 600 600 600 600 600 600 255 444 538 600 600 600 600 598 600 600 575 322 111 492 586 386 306 72 258 217 236 435 589 514 576
79 161 58 355 537 600 600 600 600 600 600 598 578 600 600 600 600 600 600 600 600 600 452 134 205 237 335 337 430 594 600 600 600 600 600 600 557 576 576 600 580 598 564 435 461 4 66 600 600 600 554 490 452 600 600 600 600 551 591 600 600 600 600 565 560 600 600 600 600 600 576 469 571 580 600 586 518 391 573 564 598 568 111 0 0 98 463 359 80 223 175 461 600 600 600 600
43 317 365 566 590 600 600 600 600 600 600 600 600 600 600 600 600 600 600 600 458 485 22 63 157 598 571 496 500 600 600 565 560 504 578 527 258 513 526 590 598 600 544 460 44 0 110 600 600 548 341 476 515 600 600 600 446 355 598 600 600 600 600 600 564 341 505 600 600 600 381 246 302 483 545 565 463 375 346 526 547 577 233 0 0 1 32 357 233 0 83 251 490 600 600 600
25 455 574 600 600 600 600 600 600 600 600 600 600 568 570 600 600 600 600 600 600 219 9 0 241 600 600 600 600 600 600 565 597 557 583 546 430 513 581 600 588 513 19 118 83 196 238 600 432 189 557 600 575 600 600 600 511 410 486 499 600 600 600 594 497 74 67 219 452 471 229 218 154 226 582 472 511 497 415 538 600 567 166 0 0 0 64 123 438 27 0 0 9 521 600 600
225 559 600 600 600 600 600 600 600 600 600 600 600 600 561 421 560 600 600 600 600 562 307 21 13 461 600 598 600 600 600 600 600 598 598 544 474 509 598 600 485 322 2 172 453 257 348 600 507 256 573 199 396 600 592 598 600 138 241 83 477 600 600 437 320 117 1 0 0 0 83 587 560 437 293 534 439 380 415 562 600 404 302 26 248 160 447 478 510 262 2 23 124 540 600 600
303 600 600 600 600 600 600 600 600 600 600 600 600 600 600 597 498 476 555 600 600 600 594 215 7 140 220 178 284 344 347 381 561 576 551 543 600 597 561 560 163 0 0 106 208 109 341 600 600 592 600 545 56 220 55 489 600 320 3 22 84 453 378 237 154 0 0 14 452 53 7 254 302 520 582 588 588 584 499 589 564 133 543 22 83 138 194 193 162 476 467 415 552 600 600 600
165 588 598 518 600 600 600 600 600 600 600 600 600 600 600 600 600 589 453 374 475 406 237 384 581 600 541 558 529 410 210 375 394 120 25 65 170 91 42 72 0 0 0 4 0 0 436 600 600 600 600 501 194 5 0 155 371 315 0 0 0 4 5 0 105 328 28 21 106 20 43 0 2 155 345 507 596 600 600 600 525 394 201 3 2 5 44 480 177 108 444 348 566 600 600 600
404 261 457 600 600 600 580 598 588 600 600 600 600 600 600 600 600 600 600 537 149 382 598 578 497 600 600 531 464 379 526 588 562 207 0 0 0 0 51 43 12 53 3 4 0 0 423 596 567 252 188 408 484 254 5 0 0 0 89 306 67 60 122 0 164 264 271 187 164 19 0 254 4 430 409 160 280 300 520 596 487 233 17 2 0 8 338 248 19 34 419 546 591 598 590 600
540 591 458 551 294 435 558 600 576 590 600 600 600 600 600 600 600 600 520 281 566 600 600 600 600 600 550 433 404 568 586 461 463 349 0 0 0 0 3 189 541 533 21 246 82 0 46 185 136 121 189 219 207 61 0 66 14 0 81 182 247 338 344 369 455 335 401 600 511 56 13 348 38 502 317 210 322 591 437 284 10 2 8 26 0 168 498 170 232 249 124 333 200 597 600 600
494 570 600 598 559 383 411 297 392 500 594 600 600 588 600 554 401 335 434 600 579 480 590 600 600 600 553 557 596 564 540 538 343 441 41 11 0 6 272 211 500 584 25 180 33 25 29 217 45 0 0 311 519 347 206 28 2 16 223 594 600 598 519 295 134 372 267 324 330 129 404 176 53 339 124 353 495 600 595 275 0 145 8 0 0 128 233 146 117 51 277 461 264 515 600 600
219 502 403 532 436 525 579 489 261 189 313 508 292 283 319 339 492 586 590 600 348 236 289 572 600 556 600 600 590 571 293 326 470 600 262 0 10 156 494 157 96 286 69 0 73 196 201 239 16 206 175 534 580 600 570 312 322 348 173 148 555 600 600 566 134 315 467 472 188 372 220 10 25 431 141 239 382 349 292 27 45 289 29 0 90 351 597 443 119 246 243 259 441 532 600 600
539 574 355 536 399 359 504 558 354 555 600 545 490 589 600 600 600 600 562 403 346 306 542 600 600 600 600 600 588 600 530 111 297 492 74 38 300 357 145 86 17 308 94 309 553 479 468 435 240 342 61 419 600 600 592 344 155 197 444 476 600 600 513 464 471 397 586 305 14 12 15 0 28 349 168 378 527 290 38 3 300 49 159 0 11 444 600 560 208 6 1 0 38 247 211 406
442 493 422 537 578 316 257 393 527 579 505 405 279 442 529 588 600 600 600 600 599 511 481 582 596 600 590 598 435 562 458 195 58 20 8 26 8 10 277 171 314 420 554 591 585 579 451 445 408 218 31 49 250 454 326 531 366 476 594 600 569 600 435 39 243 565 435 64 279 128 0 0 0 164 556 600 600 593 110 23 133 128 275 2 0 166 600 600 499 242 90 303 212 286 229 0
516 565 570 598 534 458 578 598 564 522 360 2 13 169 470 576 588 600 600 600 578 447 571 588 600 600 549 505 155 506 232 15 112 279 222 306 444 481 598 572 529 600 588 568 598 588 440 477 599 238 95 306 407 369 554 600 600 600 600 588 535 571 589 253 477 181 21 0 268 486 7 60 166 46 56 375 487 138 0 0 0 0 0 0 0 97 600 600 600 600 313 25 51 27 465 101
540 600 591 438 600 600 600 600 600 580 214 27 2 110 346 598 600 562 550 600 600 600 600 600 600 532 551 598 528 254 84 305 572 600 600 600 600 600 600 545 600 600 600 584 588 600 600 600 600 230 3 0 288 510 248 378 590 600 600 599 541 351 543 501 215 129 25 107 27 35 121 103 401 170 5 0 131 100 0 67 118 3 0 0 0 24 398 553 474 551 157 0 0 77 559 191
540 600 572 572 600 600 600 600 600 600 584 508 173 70 517 600 600 466 522 566 590 578 600 600 580 472 483 590 493 551 582 565 600 600 600 600 600 600 600 600 580 439 239 184 456 598 581 600 564 343 2 100 0 128 351 497 116 578 600 600 581 379 487 387 40 2 184 448 263 96 74 278 589 503 371 63 0 0 2 236 83 59 169 252 96 61 204 20 122 314 0 0 0 237 414 144
540 600 590 600 600 600 600 600 600 600 600 590 590 452 600 600 600 580 589 544 560 545 597 574 600 526 466 600 600 600 600 600 600 600 600 600 600 600 600 598 590 583 495 525 587 543 96 404 318 98 5 0 30 11 7 470 297 560 600 600 524 42 74 30 0 38 64 147 488 459 498 584 557 376 336 175 190 414 98 0 50 57 510 600 560 186 15 258 278 19 81 368 324 566 350 408
540 600 600 600 600 600 600 600 600 590 598 600 600 600 600 600 600 600 579 523 383 588 600 588 600 579 589 600 578 578 600 590 586 600 600 600 600 600 600 600 600 285 255 487 120 254 285 114 93 69 42 0 0 0 52 527 600 600 600 600 578 516 107 0 0 181 364 23 108 548 464 309 264 434 453 402 352 453 444 422 114 16 192 571 588 366 471 600 189 275 112 481 588 404 308 581
