data/outputs/Sarzedas de Vasco/2015/resolution_1/CONT_TOTAL_1_50.asc
ncols         30
nrows         30
xllcorner     -8.222016814931
yllcorner      39.947705019877
cellsize       0.000449660800
NODATA_value  -9999
6459 8088 11637 10429 11234 9609 14102 11181 5568 4767 4585 2665 4290 2710 8900 1325 8433 14193 13083 14580 14505 14700 14698 14612 13346 12760 14699 13749 10061 9980
4780 7689 11625 5299 12577 14506 12762 10617 4501 2154 3631 1910 4681 3137 4609 6426 4240 8409 6492 13272 14982 14891 14954 14948 13559 7968 12290 9161 4353 12941
9075 6770 7016 4357 10361 9877 5657 4440 1849 2797 6459 4373 3710 2943 3573 3515 2327 1822 3374 2457 11837 14995 14457 14678 14869 8917 8216 7067 10886 6902
12709 6583 1038 3657 7891 10719 9348 1761 8047 7740 1898 307 2085 3030 2261 3399 6519 9737 4214 2126 7029 7777 12411 12381 9808 579 988 9392 14290 14500
8536 12308 6668 6889 8179 12933 9974 7791 7219 8731 1338 1164 328 1221 4453 6703 8166 1306 1094 6217 5813 9898 13734 5005 8525 2904 6749 14411 10667 10188
2139 7498 10235 11339 6796 6326 6376 3876 5249 9472 877 0 0 0 0 7241 14615 9443 12016 12832 14816 15000 13588 6271 935 11282 14681 8325 8166 11253
9924 9897 10780 9026 5719 8394 8210 2501 10433 14836 13522 7161 1259 2142 6119 11592 14966 15000 14661 14748 15000 15000 11776 1615 6837 14679 8082 3796 4144 3320
12757 14701 12437 14102 14035 14736 14930 14098 14958 14988 14855 5053 7562 14544 15000 15000 14515 12876 14918 15000 14901 14129 10748 1682 12088 14380 14998 14840 14503 14532
14700 15000 14942 12767 14126 15000 14980 14759 14718 14287 14742 5176 7723 15000 15000 14945 13884 11465 12669 14486 14308 10203 14998 14545 14967 14486 14092 14977 14990 14700
13250 14897 14719 8966 10432 14141 9272 6192 4236 9979 11303 14766 12696 13504 14998 15000 14864 13963 14035 13287 12753 10882 14924 14976 12287 5403 5657 9555 13918 12824
13546 14806 14659 14568 13746 14113 6387 8872 10683 13626 9213 5989 9212 8209 10769 15000 15000 14960 14562 14075 14066 12231 15000 15000 14837 14823 4838 11133 13876 12646
7141 10542 6540 5515 9047 7843 5570 11991 14784 13637 13034 7434 11882 13146 11287 12184 14908 13520 13066 14820 14803 14921 13481 14940 13254 9872 8107 14883 13704 9534
4485 11279 12092 7907 4459 3210 1872 8461 11435 3010 4198 10536 14627 14936 10832 11315 11541 14080 14215 14637 13693 15000 14727 15000 13524 8303 7412 12119 11423 13407
11658 14982 14902 15000 11835 9245 14897 14240 13443 10997 13673 14794 14923 14986 10240 14447 10414 9215 9886 14128 14958 14949 14896 14967 13312 8068 11797 13692 6769 12113
11888 15000 14899 14120 7851 12424 12241 11105 5479 9956 10596 9036 9706 5065 7531 12784 6736 5105 9631 15000 14978 14253 14378 15000 12912 11722 14988 15000 14909 14682
12065 12079 13519 13233 12456 13902 9095 2526 4619 5460 8126 4517 9410 7352 4793 8538 1905 6207 9281 14073 7756 10650 9789 15000 14428 14875 14897 14949 14591 12959
13835 13768 8554 14527 14376 12941 9703 11834 12995 11212 4519 13237 9002 4934 6017 4398 3093 8078 5131 9524 11354 12221 12184 14840 14971 10767 14510 14589 14160 11609
13621 14401 14998 14606 12735 13250 14833 15000 10603 9497 4144 11959 6515 6096 8514 12904 9647 6101 10565 14558 14537 13703 13291 14305 14393 12446 14982 13866 12105 7974
14108 14070 14919 15000 14940 14891 14873 14944 14699 12901 7846 3304 3405 5514 11201 12550 13002 11559 9844 14017 15000 14420 15000 14754 14966 13304 14154 13757 13606 13698
9829 9407 12197 14460 13319 13112 14736 15000 14819 13382 5370 8078 9708 14584 14944 15000 14455 8019 8865 10862 14705 15000 15000 14959 14523 10097 14712 13640 10587 11613
8671 5784 8720 10520 3982 11061 12265 14988 13657 13255 12263 11997 12614 14203 15000 15000 14998 14343 14943 14151 14049 13064 12490 15000 12887 11781 14966 14167 12649 7523
5467 9434 5818 7154 3527 8612 7838 13993 12037 12392 11217 14222 14488 12020 14536 12894 14073 13915 14400 14903 14816 12593 13998 14862 12996 14761 15000 13908 8423 6812
7437 6740 5910 10512 14925 14247 14551 15000 13662 12390 9532 13247 14236 14205 13448 11237 14952 13134 14139 14943 14404 10562 14323 13995 11002 12076 13804 15000 14645 12529
13388 14189 10191 9786 12065 14963 14996 14495 13707 14533 14827 14955 14929 14453 10502 13491 10775 5835 10063 12344 13827 13430 14922 14231 4739 10260 10378 13607 14958 13330
6648 5870 9857 12534 13557 10411 14856 8866 12412 11812 14889 13347 14649 14794 13685 14954 14983 12138 12822 14998 14598 14193 14764 12466 3701 6296 11727 14943 13231 7584
1641 7550 12682 14867 12135 5607 8518 9305 8336 12729 14026 9394 12971 14988 14978 15000 14755 13170 12751 14948 14814 14836 14412 11681 11997 7222 13984 14566 12852 9906
7700 11042 7946 12663 13845 6116 5959 12381 9100 14797 15000 14951 13209 14923 8503 13071 14528 14505 13109 14924 15000 15000 11723 6563 1971 7501 10650 4436 11296 11214
6626 6482 10558 12505 13212 5613 6423 12327 12397 10165 13152 9030 8193 14458 10546 3948 10715 14211 14898 14490 14962 13429 5739 3738 3598 10050 5537 9681 14324 12973
1790 7238 14619 9291 7069 6170 8014 10451 8641 11788 6027 6760 3423 5160 8925 4431 11243 14513 14735 13699 12345 8232 9990 8384 7627 11076 10310 10593 10318 7143
3346 6063 10599 7535 1897 9207 8351 8273 8555 10598 386 6960 8900 2262 5610 10553 13145 7625 10775 11223 9276 14256 14609 11967 8935 3115 14181 14636 7278 4472
