data/outputs/Sarzedas de Vasco/2015/resolution_1/CONT_TOTAL_1_10.asc
ncols         150
nrows         150
xllcorner     -8.222016814931
yllcorner      39.947705019877
cellsize       0.000089932160
NODATA_value  -9999
[rows 0 to 42 of 150, columns 0 to 95 of 150]
103 370 475 411 509 420 534 318 440 417 416 540 516 516 424 540 540 540 540 540 540 540 530 450 173 99 51 153 399 540 540 540 540 540 540 540 540 530 313 31 7 189 469 463 443 211 11 5 0 0 0 22 228 312 536 311 8 7 2 0 0 7 262 117 302 121 24 143 0 0 99 176 272 540 293 6 0 14 0 0 2 261 336 540 540 540 540 540 540 540 540 540 540 540 540 540
491 182 53 186 458 319 598 126 249 560 574 586 588 596 552 583 550 600 600 600 600 600 599 565 570 248 302 532 480 588 598 600 600 600 600 600 576 382 285 192 52 5 150 191 356 195 51 12 9 0 0 0 103 372 497 234 271 22 0 12 164 54 22 0 76 210 275 264 0 2 250 524 417 578 509 243 59 52 0 0 0 473 554 583 600 600 600 600 600 380 413 579 600 600 600 600
509 471 416 123 520 366 187 0 78 416 600 557 332 204 473 581 511 468 600 590 584 589 433 168 179 288 283 320 414 475 568 600 600 580 590 600 546 270 318 466 41 211 23 36 233 148 130 320 165 215 389 114 31 152 89 0 0 0 0 67 419 378 10 3 107 64 0 0 46 41 96 239 586 600 600 455 17 0 0 0 0 412 309 79 578 600 600 600 600 599 584 600 600 600 600 600
392 280 208 93 55 4 7 101 524 486 530 600 475 157 352 175 296 420 446 492 386 574 523 456 363 268 338 342 304 352 553 600 596 467 462 544 541 415 437 563 417 69 46 79 560 469 420 545 387 194 277 73 227 31 79 55 0 0 129 69 282 307 48 46 244 7 0 0 137 393 214 432 502 583 450 49 21 39 0 0 0 221 389 60 594 600 600 600 600 600 600 600 600 598 600 600
129 0 0 0 30 21 236 600 581 505 600 600 566 262 26 0 0 31 140 49 40 204 383 588 600 580 469 600 590 600 600 600 588 578 423 452 563 407 508 566 574 115 42 455 351 280 462 240 204 101 311 73 7 231 435 74 237 79 592 499 337 395 584 124 7 3 0 0 409 574 436 27 92 313 76 0 0 116 43 216 442 397 448 105 515 600 600 587 513 415 393 404 273 235 306 492
0 0 0 0 118 148 277 600 600 600 600 588 570 350 71 0 0 0 0 2 11 16 236 600 600 568 565 573 548 478 596 600 434 484 408 433 544 509 594 515 573 343 84 354 258 211 131 18 312 12 0 272 159 0 0 0 0 209 100 0 0 0 90 104 293 0 38 180 240 430 249 66 154 330 566 384 139 182 181 216 185 117 65 384 296 388 482 540 422 335 244 227 245 119 392 572
51 0 0 32 18 17 459 600 600 600 586 545 574 513 408 286 102 21 0 15 119 387 567 600 600 600 600 600 600 582 520 598 545 593 553 412 506 550 378 193 375 372 145 0 35 37 7 0 0 64 221 401 161 0 0 0 0 0 0 0 67 21 32 166 137 141 1 70 19 558 375 11 219 10 230 526 600 565 600 586 518 2 270 355 135 488 476 600 592 542 560 208 400 127 560 600
98 12 192 532 132 84 146 147 86 368 433 511 600 600 526 593 432 60 143 342 494 597 600 600 600 600 600 600 600 600 600 590 471 486 600 521 456 450 483 458 34 362 51 177 94 23 9 0 0 28 547 308 123 126 22 0 0 0 0 0 0 0 200 551 497 165 0 0 13 510 419 0 37 23 6 136 484 559 552 73 495 39 54 450 143 435 551 325 483 572 519 540 574 518 583 556
11 52 310 600 600 246 12 167 245 324 448 287 523 596 294 233 355 331 495 600 600 600 600 600 600 600 600 600 600 588 600 422 154 492 594 232 134 202 471 218 9 86 0 249 339 117 52 0 0 8 11 61 158 13 260 254 0 0 0 0 0 0 112 534 548 250 0 0 0 95 260 57 16 137 249 94 18 94 111 23 314 14 171 190 1 52 117 274 424 10 32 52 179 119 223 279
139 220 465 600 600 598 113 359 144 154 380 115 536 600 378 0 0 185 509 600 553 600 600 600 600 479 580 558 600 587 332 355 538 600 600 600 594 594 428 147 138 0 7 299 122 442 530 102 51 4 52 66 49 430 196 490 336 121 389 13 0 29 548 546 210 344 86 0 0 0 0 23 121 495 562 167 0 110 33 0 22 27 0 0 0 2 8 75 200 20 0 41 32 0 0 3
66 420 501 428 303 209 116 69 127 194 134 0 2 248 133 0 0 430 598 586 541 599 600 600 600 338 476 598 491 156 22 97 194 482 600 508 242 98 15 49 73 50 32 33 18 239 478 234 15 0 42 10 323 491 217 167 509 220 229 1 0 14 373 48 88 66 183 237 0 0 86 6 210 460 576 514 116 19 22 41 61 0 0 18 57 249 17 51 75 0 197 423 486 0 0 5
0 87 331 470 559 457 200 10 101 74 335 280 146 91 242 402 97 253 542 370 321 600 594 600 562 551 600 553 149 0 0 0 64 484 600 549 168 100 0 38 93 13 23 0 0 95 100 328 37 0 0 0 47 540 553 409 436 87 0 0 137 145 105 168 370 47 53 420 315 153 108 72 23 247 205 94 54 110 65 245 95 0 0 0 71 115 5 0 0 79 551 346 113 0 0 8
88 348 528 554 396 570 352 58 1 348 595 576 600 456 79 171 84 0 0 367 598 596 513 471 365 597 565 198 2 0 40 2 0 334 449 343 249 22 0 0 4 0 0 0 1 74 234 184 0 9 2 22 458 600 404 169 101 324 248 2 289 359 176 222 364 160 79 407 245 98 0 0 0 0 0 0 52 259 304 444 46 0 0 88 481 20 0 0 0 0 17 1 0 51 9 256
13 539 570 91 272 581 589 222 377 430 600 600 600 578 93 17 0 0 0 141 188 115 412 488 364 531 600 597 234 0 389 187 8 108 69 424 471 29 15 61 123 385 316 0 0 387 293 0 0 0 137 366 596 380 436 130 160 72 108 148 4 278 181 20 0 58 0 0 0 0 121 205 0 33 13 182 47 40 179 206 0 0 8 367 529 377 2 0 27 0 59 167 150 0 0 0
213 588 600 516 600 600 559 468 21 45 88 117 161 267 1 116 0 151 0 35 5 21 165 255 193 409 512 598 583 541 597 567 316 51 1 96 135 143 268 422 155 195 117 20 202 0 0 7 78 7 0 125 460 193 62 266 136 27 70 360 327 33 0 0 12 0 0 0 27 401 518 514 179 0 0 81 274 96 77 0 56 23 14 393 24 65 38 51 250 405 589 174 36 8 0 0
243 600 600 600 449 578 596 546 64 66 17 0 0 46 27 363 314 162 50 49 0 96 140 310 101 66 219 546 582 497 600 600 404 0 0 21 29 0 88 105 39 40 125 128 13 0 0 401 598 114 0 0 200 39 3 37 0 0 2 90 120 0 0 35 306 226 233 49 72 488 143 525 254 0 0 0 15 192 123 33 177 352 20 114 193 413 457 285 437 532 512 426 137 0 0 20
302 600 600 600 502 402 347 138 175 525 149 74 6 0 197 299 0 225 57 49 55 285 190 283 347 366 172 103 141 189 598 600 287 0 0 0 0 0 17 352 164 386 495 409 318 87 62 157 359 201 7 0 0 0 0 0 0 0 0 0 0 53 125 0 69 143 27 199 63 55 40 100 113 2 0 0 0 162 34 33 17 301 358 39 447 600 585 577 413 200 233 200 0 44 168 40
325 600 600 600 357 89 208 43 317 548 78 0 102 0 113 252 145 174 20 61 329 478 186 554 589 600 465 479 290 274 458 600 478 282 16 321 71 1 3 0 144 588 557 419 508 91 14 104 196 522 297 2 0 0 0 0 0 0 0 0 0 16 153 19 361 162 2 6 228 3 0 6 118 0 0 0 171 247 123 436 251 20 48 363 576 487 501 588 557 378 363 253 86 64 315 405
369 600 600 600 600 229 0 38 406 151 0 0 0 0 0 61 145 137 236 87 80 169 513 590 529 508 496 588 588 570 582 600 600 316 195 403 0 0 0 121 266 371 556 393 297 137 408 600 596 570 385 342 115 14 8 90 0 0 0 0 0 0 1 6 152 29 112 185 0 33 20 10 90 166 311 0 3 148 386 406 476 176 482 521 284 488 557 484 287 117 8 44 303 25 76 122
62 504 600 600 598 316 241 147 86 331 183 0 16 33 0 1 1 41 444 290 276 252 346 600 600 588 600 600 600 596 597 600 600 209 131 208 18 7 0 0 291 364 544 469 172 191 534 600 600 600 452 27 9 0 0 0 12 46 0 31 36 0 62 303 273 483 24 14 2 196 0 23 117 114 110 93 315 32 286 166 50 502 312 416 29 26 156 536 81 0 0 0 155 374 433 313
356 600 600 600 600 600 600 595 566 600 597 234 314 386 498 516 133 260 447 145 212 315 583 599 600 581 600 600 600 560 569 600 600 361 197 234 0 5 0 49 33 266 475 338 139 172 433 600 596 383 33 1 0 0 2 331 351 267 95 0 0 0 0 105 223 188 0 25 104 298 84 0 15 3 32 53 435 114 0 10 164 493 39 147 99 5 142 166 219 7 0 0 2 135 210 135
424 555 578 589 532 507 600 600 600 600 331 184 464 464 248 462 329 244 473 230 343 277 254 440 563 534 600 600 600 600 600 600 600 598 426 99 256 454 527 545 119 280 348 88 19 26 429 600 478 400 12 0 0 0 0 0 35 86 0 0 0 0 0 0 0 0 0 0 97 510 337 0 105 410 309 51 469 57 188 22 42 6 0 0 0 23 65 0 10 9 89 0 2 2 263 478
411 590 318 99 296 445 600 600 600 545 127 141 363 202 242 118 272 67 544 507 330 279 100 30 12 435 542 600 600 600 600 587 479 270 112 0 448 568 600 479 502 340 567 225 0 68 450 333 3 36 10 0 0 0 0 0 0 0 0 0 0 0 0 0 0 0 0 0 0 0 36 0 211 600 476 134 260 18 285 527 587 427 233 139 72 136 0 0 41 33 59 2 8 6 12 21
229 499 362 91 0 28 479 600 553 524 186 5 112 108 121 140 0 16 98 55 128 244 318 291 192 34 124 576 600 600 600 234 0 113 418 138 525 461 524 598 521 579 600 307 122 543 600 391 122 0 0 167 97 0 0 0 0 0 0 0 0 0 0 0 0 0 0 0 0 0 0 0 41 592 600 596 402 161 600 600 600 600 600 598 353 72 14 4 22 7 0 5 4 4 5 21
91 87 34 0 0 0 282 495 319 373 93 273 350 220 412 387 474 548 216 214 70 341 533 594 537 361 317 473 598 600 600 136 0 110 568 301 511 291 147 36 122 211 387 142 494 578 478 581 270 165 153 477 386 2 0 0 0 0 0 0 0 0 0 0 0 0 0 0 0 0 0 0 2 240 365 214 0 309 600 600 600 600 600 600 569 304 9 18 5 0 0 4 4 17 263 518
22 86 3 121 44 154 504 515 201 0 205 539 441 566 588 598 600 600 594 294 253 504 343 203 195 321 467 600 600 557 556 101 52 0 7 74 593 600 186 0 0 0 16 61 568 506 451 301 302 358 282 60 7 0 0 0 0 0 0 0 0 0 0 0 0 0 0 0 0 0 0 0 0 0 0 0 0 391 600 600 600 600 600 600 568 140 290 0 0 0 16 13 198 478 565 445
0 0 0 10 112 514 250 589 576 246 500 269 354 464 501 600 600 600 366 431 518 600 518 60 76 594 548 418 300 212 366 368 158 198 76 7 411 476 12 0 0 110 45 482 600 560 212 76 441 195 44 0 0 0 0 0 0 0 0 0 0 0 0 0 0 0 0 0 0 0 0 0 0 0 0 0 7 463 588 600 600 600 600 600 466 105 421 367 73 13 71 476 578 541 575 506
0 1 0 0 294 187 367 600 600 394 299 164 600 485 286 519 598 600 538 558 586 535 524 375 73 419 588 173 0 101 318 117 401 586 409 324 590 410 5 0 0 65 41 232 525 377 578 570 292 0 0 0 0 0 0 0 0 0 0 0 0 0 0 0 0 0 0 0 0 0 0 0 0 0 0 0 3 280 450 600 600 600 600 600 494 133 481 549 586 436 541 544 577 600 600 600
145 142 156 31 67 0 24 272 585 507 252 332 600 600 541 474 578 580 422 215 166 213 20 67 1 31 166 76 0 97 301 384 294 481 394 65 79 36 2 0 0 204 468 417 218 572 473 520 145 6 0 0 0 0 0 0 0 0 0 0 0 0 0 0 0 0 0 0 0 0 0 0 0 0 0 0 0 77 423 517 600 600 600 598 490 483 600 600 600 600 600 600 600 600 600 600
61 260 155 152 281 150 14 0 81 172 103 338 589 336 290 375 231 355 14 0 4 252 104 345 268 9 0 3 0 49 194 251 4 238 128 0 0 10 0 0 0 150 520 411 119 464 578 600 600 302 2 86 251 147 0 0 0 0 0 0 0 0 0 0 0 0 0 0 0 0 0 0 0 0 0 0 159 328 559 598 600 600 600 600 600 600 600 600 600 568 536 331 578 600 600 600
443 548 353 19 231 287 350 31 27 153 0 242 352 375 67 7 217 223 11 158 107 170 159 295 56 89 1 0 0 0 0 28 167 92 6 18 84 0 0 0 11 171 590 506 306 576 600 541 588 595 550 598 600 552 51 0 0 0 0 0 0 0 0 0 0 158 169 0 0 0 0 0 0 0 0 191 598 495 471 590 600 600 600 600 600 600 600 600 600 600 564 514 600 600 600 600
506 600 451 133 346 149 3 231 526 513 510 357 167 116 115 9 12 104 296 298 233 198 364 562 509 329 34 1 10 386 165 185 343 228 13 256 406 19 108 180 134 456 543 472 417 600 600 600 600 600 600 600 600 597 277 3 0 100 343 301 20 0 0 0 0 85 12 0 2 0 0 0 0 0 0 22 124 431 596 600 600 600 600 600 600 600 600 600 600 600 565 504 542 596 600 600
389 600 524 500 218 75 429 545 531 573 600 600 600 456 240 252 525 587 582 203 45 236 320 389 556 178 513 381 197 454 592 536 569 131 0 30 279 1 37 19 89 167 292 342 424 600 600 600 600 600 600 600 600 600 154 15 225 546 211 563 256 0 0 0 0 23 169 7 0 0 29 157 147 83 0 31 20 461 600 600 600 600 600 600 600 600 600 600 600 600 600 600 600 600 600 600
536 566 545 152 208 456 305 558 600 600 600 600 590 600 600 600 600 600 600 545 44 146 45 291 490 427 600 600 600 600 598 224 414 511 417 263 44 0 18 224 416 593 455 546 600 600 600 600 600 600 600 600 600 600 547 206 381 595 518 358 395 104 0 0 0 0 5 0 20 193 465 600 600 595 445 468 496 600 600 600 600 600 600 600 600 600 600 600 600 600 600 600 597 600 600 600
382 320 354 507 500 563 600 600 596 600 600 600 596 600 600 600 600 600 549 253 69 2 125 111 202 597 600 600 600 600 600 600 594 600 600 128 0 0 74 317 600 562 588 600 559 538 600 600 600 600 600 600 600 600 600 490 532 600 600 578 351 121 13 0 0 8 171 151 374 598 600 600 600 600 600 600 600 600 600 600 600 600 600 578 588 600 600 600 600 600 600 600 584 599 600 600
169 27 480 600 591 580 600 600 582 569 517 556 507 496 441 541 590 586 391 539 511 296 210 480 539 600 600 600 600 598 600 600 600 600 600 504 248 385 547 582 600 589 600 600 600 600 600 600 600 600 600 600 600 600 600 194 30 569 600 365 0 78 42 36 219 459 510 378 598 600 600 600 600 600 600 600 600 600 600 600 600 600 600 588 538 542 600 600 600 600 600 600 600 600 600 600
100 282 506 590 600 600 600 600 600 600 600 600 582 404 420 566 598 580 600 600 600 600 600 600 600 600 600 600 600 582 554 600 600 600 600 600 592 559 600 600 600 600 600 600 600 600 600 600 600 600 600 600 600 600 600 553 44 230 264 178 0 179 158 572 600 600 600 600 600 600 600 600 600 600 600 600 600 600 600 600 594 600 588 532 575 595 600 600 600 600 600 600 600 600 600 600
540 592 600 600 600 600 600 600 600 600 559 597 580 583 378 355 498 600 590 598 600 600 600 600 600 600 600 600 600 390 588 600 600 600 600 600 546 594 600 600 600 600 600 600 600 600 600 600 600 600 600 600 596 528 600 600 217 0 0 0 0 23 457 600 600 600 600 600 600 600 600 600 600 600 600 600 600 600 600 600 516 600 596 579 600 600 558 545 486 600 600 600 600 600 600 600
540 600 600 600 600 600 600 600 600 399 228 329 535 531 587 566 540 600 598 590 600 600 600 600 600 600 600 600 600 588 600 600 588 600 600 596 600 590 600 600 600 600 600 600 600 600 600 600 600 600 600 600 596 536 600 420 21 0 0 0 0 73 531 600 600 600 600 600 600 600 600 600 600 600 600 600 600 600 600 600 600 600 600 588 577 437 507 373 320 495 532 600 600 600 600 600
540 600 600 600 600 600 600 600 600 571 468 183 561 600 600 578 600 600 600 600 600 600 600 600 600 600 600 578 600 600 600 600 600 600 600 582 600 588 588 600 569 600 600 600 600 600 588 600 600 600 600 600 600 600 600 539 232 0 0 0 142 307 574 573 600 600 600 600 600 600 600 600 600 600 600 600 600 600 600 600 600 600 600 555 489 374 592 390 205 460 586 600 600 600 600 600
540 600 600 600 600 600 600 600 600 600 600 554 588 600 600 430 600 600 600 600 600 600 600 600 600 600 600 600 600 600 600 600 600 600 600 600 600 600 588 600 600 600 600 600 600 600 600 600 600 600 600 600 600 590 589 288 22 0 0 0 75 68 18 22 580 600 600 600 600 600 600 600 600 600 600 600 600 600 600 600 600 600 562 245 576 557 420 378 595 600 566 600 600 581 600 600
540 600 600 600 600 600 600 600 600 600 600 600 600 600 600 600 600 600 598 598 600 600 600 600 600 600 600 600 600 600 600 600 600 600 600 600 600 600 600 600 600 600 600 600 600 600 600 594 600 600 600 600 600 600 555 122 0 0 0 0 0 0 322 340 570 600 600 600 600 600 600 600 600 600 600 600 600 600 600 600 600 600 600 560 449 244 255 492 598 533 547 600 596 533 600 600
540 600 600 600 600 600 600 600 600 600 600 600 600 600 600 600 600 600 501 272 385 600 600 600 600 600 600 600 600 600 600 600 600 600 600 600 600 600 600 600 600 600 600 600 600 600 598 377 600 600 600 600 600 600 600 569 172 0 0 0 0 0 549 600 600 600 600 600 600 600 600 600 600 600 600 600 600 600 600 600 600 600 600 498 306 379 244 342 453 436 212 480 471 579 600 600
