data/outputs/Sarzedas de Vasco/2015/resolution_1/CONT_TOTAL_1_55.asc
ncols         27
nrows         27
xllcorner     -8.222016814931
yllcorner      39.947705019877
cellsize       0.000494626880
NODATA_value  -9999
4385 12289 11318 8233 13925 16292 14779 8094 6567 4385 2774 4277 5253 9174 6295 13628 14063 16731 18150 18041 18099 17747 15022 15735 17522 13937 14956
9801 6287 9514 12562 17362 10256 12568 3238 3615 5322 4020 6903 3654 5135 3951 3607 6327 8371 16354 18150 17881 17802 16326 9556 13855 7255 9813
13617 9359 5158 3871 10795 11283 2965 6036 4731 4433 2451 3085 3615 2106 3774 8536 6648 1212 7947 12441 16112 16179 13159 1150 5615 15866 14142
14116 11991 5723 7063 13633 17375 7023 9953 10200 2366 1378 1822 2084 6116 7525 5623 1751 6798 5899 9727 15935 10575 8558 478 8627 17520 15091
2251 10645 12922 12380 9837 9152 8897 4545 12167 1996 0 0 0 1845 16040 12308 8216 13428 15392 18150 16376 5987 2991 15396 16669 10242 13081
10609 10175 11296 7777 8504 8682 3828 8770 16647 13909 6454 868 2337 6004 17279 18128 17424 17898 18150 18150 14102 1315 11764 16851 5435 3600 3179
15364 17238 15651 16578 16795 17815 16349 17790 18093 18005 6407 10436 17490 18150 18058 16656 17032 18150 18150 17179 11163 3109 16137 17570 18025 17724 17684
17820 18150 17511 14855 17912 18150 17452 17376 16651 17765 7036 11950 18150 18150 18095 14125 15021 16835 17916 12734 18142 17701 17367 15830 17742 18093 18150
16202 18041 17650 12068 13486 13723 9438 3871 12517 12296 16212 13708 16023 18150 18150 17467 17037 17204 15805 12120 18050 18150 12648 8578 8675 13459 14261
16673 16719 16005 16488 17410 13486 9311 14381 17202 13322 8318 12749 9932 13395 18150 18150 17861 17327 17855 16475 17118 18055 18044 13825 9345 17640 17553
3567 10666 6608 3574 6761 1340 8157 16437 11902 11356 8605 16629 17652 14981 15620 17644 15275 17796 17333 18083 17618 18150 13562 6399 16054 17380 13550
13018 17638 17256 15353 8054 10307 11382 16372 10266 10146 16454 18024 17640 8766 16592 13407 14146 16121 17060 18150 17861 18148 14506 12575 10908 11230 13807
12841 18126 17797 17471 9618 17146 16691 14553 10907 15887 15692 16217 12688 14256 15435 6294 7414 17972 18150 18052 18065 18150 11458 15064 18043 15130 15663
15329 16388 17026 15043 14920 13876 5357 5019 6948 8167 5051 7775 5936 9135 11441 3979 9947 17997 14243 14578 12757 18150 16511 17983 18096 17751 17943
15540 15300 11969 16395 17166 12043 10908 12181 14529 8587 14625 12095 5031 7669 3066 7039 5739 10871 11085 13935 15301 18106 16587 15220 18110 18064 16303
16768 17719 17982 16970 15510 17778 18150 15111 11019 3906 14868 6925 8746 11092 11303 10243 9537 16958 17915 16369 15863 17371 16668 16144 18054 14829 13812
16956 17285 18069 17966 17360 18104 18013 17757 16360 9723 4817 4849 7668 13694 16333 15342 11634 15441 17526 17467 18150 17883 17592 16149 17799 15936 16737
12375 10931 15180 17638 13599 17842 18116 18116 16726 7416 9782 13477 17822 18108 17831 13068 12315 10717 17461 18150 18150 17909 14965 15321 17937 14222 13137
9561 7997 10892 9263 7067 13491 16647 17047 14570 14989 14913 15366 17250 18140 17944 18106 18140 17677 17567 15717 15640 18150 13815 17112 17734 16052 9532
6485 9719 8525 7609 10774 9974 16336 15561 15401 11390 16581 16695 16638 16480 16385 16630 16400 17967 17932 15154 17113 16625 14180 18077 18150 14444 12645
12408 11761 4466 15642 17351 18028 18148 17509 17071 15460 17315 17671 16742 13116 17033 13429 13226 16832 16550 13698 17395 16774 14400 13136 15799 18006 17621
15234 15589 15207 16448 15646 17588 15951 15791 15771 17948 18083 18103 16068 14939 17365 13616 10518 16726 17733 16554 18150 14019 3536 14092 14796 17532 16719
2477 4217 14619 17344 9977 11822 16028 8496 13898 17021 10514 16607 18078 17951 18150 16516 15338 17997 18079 17499 17049 14399 8466 7713 17883 17303 11207
4896 14494 12588 17060 14376 3876 10649 9405 17696 18140 17815 17783 17910 14164 18035 17758 15027 17622 18150 18150 14222 11798 5344 13208 13878 11504 12742
10995 8242 12835 15818 13539 4993 11679 15139 13684 16896 13308 12576 17722 5044 13890 15208 18024 17794 18110 16845 9340 4416 3939 11322 5421 14195 16917
2818 10551 16035 12259 5260 11791 12167 12588 12519 9284 8174 4814 8531 12889 4970 16211 17788 16618 15877 10804 10137 9554 8341 13994 13590 12216 11162
3779 8879 13212 6005 6072 10617 9363 9707 14148 1147 8795 9195 2708 6935 16232 12409 11094 16597 10015 16917 17715 14455 7719 9301 17740 14823 4339
