data/outputs/Sarzedas de Vasco/2015/resolution_1/CONT_NORM_1_35.asc
ncols         42
nrows         42
xllcorner     -8.222016814931
yllcorner      39.947705019877
cellsize       0.000314762560
NODATA_value  -9999
14 16 88 82 17 25 71 83 89 86 80 70 39 44 25 14 22 33 13 38 43 42 32 37 85 81 59 95 100 100 100 99 99 100 93 71 79 96 100 88 60 80
33 51 49 81 50 66 100 98 92 85 75 34 22 14 25 28 12 13 55 12 19 37 41 27 32 50 41 70 100 100 100 100 99 99 98 78 40 59 81 46 20 52
49 63 28 54 20 65 87 84 17 45 37 7 5 32 11 65 33 25 22 29 12 28 25 3 20 13 22 15 39 100 100 100 94 97 100 99 69 55 69 46 67 44
79 86 40 24 21 8 38 59 78 28 14 35 29 25 15 21 8 16 14 19 37 7 15 28 52 55 18 3 12 61 77 88 85 84 93 76 9 11 29 65 97 86
82 62 45 9 19 33 74 93 88 59 15 31 64 65 49 5 3 4 32 13 7 19 37 50 57 38 25 37 17 57 59 35 99 86 93 12 1 0 17 85 94 100
73 67 92 41 37 48 48 74 99 61 54 68 40 62 11 2 9 0 0 12 22 60 43 48 11 5 3 49 19 32 45 92 93 26 43 62 8 22 73 100 85 62
5 33 62 63 90 65 64 73 67 28 57 7 58 64 27 2 0 0 0 0 1 10 88 100 50 16 54 70 70 98 100 100 89 59 7 18 70 97 99 73 46 84
33 24 40 62 59 34 35 13 15 42 14 8 63 86 35 16 0 0 4 0 0 13 78 100 93 98 94 100 100 100 100 100 73 19 0 41 94 99 59 16 34 35
80 47 89 82 63 56 50 64 70 56 18 43 82 100 100 67 63 26 3 10 46 40 96 100 100 100 98 97 100 100 100 99 63 14 6 93 99 67 16 22 27 14
64 99 99 92 86 87 74 99 96 100 76 96 99 100 100 91 46 17 71 92 100 100 99 98 97 98 100 100 100 100 100 95 31 0 28 93 93 97 99 98 96 96
97 100 94 84 96 100 100 100 100 100 99 99 100 100 100 87 4 25 88 100 100 100 100 94 81 78 99 100 100 94 70 95 79 49 97 98 99 100 100 99 100 100
97 100 100 100 91 72 97 100 100 100 98 99 95 92 98 97 38 35 100 100 100 100 99 98 72 75 81 93 99 95 58 100 100 97 100 100 97 85 100 100 100 100
89 100 99 100 77 56 63 98 98 58 32 34 40 51 92 86 100 82 84 100 100 100 100 100 91 98 95 86 82 89 80 99 99 100 100 46 32 33 59 53 92 87
82 100 100 97 95 85 73 83 85 37 84 23 37 98 39 71 55 75 65 58 79 100 100 100 98 92 96 95 94 86 39 99 100 100 99 88 78 49 51 74 87 74
87 99 91 97 88 91 98 98 81 27 45 82 95 96 68 91 34 66 73 55 68 88 100 100 100 100 96 96 98 95 89 100 100 100 98 100 100 34 32 97 99 100
48 81 61 42 38 51 68 83 26 53 79 99 100 97 91 74 49 50 87 87 73 67 92 100 97 78 86 100 100 100 100 88 91 100 95 90 74 33 91 99 99 77
0 9 77 48 32 2 11 11 0 0 38 97 56 31 39 28 54 96 100 100 96 74 80 88 100 92 99 96 89 93 100 100 100 100 94 65 21 51 96 93 93 85
68 86 99 100 94 89 59 34 57 44 56 87 88 39 32 67 93 99 99 99 55 47 96 64 89 81 87 96 95 98 100 99 98 100 100 77 83 63 39 72 51 82
69 98 100 99 100 98 83 46 92 100 99 95 82 76 90 98 99 99 100 100 68 93 98 64 75 43 66 88 99 100 100 98 99 100 100 66 50 69 94 93 32 55
58 100 100 99 96 98 30 82 97 97 83 93 40 65 71 99 73 94 64 59 57 82 79 50 23 34 60 100 100 100 100 100 100 100 100 48 80 100 100 100 97 100
77 98 100 100 98 81 75 74 68 58 32 25 6 71 68 21 25 25 28 25 23 71 86 31 22 43 88 100 100 96 93 51 76 100 100 82 97 100 100 100 100 100
83 77 72 87 86 83 84 97 87 53 18 46 26 31 43 64 36 86 60 49 26 53 45 13 50 26 57 93 59 38 78 63 91 100 100 93 100 99 100 99 95 97
88 87 91 30 92 96 94 93 61 51 66 83 92 89 24 70 92 87 43 28 22 43 19 8 38 64 26 40 87 62 86 64 90 99 100 90 73 90 100 100 100 100
95 100 100 93 99 90 98 92 97 98 100 88 53 48 7 29 89 68 22 39 71 61 49 44 66 33 70 82 96 97 91 71 94 100 100 92 66 98 99 85 79 92
86 93 96 100 99 97 85 73 98 100 100 100 81 95 40 40 75 60 34 41 45 82 89 78 37 38 72 100 94 97 95 94 95 94 93 97 87 100 100 95 83 81
93 98 91 100 100 100 100 100 100 100 99 98 99 82 66 38 26 22 32 30 67 70 94 83 94 72 75 92 100 100 92 100 100 100 96 100 90 93 97 85 88 99
88 84 92 91 100 100 100 97 98 96 100 100 95 91 46 52 28 21 63 77 98 94 100 100 69 70 24 41 96 100 100 100 100 100 95 95 62 86 100 90 82 84
59 52 35 66 81 96 72 55 100 100 100 100 100 94 60 52 68 68 98 100 99 100 100 95 71 62 86 80 89 99 100 100 100 100 100 76 77 99 99 92 74 82
59 30 36 64 84 49 18 63 76 85 100 99 86 94 88 93 79 85 83 100 100 100 100 100 100 100 100 96 100 91 76 90 84 100 99 66 89 100 98 95 89 73
48 57 58 28 44 36 9 78 52 56 87 93 59 82 75 90 95 95 71 85 99 95 86 94 93 95 100 98 100 100 87 80 94 98 97 80 95 100 98 84 57 20
23 54 45 52 53 45 64 64 51 81 100 98 84 79 37 65 95 94 93 98 98 84 91 100 92 89 88 100 97 99 76 95 99 91 79 67 100 99 100 98 79 90
60 39 56 30 52 98 100 99 100 99 100 99 95 92 76 76 99 96 95 95 94 55 89 100 98 83 97 100 100 93 66 83 93 100 97 74 77 79 100 100 97 98
87 97 100 52 35 81 71 100 100 100 100 98 86 100 98 100 100 100 100 97 63 75 97 83 53 32 65 77 81 94 85 97 99 100 31 69 78 60 61 100 100 99
89 79 83 89 96 95 89 99 97 100 76 82 91 88 95 100 99 100 100 94 83 95 99 80 67 39 92 98 99 93 95 96 100 98 38 8 73 81 82 100 93 95
10 16 17 55 64 98 76 55 71 99 80 38 76 74 96 97 75 90 99 99 92 97 100 100 89 83 89 100 100 99 96 98 91 81 62 9 27 64 99 98 97 56
6 49 48 88 100 100 77 45 45 62 82 27 76 82 97 73 56 70 98 100 100 100 100 99 95 86 82 99 100 98 99 100 94 69 98 79 48 81 100 99 88 79
12 34 90 75 71 91 85 66 12 38 78 46 70 99 100 100 100 99 100 100 90 93 100 99 100 85 88 99 100 100 100 96 63 76 31 20 83 73 76 50 80 64
66 85 58 50 70 94 97 59 27 31 74 90 63 86 100 97 87 72 96 100 45 18 98 95 97 96 91 98 100 100 100 99 57 4 58 2 39 68 48 25 64 86
39 46 46 67 91 78 88 50 35 48 80 89 88 60 91 86 59 26 89 97 87 23 32 78 72 100 100 99 99 100 89 67 17 20 26 27 71 49 24 86 96 95
8 29 74 95 74 66 58 15 67 60 75 70 52 76 56 53 50 9 44 49 65 86 9 56 96 100 97 92 85 79 57 62 38 45 36 35 99 49 76 60 93 71
8 18 57 99 65 64 20 46 57 46 58 60 54 90 41 8 38 41 40 12 29 22 48 95 96 85 98 98 79 81 68 95 95 90 78 65 29 95 90 79 59 10
29 30 50 51 85 16 3 53 64 57 52 66 64 73 8 6 57 77 46 6 54 46 91 88 48 37 66 95 32 71 92 97 96 92 59 11 27 87 97 97 58 50
