data/outputs/Sarzedas de Vasco/2015/resolution_1/CONT_TOTAL_1_5.asc
ncols         300
nrows         300
xllcorner     -8.222016814931
yllcorner      39.947705019877
cellsize       0.000044966080
NODATA_value  -9999
[rows 240 to 287 of 300, columns 0 to 95 of 300]
120 150 150 150 150 150 150 105 81 131 109 148 95 89 70 123 127 137 150 143 126 148 150 150 150 150 150 150 139 138 146 150 150 150 150 150 150 146 150 150 150 150 150 150 150 150 150 150 150 150 150 150 150 150 150 133 61 135 150 150 150 150 150 150 150 150 150 150 150 150 103 150 133 133 129 133 127 141 110 42 140 150 150 150 150 138 140 150 150 150 131 116 118 150 150 150
120 150 150 150 150 128 148 53 51 113 30 109 68 44 148 150 119 139 102 52 101 88 150 146 150 150 150 140 117 102 114 150 150 150 150 150 140 126 111 150 150 150 150 150 150 150 150 150 150 150 150 150 150 150 150 147 140 150 150 150 150 150 150 150 150 150 150 150 150 150 150 150 113 45 24 0 6 136 35 98 150 150 150 150 150 149 124 144 111 129 50 98 119 100 129 111
120 150 150 150 150 108 122 102 77 150 136 140 146 81 73 148 150 150 101 96 100 150 148 78 98 112 139 148 150 150 150 150 150 150 150 150 150 148 118 150 150 150 150 150 150 150 150 150 150 150 150 150 150 150 119 141 133 150 150 150 150 150 150 150 150 150 150 150 150 150 150 148 99 40 82 61 30 89 43 38 149 150 150 150 150 150 147 128 136 147 126 82 130 67 149 125
120 150 148 150 150 150 150 127 141 150 150 150 150 79 2 49 136 150 130 150 150 150 120 50 22 13 88 103 108 103 110 121 144 143 150 150 150 150 150 150 150 150 150 150 150 150 150 149 150 150 150 150 150 132 150 123 124 150 148 148 150 150 150 150 150 150 150 150 150 150 150 150 139 78 37 107 9 10 7 33 150 150 150 150 150 150 150 150 127 130 147 119 142 149 150 145
57 79 41 70 52 93 138 150 150 140 145 142 108 44 0 0 103 122 150 150 150 119 77 0 0 30 43 3 0 0 0 0 5 4 36 43 121 150 150 150 150 150 150 150 150 150 150 61 148 150 133 126 148 108 72 57 92 147 90 62 148 150 150 150 150 150 150 150 150 150 150 150 150 132 58 1 0 4 1 37 150 150 150 150 150 150 150 150 123 116 111 136 147 139 138 101
0 0 0 0 0 27 40 99 123 54 9 2 0 0 0 0 6 21 129 148 90 64 13 8 36 109 150 108 70 25 8 0 0 0 61 140 150 150 150 150 150 150 150 150 150 150 107 39 136 150 74 70 138 150 97 79 18 15 24 150 150 150 150 150 150 150 150 150 150 150 150 150 128 103 85 60 77 81 68 73 86 124 150 150 150 150 150 150 150 128 148 139 140 150 149 126
0 0 0 4 2 0 0 0 2 0 0 0 0 0 0 0 0 0 5 18 8 31 30 93 75 110 136 130 136 148 128 93 44 3 28 150 150 150 150 150 150 150 150 150 150 150 145 8 70 150 126 33 67 150 149 117 79 29 50 150 150 150 150 150 140 150 150 150 150 150 150 150 139 141 80 109 95 36 2 1 6 48 123 150 150 150 150 150 148 138 84 144 138 142 149 148
0 0 0 0 40 2 0 0 0 0 0 0 0 0 0 0 0 0 0 12 52 98 139 136 79 46 46 85 116 110 117 128 60 117 130 150 150 150 150 150 150 150 150 150 150 150 140 80 50 124 7 46 62 148 137 120 23 0 104 150 150 150 148 140 148 148 140 150 150 150 150 150 140 94 132 69 30 34 12 3 82 133 87 124 150 138 150 150 117 146 92 81 116 132 148 108
0 0 0 0 12 1 0 0 0 0 0 0 0 0 0 0 0 1 8 14 0 20 40 109 102 143 124 138 149 150 150 150 119 141 150 150 150 150 150 150 150 150 133 103 136 101 139 150 92 32 0 2 45 131 129 84 4 0 102 145 133 148 138 130 150 148 150 150 150 150 150 150 148 150 148 91 59 97 32 4 20 3 0 3 54 136 150 150 138 90 54 0 102 65 134 150
0 0 0 0 3 8 5 0 0 0 0 0 0 0 0 0 0 2 24 0 0 0 100 128 109 135 150 150 150 150 150 150 146 150 150 150 150 150 150 150 150 150 131 23 2 45 141 150 150 129 9 0 0 12 55 108 0 26 131 110 119 150 150 150 150 140 150 148 140 150 150 150 150 150 148 132 90 42 0 6 46 0 0 4 67 0 118 148 145 45 27 18 100 115 66 146
0 0 0 0 6 67 9 0 3 3 0 0 0 0 0 0 1 6 11 4 0 0 1 49 136 141 149 150 150 150 150 150 150 150 150 150 150 150 150 150 150 150 150 138 43 0 26 60 141 148 54 0 0 12 39 66 17 110 150 150 150 150 150 150 150 150 150 150 150 150 150 150 149 103 148 150 118 78 111 50 64 18 12 2 18 4 27 103 97 66 92 44 40 114 79 101
0 0 0 0 0 5 3 2 1 1 18 0 0 0 0 0 0 0 0 0 2 0 0 11 97 134 150 150 150 150 130 136 150 150 150 150 150 150 150 150 150 150 150 150 139 43 0 0 40 126 150 126 32 0 21 22 69 147 90 144 150 139 150 150 119 148 84 68 140 150 150 150 150 117 97 150 150 150 123 33 117 123 17 0 18 3 61 77 138 88 130 121 77 83 72 78
0 0 0 0 0 57 110 128 29 77 115 92 12 3 0 0 0 0 0 16 42 17 25 108 136 147 150 150 150 150 150 150 150 150 150 150 150 150 150 150 150 150 150 150 124 111 42 7 0 13 109 150 105 25 0 0 44 75 19 58 109 128 127 126 86 146 71 81 107 150 150 150 150 150 150 150 141 85 70 23 20 146 77 111 103 124 149 124 95 109 130 132 139 107 124 110
0 0 0 0 0 83 136 127 116 150 109 146 82 55 0 0 0 0 19 120 148 137 149 150 150 150 150 150 150 150 150 150 150 150 150 150 150 150 150 150 150 150 150 150 150 150 150 110 0 0 18 115 150 126 41 2 21 28 0 0 25 27 77 90 135 95 61 94 139 150 150 150 150 150 150 150 131 41 15 0 51 70 49 42 92 93 94 101 125 125 94 97 135 118 150 148
0 0 0 0 0 3 62 142 150 94 70 70 128 148 93 84 73 16 71 150 150 150 150 150 150 150 150 150 150 150 150 150 150 150 150 150 150 150 150 150 150 150 150 150 123 118 86 104 94 56 8 4 94 145 136 29 7 0 28 124 98 49 17 133 143 96 148 117 149 147 150 150 150 149 142 150 83 0 0 0 22 68 92 42 58 94 138 149 83 134 92 82 89 101 147 142
0 0 0 0 0 0 0 16 56 10 100 114 147 150 150 150 150 121 11 134 150 150 150 150 150 150 146 132 150 150 150 150 150 150 150 150 150 150 150 150 150 150 150 150 146 150 88 63 91 148 137 34 0 26 47 4 1 3 80 140 141 125 32 21 115 117 143 118 139 81 116 150 150 150 149 150 35 0 0 1 1 0 5 59 63 103 139 150 137 111 120 139 104 113 137 149
0 0 0 0 0 0 0 0 0 0 92 148 150 150 150 150 150 148 40 44 133 150 150 150 150 150 150 150 150 150 150 150 150 150 150 150 150 150 150 150 150 150 150 150 150 138 150 140 145 150 138 99 7 2 7 8 1 3 75 117 124 102 85 18 43 131 85 10 71 96 58 137 141 150 150 70 3 0 0 21 30 6 0 38 145 121 139 150 150 138 149 119 127 118 147 140
0 0 0 0 0 0 0 0 0 0 3 102 150 150 150 150 150 150 150 56 61 150 150 150 150 150 150 150 150 150 150 150 150 150 150 150 150 128 150 150 150 150 150 150 150 150 150 150 149 150 150 141 91 44 48 71 7 1 22 139 117 11 14 12 1 4 19 1 11 21 18 61 58 148 107 3 0 0 0 36 131 26 0 19 92 150 150 148 150 120 127 114 138 148 104 146
0 0 0 0 0 0 0 0 0 0 0 17 116 150 150 150 150 150 150 92 7 114 150 150 150 150 150 150 150 150 150 150 150 150 150 150 150 132 150 150 150 150 150 150 150 150 150 147 125 103 107 131 102 58 7 2 0 0 0 26 25 11 7 5 3 4 0 0 0 46 145 112 57 45 116 55 22 21 1 10 141 116 5 71 103 81 146 140 150 138 134 147 103 139 146 150
0 0 0 0 0 0 0 0 0 0 0 0 26 139 150 150 150 150 150 146 83 67 117 150 148 78 81 140 150 150 139 105 149 150 150 150 150 150 150 150 150 150 150 83 27 146 148 129 150 136 105 140 150 84 3 7 0 0 0 0 0 15 49 28 7 88 88 43 86 106 128 150 94 26 112 147 141 91 16 11 53 60 38 18 0 12 127 150 150 150 150 150 150 150 150 150
0 0 0 0 0 0 0 0 0 0 0 0 0 13 112 145 150 150 137 113 92 117 147 150 140 104 73 69 65 55 16 85 150 150 150 150 150 148 150 150 150 150 150 65 81 149 140 108 139 135 117 119 139 126 133 46 0 0 0 0 11 100 30 0 0 46 94 117 106 85 84 150 150 89 116 150 147 65 0 0 0 5 0 0 0 8 136 140 150 150 150 150 150 150 150 150
0 0 0 0 0 0 0 0 0 0 0 0 0 0 58 99 150 131 139 148 125 85 79 148 148 150 133 39 13 10 0 122 150 150 150 145 96 57 72 105 122 150 150 150 119 114 127 150 150 132 128 98 91 90 95 43 0 0 1 0 30 150 93 0 0 26 74 16 3 29 14 125 150 150 150 150 141 90 9 34 18 5 0 0 5 4 117 150 150 150 150 150 150 150 150 150
0 0 0 0 0 0 0 0 0 27 49 21 64 110 148 149 150 138 149 150 148 78 8 101 150 150 136 61 56 72 96 137 150 150 150 110 102 114 109 90 101 100 104 106 75 70 29 145 150 150 150 75 107 112 83 55 2 0 3 28 26 39 23 31 25 90 75 28 29 95 136 149 150 150 150 150 150 150 122 146 116 14 0 0 2 0 126 150 150 150 150 150 150 150 150 150
0 0 0 18 65 68 96 106 140 146 150 127 30 106 150 150 150 150 150 150 145 121 90 146 129 144 108 139 12 8 14 95 148 150 150 150 134 149 150 150 150 150 141 63 132 150 145 140 150 150 150 148 82 136 67 10 0 1 3 0 0 0 7 59 76 21 131 150 116 129 131 150 146 150 150 150 150 150 150 150 150 148 139 101 25 0 125 150 150 150 150 150 150 150 150 150
0 4 56 136 150 150 150 150 138 150 150 141 80 148 150 150 140 150 150 108 89 86 22 48 136 106 115 34 1 1 0 61 150 150 138 150 147 150 150 150 150 150 150 142 129 150 150 150 150 150 150 149 135 144 17 0 0 0 0 0 13 34 132 150 90 72 72 123 48 81 10 39 22 127 85 150 150 150 150 150 150 150 150 67 0 0 41 88 150 150 150 140 150 150 150 150
29 85 128 150 148 138 150 150 150 150 150 150 138 108 150 150 148 150 150 137 141 148 117 74 142 27 14 1 3 0 2 135 150 150 150 150 150 150 150 150 150 150 150 150 150 148 150 150 150 150 150 150 119 96 0 0 3 0 0 2 49 119 146 150 46 8 3 2 26 11 0 2 54 125 118 150 150 150 150 150 150 150 148 121 15 0 125 150 150 139 139 136 150 150 150 150
25 12 89 139 140 150 150 150 124 150 150 150 150 127 136 140 140 143 150 148 148 127 107 91 93 1 26 2 4 27 92 117 150 150 150 150 150 135 130 150 150 150 150 150 150 140 150 150 150 150 150 150 78 3 15 44 7 0 3 22 3 120 133 83 5 2 3 17 5 62 76 24 91 150 150 150 150 150 150 150 150 150 150 128 3 7 113 149 150 150 150 150 150 150 150 139
0 25 93 139 150 150 150 150 144 150 150 150 149 150 48 54 76 40 114 109 84 128 149 148 120 0 2 0 0 10 72 74 150 150 150 150 150 125 73 99 150 150 150 150 146 149 150 150 150 150 150 150 147 63 26 0 2 0 0 0 0 13 56 18 66 97 131 83 91 94 146 144 116 147 150 150 150 150 150 150 150 149 134 118 17 35 150 150 150 150 150 150 150 150 150 150
9 37 120 150 150 150 150 150 150 148 148 66 127 150 88 28 0 2 116 140 95 137 150 150 84 7 33 64 0 0 43 149 150 150 150 150 150 150 150 150 150 150 150 150 68 119 150 150 150 150 150 150 148 33 0 1 56 31 15 18 37 19 86 52 45 44 67 123 106 94 83 146 149 150 150 150 150 150 150 150 150 150 147 126 16 0 69 110 128 150 150 150 150 150 148 110
9 44 150 148 150 150 150 150 110 124 148 136 142 91 24 93 23 2 126 150 99 53 84 49 6 108 91 96 74 68 35 136 150 150 141 102 124 150 150 150 150 138 150 150 150 140 150 150 150 150 150 140 150 111 0 3 91 66 124 131 29 26 72 58 57 18 50 114 135 131 46 101 139 120 137 148 150 150 150 150 150 150 150 37 0 27 35 1 3 32 126 122 150 145 124 130
63 92 81 15 77 147 150 150 146 108 138 150 118 20 52 96 56 0 34 146 63 0 0 0 54 150 150 150 138 99 63 144 150 150 148 134 148 142 149 150 150 150 150 142 149 138 150 150 150 150 140 93 70 46 0 12 86 81 93 48 32 11 17 31 37 32 30 31 11 2 0 9 15 27 99 149 150 150 150 150 130 148 103 10 56 129 117 127 110 64 88 46 59 28 66 148
67 26 18 41 52 94 138 150 150 97 39 90 36 11 90 67 3 0 28 112 10 0 0 0 80 145 150 150 148 137 123 100 142 150 150 150 150 149 150 138 116 91 150 149 150 150 140 117 150 150 147 61 52 36 10 133 111 25 15 0 0 0 0 0 0 0 0 4 10 0 0 48 148 148 148 147 140 150 150 150 148 88 26 94 88 136 150 150 148 91 125 138 38 0 2 107
3 3 55 137 113 80 148 150 150 141 81 28 0 20 24 1 0 7 65 75 2 0 18 67 20 108 150 150 150 150 150 150 149 150 150 150 150 150 148 150 150 148 150 150 150 136 135 150 150 130 150 139 139 66 0 8 0 0 0 0 0 0 0 0 0 0 0 0 5 15 9 24 109 150 149 142 150 150 150 141 48 59 145 136 114 148 140 132 116 130 150 138 20 0 22 10
20 13 39 142 139 88 111 150 150 150 146 29 0 110 55 50 56 90 31 1 1 7 111 112 109 124 139 150 150 150 150 150 150 150 140 150 138 150 119 72 121 117 140 150 150 141 124 150 150 130 150 150 150 49 0 0 0 3 2 2 0 3 0 0 0 0 0 23 35 25 91 143 150 150 120 129 150 150 148 141 122 150 150 150 150 150 148 146 150 140 138 113 0 2 126 110
10 86 134 120 139 130 148 150 148 117 39 78 14 104 80 25 43 52 5 37 51 94 150 99 32 2 89 150 150 150 150 150 150 150 148 133 97 98 145 140 150 146 86 150 150 150 124 68 148 150 150 150 130 3 0 0 0 1 0 9 45 112 108 120 102 94 106 129 68 85 115 140 140 140 119 86 62 84 129 150 150 150 150 150 117 140 148 150 150 148 150 112 0 53 119 150
30 96 148 150 148 108 126 100 77 82 124 125 148 56 6 23 94 31 98 148 148 150 150 69 0 0 26 150 150 150 150 150 150 150 122 77 23 41 130 150 150 150 150 140 148 150 148 115 100 127 150 117 3 0 35 3 0 1 22 81 95 142 139 111 69 23 8 18 20 29 50 50 39 58 91 127 144 150 150 128 150 150 150 129 138 150 140 148 150 140 148 55 2 76 68 134
0 7 88 60 35 4 27 0 1 15 107 120 49 11 13 129 136 27 14 147 150 150 150 127 41 93 100 148 150 150 150 150 150 112 23 3 26 135 150 124 112 150 150 150 150 150 149 150 138 146 105 108 11 31 13 2 0 0 1 40 28 33 38 79 82 118 126 95 95 131 150 150 139 150 143 146 130 150 150 150 150 138 109 82 142 132 146 138 150 150 75 35 42 121 113 149
0 0 0 0 0 0 0 0 0 0 15 109 43 13 54 146 118 7 13 87 150 148 95 104 148 150 150 150 150 150 150 150 146 16 20 34 61 28 117 148 144 150 150 150 85 84 141 149 150 150 57 0 0 7 34 40 16 32 96 133 144 150 150 138 150 150 141 57 55 120 150 150 140 136 86 125 136 150 150 150 132 136 45 133 115 140 148 127 133 150 78 19 48 123 137 150
0 0 0 0 0 0 0 0 0 48 87 52 13 15 148 150 102 42 137 146 150 102 7 36 132 150 150 150 150 150 150 150 116 83 52 127 129 123 140 137 71 85 46 100 133 109 78 96 148 150 66 0 51 138 123 134 132 139 150 132 146 141 88 130 141 130 84 132 136 139 129 119 149 150 150 136 97 150 150 148 121 124 110 140 138 150 148 37 91 123 7 0 51 80 139 150
0 0 0 0 3 37 12 16 67 129 124 3 0 27 148 124 17 62 120 146 147 45 116 80 149 150 150 150 150 150 150 139 63 102 133 150 150 139 129 112 123 130 101 124 139 150 125 49 38 70 8 3 15 27 103 119 89 139 137 75 106 78 73 123 119 131 73 126 137 150 136 121 122 111 123 150 148 148 128 118 96 67 126 118 108 128 132 90 93 40 0 0 64 71 150 150
0 0 0 0 59 150 99 16 140 141 146 21 0 3 64 18 0 19 59 141 150 87 131 135 147 150 150 150 150 150 150 150 149 148 143 150 150 128 64 85 150 130 148 150 133 110 102 80 84 0 1 20 51 55 35 17 34 149 150 107 115 86 88 89 62 66 50 26 96 119 111 100 134 130 94 150 150 148 140 112 121 60 62 64 67 126 138 98 139 41 0 39 31 30 147 150
0 0 0 0 36 109 87 9 9 52 144 11 3 25 0 0 89 148 150 150 150 150 150 147 127 150 150 150 150 83 86 140 100 29 50 128 130 149 104 130 134 42 86 134 128 104 85 131 57 0 1 16 61 21 6 23 91 150 150 150 113 72 86 125 68 37 58 53 58 112 119 111 110 124 150 150 136 130 150 132 98 64 71 108 91 118 124 150 102 8 0 131 58 57 148 150
0 0 0 0 0 0 0 0 0 103 150 67 17 35 0 33 148 150 150 150 150 150 150 150 150 150 150 150 150 150 81 67 30 80 140 145 129 104 36 34 117 134 136 79 102 130 107 44 3 0 12 12 7 1 0 26 150 150 128 149 130 137 119 143 118 57 75 77 123 112 54 45 52 122 109 135 136 150 132 100 139 124 112 128 147 105 140 146 32 0 37 100 73 150 128 150
0 0 0 0 0 0 0 0 0 113 143 56 0 0 76 135 150 150 150 150 150 150 150 150 150 150 150 150 150 148 81 20 91 122 128 47 7 33 74 74 70 141 107 57 71 121 85 19 0 0 47 5 1 1 1 76 136 114 88 119 98 47 8 90 126 81 70 100 138 130 111 84 72 109 128 133 116 150 117 83 148 92 26 32 47 76 90 121 37 0 64 86 113 150 120 119
0 0 0 0 0 0 12 49 3 8 11 0 0 0 63 150 150 150 150 150 150 148 150 150 150 150 150 150 150 129 135 72 65 78 130 100 29 41 75 146 122 125 117 107 116 89 80 8 0 0 4 4 0 0 3 81 50 137 95 84 20 84 99 134 115 85 54 74 75 31 46 111 111 108 150 133 141 118 113 68 128 100 120 65 71 150 124 60 3 5 98 130 142 150 108 129
0 0 0 0 0 0 0 64 29 0 0 9 72 106 47 123 98 120 150 150 150 140 150 150 150 150 150 150 150 148 67 127 140 54 13 21 34 6 70 93 109 122 123 83 87 71 50 0 0 0 0 0 0 0 64 125 62 69 32 51 87 136 130 147 105 2 54 66 42 93 89 15 27 115 133 104 126 47 96 106 115 102 131 75 33 145 146 50 0 69 32 100 150 150 150 148
1 69 0 0 0 0 0 0 0 0 0 1 9 50 92 71 64 109 150 150 150 150 150 150 150 150 150 150 150 133 139 107 148 99 78 66 55 100 89 92 148 105 81 126 96 14 2 0 0 0 0 0 0 50 131 110 101 54 77 53 70 138 111 90 52 80 129 129 59 59 24 25 84 137 138 137 98 37 124 150 71 110 148 119 68 145 85 0 0 54 86 146 150 150 138 101
0 97 71 0 0 0 0 0 0 10 4 12 28 113 45 36 39 101 103 148 150 150 150 150 150 150 150 150 148 85 85 77 115 33 119 150 138 150 138 120 111 126 53 82 55 3 0 0 0 0 0 0 0 62 124 118 43 51 139 98 125 109 63 108 118 93 130 113 88 28 68 67 92 139 119 150 68 68 84 148 144 146 111 120 133 118 3 0 38 79 125 150 150 150 132 142
