data/outputs/Sarzedas de Vasco/2015/resolution_1/CONT_NORM_1_15.asc
ncols         100
nrows         100
xllcorner     -8.222016814931
yllcorner      39.947705019877
cellsize       0.000134898240
NODATA_value  -9999
[rows 50 to 99 of 100, columns 0 to 95 of 100]
69 67 96 95 98 99 100 100 100 100 100 100 93 49 84 98 92 96 79 69 93 96 26 0 0 4 18 35 3 5 18 75 61 31 64 38 1 0 3 35 15 32 26 54 48 45 4 33 25 70 35 58 73 68 19 0 2 46 27 17 68 77 99 100 100 99 100 100 95 84 98 98 46 0 0 20 100 100 100 100 100 100 89 99 100 100 100 100 100 100 100 100 100 100 99 100
88 100 88 63 73 71 91 100 99 100 91 71 77 97 90 100 100 97 90 95 92 60 51 1 0 21 48 97 7 30 2 18 4 14 47 59 16 7 3 69 85 82 50 47 67 65 25 41 32 37 56 97 90 6 12 2 0 54 26 24 38 55 93 100 97 94 67 38 26 91 100 99 33 42 53 82 100 100 100 100 100 100 94 100 100 100 100 100 100 100 100 100 99 89 86 99
64 69 82 73 96 59 51 86 65 67 75 97 92 62 47 85 98 99 100 96 49 59 90 2 15 66 20 38 11 31 37 52 24 24 93 100 83 56 36 38 97 100 81 39 89 32 43 3 31 33 53 44 23 13 25 0 29 92 57 24 30 42 77 93 99 100 43 5 6 41 88 84 64 93 89 93 99 100 100 100 100 100 94 86 98 100 100 97 96 100 100 100 99 100 100 100
81 78 93 64 60 76 96 78 63 88 99 100 96 94 76 97 100 99 92 93 74 21 16 4 22 28 24 55 71 96 91 79 58 19 32 78 73 48 82 100 98 81 30 86 66 21 9 0 3 70 99 97 11 25 32 12 1 90 95 40 11 33 45 15 86 100 88 69 28 41 47 58 51 32 71 93 100 100 100 100 100 100 100 65 98 100 100 100 100 100 100 100 100 100 100 100
89 98 98 85 98 97 79 9 8 57 97 100 100 98 87 99 100 96 75 60 18 32 64 62 84 95 89 100 99 97 97 82 84 18 36 82 75 100 100 99 86 96 62 43 3 22 39 14 30 4 47 39 0 0 0 0 0 75 98 100 35 6 26 49 23 97 84 72 57 81 96 91 81 60 77 83 95 97 100 100 100 100 100 69 80 97 97 98 100 100 100 100 100 100 100 100
93 97 87 100 100 100 98 66 13 60 100 87 88 99 98 100 97 75 96 78 77 100 100 100 100 100 99 87 58 72 99 99 89 7 8 31 54 63 98 100 79 79 50 6 31 44 9 31 92 45 5 5 13 25 9 26 8 27 31 56 0 0 45 44 10 57 96 85 70 84 93 95 95 76 89 99 88 100 100 100 100 100 100 96 7 43 48 85 100 100 100 97 100 94 100 100
93 99 100 100 100 100 99 99 95 94 100 98 97 88 95 97 100 85 100 100 100 100 100 100 100 100 99 90 82 78 63 49 38 7 0 3 28 74 97 100 70 18 2 10 27 43 78 92 63 55 29 69 31 17 22 98 83 18 65 16 26 71 79 62 95 99 100 97 96 94 98 81 77 45 74 97 98 100 100 100 100 100 100 100 54 83 93 97 100 100 96 97 85 75 73 72
83 100 100 100 100 100 100 100 100 100 100 98 96 72 98 100 86 85 97 98 99 92 100 100 100 100 100 54 22 25 27 40 23 1 1 21 19 82 99 95 100 45 1 60 25 24 52 70 67 85 91 61 75 59 16 58 100 89 45 58 50 93 85 98 98 87 98 100 100 100 95 85 79 83 69 96 99 100 100 100 100 100 98 63 29 98 100 100 100 100 100 95 61 71 77 87
74 100 99 92 95 88 100 100 100 100 100 96 97 94 98 100 45 80 91 100 97 100 100 100 100 100 100 100 86 50 74 99 67 2 4 25 51 60 55 96 100 75 24 24 27 21 54 68 20 63 93 100 85 76 66 86 78 18 16 34 28 96 98 99 100 100 100 100 100 100 100 100 100 86 84 89 85 88 99 96 95 89 90 100 71 98 100 100 100 100 97 97 83 90 79 58
60 97 95 82 94 97 100 100 100 100 100 100 98 94 71 86 38 65 100 100 100 100 100 100 100 100 100 100 83 89 100 100 98 88 61 47 67 60 86 89 38 31 11 47 59 43 66 48 4 66 94 98 100 85 85 65 24 5 26 40 18 55 100 100 100 100 81 84 90 98 91 87 93 100 100 100 100 100 91 80 94 97 99 100 69 100 100 100 100 100 100 100 99 100 98 81
82 100 100 98 92 65 99 100 100 100 100 100 100 100 100 98 96 94 100 100 100 100 100 100 100 100 100 100 92 98 100 100 93 41 5 8 0 14 83 73 71 15 55 55 38 43 77 67 75 99 86 71 100 59 99 96 97 95 80 72 75 32 77 93 100 100 98 100 100 100 99 98 100 100 100 100 100 100 100 100 100 100 100 100 74 100 100 100 100 100 100 98 69 50 81 87
82 99 100 100 98 91 100 100 100 100 100 100 100 100 100 100 100 100 100 100 100 100 100 99 97 100 99 94 100 99 89 54 54 92 59 57 34 6 26 1 18 22 32 47 31 29 6 44 92 94 64 98 100 98 66 70 100 100 91 19 88 98 76 92 100 100 100 100 100 100 100 72 98 100 100 100 100 100 100 82 98 100 99 100 93 96 98 90 96 96 92 94 81 81 90 98
93 96 87 88 97 100 100 100 100 97 100 100 100 100 100 100 100 100 100 100 100 99 98 96 100 100 98 100 100 100 92 95 100 91 81 97 52 2 0 0 1 1 5 3 7 38 18 68 92 52 21 86 100 79 97 98 77 69 90 85 72 75 37 51 94 100 100 100 100 100 100 90 100 100 100 100 100 100 100 100 100 100 100 99 69 89 72 78 98 99 96 100 100 100 97 100
93 100 100 100 99 100 92 82 97 100 100 100 100 100 100 100 100 100 100 98 97 95 100 100 100 100 100 100 100 86 82 82 77 38 26 38 56 43 48 2 0 27 40 73 74 72 97 100 100 100 100 100 100 100 100 100 100 89 30 82 48 8 13 18 49 97 100 100 100 100 100 100 100 100 100 100 100 100 100 98 91 100 98 95 62 59 42 92 99 100 100 100 100 100 100 100
78 84 49 71 93 91 78 94 87 92 100 100 100 100 100 100 100 82 99 98 97 91 99 100 100 100 100 100 100 99 98 98 100 57 10 25 79 77 5 25 38 51 73 86 100 99 100 100 100 100 100 100 100 100 100 100 79 36 44 79 96 41 8 5 52 63 100 100 100 100 100 100 100 100 100 100 100 100 100 99 92 93 100 82 51 73 85 100 100 100 100 92 73 63 52 51
27 30 61 65 41 41 21 72 87 75 84 100 100 100 100 83 76 69 100 100 100 100 100 100 100 100 100 100 99 100 100 98 100 81 30 34 49 84 61 34 66 78 91 99 100 100 100 99 98 100 100 100 100 93 83 97 82 52 17 77 100 85 43 65 85 87 86 100 100 100 100 100 100 100 100 100 100 100 100 100 100 100 98 61 31 87 94 100 100 100 98 87 90 70 58 56
88 77 51 54 10 24 52 51 40 97 83 62 100 100 100 42 0 11 100 100 100 100 99 100 100 100 100 100 100 100 100 94 70 59 48 19 68 97 65 69 57 87 100 100 100 100 100 99 100 100 100 100 100 100 100 99 98 67 6 40 96 100 96 95 58 100 92 71 100 100 100 100 100 100 100 100 100 100 100 100 100 98 90 59 73 99 100 100 100 99 100 100 94 76 73 94
92 91 39 65 29 41 29 48 72 97 85 85 48 83 87 23 0 40 100 94 97 100 100 100 100 100 100 100 100 86 89 100 92 84 40 62 91 63 73 89 83 91 99 100 100 100 100 100 100 100 100 100 100 100 100 100 100 100 96 100 100 100 100 100 88 88 100 92 73 95 100 100 100 100 100 100 100 100 100 100 100 97 82 28 71 83 100 100 100 98 100 99 99 98 100 100
65 59 30 16 24 41 16 64 87 57 95 100 54 17 35 0 1 82 93 94 86 87 92 100 100 100 100 100 100 73 97 99 93 94 100 100 97 95 58 61 90 96 82 100 100 100 100 100 100 100 100 100 100 100 100 100 100 100 100 100 100 100 100 100 100 100 100 100 100 87 36 79 100 100 99 95 100 100 100 100 100 93 92 42 87 89 100 100 100 100 100 100 100 100 98 92
39 46 56 23 37 65 72 42 35 53 67 69 59 6 0 0 34 98 71 50 15 52 73 95 100 100 100 86 80 75 66 83 71 85 87 86 98 99 90 83 97 57 70 46 86 100 100 100 100 100 100 100 100 100 100 100 100 100 100 100 100 100 100 94 99 98 99 100 100 97 74 75 92 86 18 20 95 100 100 100 100 100 57 47 78 100 100 100 100 100 91 84 82 65 88 31
73 59 32 49 72 84 44 52 19 18 22 38 71 0 0 1 57 87 98 63 48 65 69 28 96 100 99 95 53 58 60 85 72 79 59 93 73 95 82 100 99 98 99 42 16 95 100 100 100 100 99 94 92 86 94 100 100 100 100 100 100 100 99 98 100 100 100 100 100 98 100 71 86 94 100 100 100 100 100 100 100 91 74 91 100 91 100 100 100 100 93 96 82 65 82 56
24 37 26 80 93 57 16 6 39 37 74 92 42 0 0 3 94 43 82 56 36 38 44 68 100 100 95 84 33 82 99 100 100 98 68 98 97 96 100 98 93 97 98 74 57 100 100 93 100 93 86 77 83 74 97 92 75 93 85 88 95 100 98 100 97 98 100 100 100 100 100 70 89 50 86 100 100 92 100 100 100 56 100 100 100 100 100 100 100 100 100 100 70 86 35 5
16 17 35 56 92 31 43 24 63 66 50 67 25 0 0 42 82 36 37 22 23 38 93 98 100 100 100 97 95 98 95 92 60 41 62 89 98 100 100 93 97 98 100 100 91 100 100 97 99 84 92 70 79 100 100 98 96 86 77 97 98 86 88 100 100 100 99 91 99 99 95 84 74 100 82 97 100 100 100 100 100 72 83 100 100 100 100 100 100 100 100 99 89 76 34 62
14 31 66 44 37 35 69 83 49 66 56 47 42 64 81 90 89 63 65 55 60 71 98 100 100 100 100 95 84 82 75 60 74 25 22 43 54 46 100 96 92 95 93 88 90 100 98 99 96 93 80 92 99 100 100 100 95 91 91 94 88 75 96 100 100 97 98 100 99 100 84 66 63 100 100 100 97 89 71 66 49 78 41 86 100 100 100 98 100 100 100 100 100 100 100 100
36 29 40 4 26 49 35 20 25 27 38 46 97 100 99 100 100 100 100 100 98 93 100 100 100 100 100 90 78 69 85 91 74 33 30 52 83 87 100 95 97 89 96 89 93 99 93 95 94 70 67 88 97 100 100 100 98 98 56 59 92 91 100 100 100 100 97 99 100 97 100 70 78 88 100 100 100 100 100 100 96 71 37 13 81 98 100 97 100 100 100 100 100 100 97 80
37 70 35 18 30 26 51 41 22 61 59 98 100 100 98 100 98 97 100 100 99 100 100 100 100 100 100 100 98 99 95 100 71 98 82 75 68 79 100 100 100 95 100 90 87 95 84 98 97 86 35 39 87 100 100 100 99 99 89 85 100 93 96 100 100 100 100 100 100 89 62 40 37 88 100 99 100 100 100 100 100 100 88 88 61 63 78 98 100 100 100 100 100 100 97 100
93 98 99 95 86 90 99 48 15 7 7 78 100 100 100 100 100 100 100 100 100 98 100 100 100 98 100 98 99 99 100 100 96 95 86 91 88 100 100 100 99 100 98 100 100 98 98 93 98 70 26 65 99 100 90 75 84 95 100 100 92 96 99 100 100 98 97 80 82 94 90 75 72 100 76 76 100 100 100 98 86 66 99 99 99 78 25 43 67 97 97 100 100 100 100 100
77 100 100 99 94 100 99 24 13 5 0 1 73 100 100 51 94 100 100 100 100 100 100 100 100 100 99 96 89 95 100 100 99 100 97 100 98 100 100 100 99 100 100 100 95 98 87 70 81 69 82 97 100 100 94 51 12 24 10 14 7 52 77 87 71 58 62 94 80 97 97 83 88 100 100 100 100 100 100 73 9 49 94 98 87 92 14 89 82 24 60 100 100 100 100 100
70 84 99 96 96 100 100 98 99 92 80 63 66 100 94 24 78 100 100 100 100 100 100 100 100 99 100 99 80 73 86 100 100 100 100 100 100 100 100 100 100 99 100 100 98 99 80 33 45 73 86 90 96 100 100 100 89 80 53 29 24 57 86 92 50 77 98 99 96 99 96 75 89 100 100 100 100 100 100 73 0 0 23 58 73 82 38 73 89 78 48 100 100 100 100 100
71 87 97 86 82 88 99 100 100 98 100 99 83 100 100 50 91 100 98 99 100 100 100 82 99 100 83 93 90 93 81 99 100 100 100 100 100 100 100 99 100 100 97 100 98 90 77 74 81 93 90 85 100 100 59 34 33 31 37 15 48 97 99 99 99 97 98 100 96 88 86 92 100 100 100 100 100 100 100 99 34 2 0 4 55 90 67 87 87 65 92 100 100 100 100 99
93 95 66 79 60 92 72 89 92 91 97 100 92 100 100 100 100 100 87 99 100 100 100 96 59 53 59 100 96 92 72 84 82 95 100 100 100 100 97 100 100 100 100 100 99 97 93 100 99 100 100 100 100 100 100 100 99 81 77 22 52 84 96 98 100 100 98 98 98 79 95 97 95 89 100 100 100 100 100 52 31 58 9 5 67 75 70 97 69 72 100 100 100 100 77 96
44 51 83 70 28 43 92 44 36 38 29 54 98 100 100 82 92 87 60 69 100 100 100 100 67 26 45 98 100 91 91 92 72 89 100 100 100 100 100 99 100 100 100 100 95 100 96 81 47 84 100 100 100 100 100 100 100 96 96 85 96 97 88 98 100 100 100 100 100 100 99 100 85 99 100 100 100 100 100 36 13 0 1 18 70 93 79 94 44 98 100 100 100 100 82 87
0 4 0 0 0 0 9 51 64 86 73 75 100 100 94 79 48 51 62 54 98 97 99 100 87 46 12 50 91 91 60 87 76 95 100 100 99 72 85 90 91 100 100 100 99 100 100 99 100 98 97 100 100 100 100 100 94 78 97 99 71 72 99 100 100 100 100 100 100 100 99 92 94 100 100 100 100 94 87 87 78 18 0 0 6 5 37 45 91 100 100 100 100 99 100 98
0 7 2 2 0 1 3 21 89 100 97 100 100 100 69 34 70 13 29 78 97 97 87 100 90 78 41 13 23 67 48 63 72 92 100 100 100 79 40 12 52 91 99 97 100 100 100 100 100 100 100 100 100 100 100 100 100 84 36 72 76 91 100 100 100 100 100 100 100 87 99 88 100 100 100 99 29 16 84 99 99 92 39 7 0 1 35 57 100 100 100 100 88 99 97 99
0 11 74 68 39 13 53 77 99 100 100 100 100 100 96 65 22 68 21 24 48 78 71 100 99 69 15 52 70 77 73 85 93 100 87 80 54 6 43 41 56 91 88 100 100 100 100 100 100 100 100 100 100 100 100 100 90 94 89 91 100 82 95 97 100 100 100 100 100 100 99 100 100 100 100 100 90 44 64 100 100 100 99 60 19 59 46 99 100 100 100 100 99 83 88 98
0 0 5 42 100 98 58 100 100 99 100 100 98 100 100 87 93 33 14 43 55 34 44 55 89 19 16 11 82 93 84 89 98 100 100 100 70 59 91 90 61 99 100 100 100 100 100 100 100 100 100 100 100 100 100 97 99 97 91 86 77 59 80 98 98 100 100 100 100 97 97 100 100 100 100 100 97 70 90 100 100 77 93 90 83 73 42 100 100 100 100 100 100 90 97 68
0 0 0 1 63 100 72 86 79 80 81 100 98 100 75 94 83 78 15 2 18 13 39 74 60 62 17 23 45 98 95 99 100 100 100 100 100 100 99 100 100 99 100 100 100 100 100 98 100 100 100 100 100 100 100 95 100 100 100 76 61 99 92 95 100 100 100 100 100 100 100 100 100 100 100 85 61 97 94 98 38 0 27 72 99 86 26 97 100 87 86 88 85 38 84 79
0 11 25 38 49 94 96 63 92 30 67 97 73 83 77 79 97 69 26 3 27 24 46 71 100 95 66 30 30 100 100 100 100 100 100 100 100 100 100 100 96 100 100 100 100 100 100 100 83 93 100 100 100 97 100 100 100 100 100 93 72 69 94 100 100 100 100 100 100 100 100 100 100 98 69 29 64 48 84 77 1 0 0 6 76 99 85 51 100 95 21 19 41 67 93 96
32 96 97 99 88 97 90 61 49 5 63 99 97 100 98 99 100 76 6 2 55 45 22 22 68 100 100 90 22 94 97 99 99 100 100 100 100 100 100 99 97 88 100 100 100 100 100 59 1 18 43 93 100 97 97 82 99 100 100 85 93 99 74 98 99 99 100 100 100 100 100 100 100 100 97 74 35 0 24 81 24 5 2 9 14 59 100 55 58 100 42 29 0 13 75 71
36 99 97 90 72 23 76 77 33 23 71 96 90 95 94 97 100 81 13 28 25 34 66 73 93 100 100 86 26 65 96 93 100 100 100 100 100 100 100 99 71 33 83 96 98 100 95 70 0 0 25 98 100 100 97 99 93 100 100 99 98 100 82 94 100 100 100 100 100 100 100 100 100 100 100 95 45 0 0 44 83 26 0 0 0 16 93 81 9 67 69 10 17 12 76 84
30 56 99 64 27 17 39 6 74 94 87 99 99 92 99 94 97 52 27 19 4 7 7 8 73 98 90 60 80 79 59 28 89 100 100 98 72 72 69 63 88 67 100 100 100 100 100 91 21 0 0 41 99 100 99 93 74 97 100 100 97 100 97 99 100 100 100 100 100 100 97 95 80 99 64 64 14 0 0 56 64 27 1 1 60 85 100 77 12 2 7 48 89 91 93 91
43 86 86 66 42 34 38 70 39 100 100 90 70 89 94 87 93 56 3 9 47 38 30 54 75 80 94 98 95 98 53 62 83 92 76 73 95 100 66 57 41 19 99 100 93 99 97 96 67 13 0 0 46 85 96 48 8 98 98 100 100 100 100 100 100 100 100 100 100 100 97 86 58 93 64 17 12 3 21 16 25 44 34 34 68 55 56 14 32 6 4 84 100 100 86 94
7 7 2 41 26 63 74 68 82 100 97 35 67 83 82 82 82 26 37 53 68 83 68 92 92 90 96 75 93 81 26 86 100 90 97 90 92 92 5 7 3 5 50 92 100 98 96 100 94 90 20 0 0 38 86 69 66 98 99 100 100 100 100 99 96 98 95 100 99 100 100 95 91 54 13 0 6 32 16 40 13 24 6 36 69 79 72 54 88 32 51 44 99 99 100 100
0 29 33 57 20 35 90 77 98 95 83 76 85 77 85 69 19 20 38 89 60 61 50 80 81 97 81 55 76 56 24 78 89 77 70 89 40 93 72 1 0 17 48 68 100 97 41 96 100 99 82 6 2 36 20 30 81 98 98 100 100 100 91 95 77 100 99 95 96 95 84 89 94 74 26 11 62 66 48 46 18 6 44 49 100 99 89 41 29 65 99 89 53 100 100 100
0 0 5 48 14 90 100 100 100 98 47 72 39 71 66 50 5 2 39 79 55 70 58 53 71 90 76 59 70 30 62 89 65 46 34 40 72 40 37 29 0 2 8 44 38 27 26 10 94 100 94 42 5 13 64 95 100 99 100 100 100 100 100 100 92 63 73 80 48 84 46 31 39 58 80 59 17 10 28 26 50 47 2 58 100 100 74 30 42 81 98 78 26 63 100 99
18 0 7 3 41 56 96 99 100 94 74 47 58 76 58 10 0 8 65 46 72 59 60 35 73 62 77 79 65 21 81 93 98 68 28 5 7 25 50 100 44 3 46 37 11 13 30 57 16 81 71 12 0 32 100 98 100 97 100 86 95 96 100 99 97 84 98 100 97 40 13 37 65 67 91 74 50 88 100 38 91 63 63 19 98 64 78 98 73 64 97 90 13 27 81 72
6 0 7 22 40 44 74 97 100 97 59 59 49 70 35 10 27 54 44 66 37 51 23 63 80 31 54 57 46 57 98 81 95 37 24 10 3 18 9 75 30 28 54 34 9 4 20 54 29 5 10 14 42 83 99 88 100 100 92 98 100 100 99 99 95 91 84 100 100 62 64 66 100 99 100 100 100 99 100 52 99 79 93 45 10 7 87 100 100 81 90 98 73 69 49 19
26 3 24 18 24 52 72 95 100 100 58 37 62 57 4 3 46 90 41 78 53 65 28 76 35 49 49 62 16 71 84 92 67 14 1 2 2 8 26 92 49 28 54 42 26 14 3 16 10 0 0 68 100 100 99 92 77 63 53 60 66 74 100 100 100 54 11 75 65 81 100 100 100 99 100 100 100 94 99 43 96 99 90 16 0 2 40 100 100 100 100 100 100 100 100 10
32 42 33 14 59 31 80 73 76 100 100 95 5 18 1 0 15 61 53 51 60 46 53 68 28 63 64 73 18 89 91 93 67 18 0 3 4 6 27 98 92 47 36 18 4 0 15 46 64 14 16 82 100 100 98 96 73 30 51 44 16 59 98 100 100 77 23 1 67 95 96 85 100 99 100 100 100 93 100 45 78 74 11 0 0 12 52 100 100 100 100 100 100 98 71 9
12 27 32 31 16 27 63 7 3 42 79 45 0 0 0 0 52 47 78 71 71 52 62 54 56 75 85 32 56 88 88 53 28 4 0 2 4 51 91 83 93 89 78 61 25 0 3 56 93 83 82 91 88 74 82 64 62 54 16 32 39 58 82 90 93 93 11 33 75 87 85 92 93 93 93 93 88 93 93 37 56 36 1 1 10 75 93 84 88 93 93 93 93 81 51 15
