data/outputs/Sarzedas de Vasco/2015/resolution_1/CONT_SPEC_1_30.asc
ncols         50
nrows         50
xllcorner     -8.222016814931
yllcorner      39.947705019877
cellsize       0.000269796480
NODATA_value  -9999
[rows 0 to 36 of 50, columns 0 to 49 of 50]
3.408889 3.676667 2.81000 5.181667 4.667222 5.458333 5.769444 4.970556 2.433333 4.331667 5.762222 5.766111 4.175556 1.324444 2.623333 1.200556 0.862777 1.479444 2.161667 0.120555 1.459444 1.11000 0.834444 1.584444 4.880556 0.937222 0.002222 3.938333 5.775556 5.553333 5.55000 5.8000 5.8000 5.583333 5.8000 5.8000 5.8000 5.8000 5.8000 5.8000 5.8000 5.652222 5.393889 5.8000 5.8000 5.658889 4.402778 4.09000 3.542222 2.054444
1.12000 0.52000 3.917222 5.675556 3.138889 1.023889 1.737222 3.975556 4.833333 4.873333 5.741111 4.721111 5.018889 4.146667 2.472778 3.080556 1.996111 1.191111 0.977222 1.861667 2.267778 0.918333 1.113889 3.132222 3.404444 1.03000 1.423333 2.426111 5.193333 5.123889 3.982778 4.348889 5.986667 6.0000 6.0000 6.0000 5.900556 6.0000 5.938889 5.951111 5.356667 3.788889 4.95000 5.784444 6.0000 5.984444 5.723333 3.000556 5.454444 5.797778
0.80500 2.509444 2.733333 4.556667 5.146111 2.678333 3.118333 5.722222 6.0000 5.966667 4.998889 4.979444 4.03000 2.337222 1.21000 0.27000 0.976111 1.498889 0.59500 0.0000 0.478888 3.318333 0.113888 2.537778 1.027222 3.41500 3.633333 1.713333 2.661667 4.245556 3.402222 3.960556 5.787222 6.0000 6.0000 6.0000 5.978333 6.0000 5.962222 5.965556 5.803333 4.348889 2.52500 1.831111 5.437222 3.261667 1.608333 0.546111 4.554444 5.688889
2.476111 4.692222 1.372778 1.847778 2.637222 1.517222 5.131667 5.991111 5.317778 4.102222 1.779444 5.58000 2.487222 0.665555 0.592777 2.828889 0.223333 2.171111 3.678889 1.175556 1.499444 2.094444 1.43500 0.497222 3.217778 1.312222 0.646111 0.05000 0.580555 0.553333 2.430556 0.017777 3.026667 4.656111 5.975556 6.0000 6.0000 5.925556 5.855556 5.92000 6.0000 5.822778 4.927778 4.481667 5.378889 3.822222 2.04000 2.967222 2.850556 3.546667
3.871111 4.641111 2.938333 3.773333 3.147222 0.596666 1.481111 3.371111 4.593333 3.057222 2.337778 2.081667 1.477222 1.491667 0.727777 1.309444 0.257222 3.553889 2.067778 1.507222 1.827778 0.927777 0.840555 2.062222 0.248888 1.143333 1.45500 0.990555 1.704444 0.813888 1.32500 0.358333 0.008888 1.702222 5.586111 5.994444 6.0000 5.647778 5.676667 5.986667 5.988889 5.708889 2.072222 0.43000 3.38500 2.463333 4.818889 5.283889 2.614444 2.776111
4.965556 4.64000 2.703333 1.616667 0.543333 2.146111 0.741666 2.798889 3.247778 3.442222 5.136667 0.71000 0.231111 2.016667 3.298889 1.016667 2.547222 0.266666 0.044444 0.101666 0.517777 1.465556 0.97500 1.510556 0.541111 0.872777 1.361667 1.792778 4.728333 4.405556 2.453333 1.172222 0.151666 1.262222 2.485556 3.050556 3.064444 5.282778 4.543333 4.873333 5.118333 2.536667 0.226666 0.052222 1.027778 1.755556 5.938333 5.452222 6.0000 5.799444
4.766111 5.269444 2.973889 2.327222 1.383889 1.436667 2.461667 4.403889 5.668333 5.89000 5.940556 2.502222 0.032222 1.953889 3.75500 4.082778 4.682222 0.563888 0.881111 0.486111 0.108333 1.95500 0.517222 0.735555 1.062222 1.323889 2.157222 3.429444 1.983333 2.105556 0.566666 2.024444 2.195556 1.79500 3.457222 3.861667 1.931111 5.459444 5.988889 4.70500 5.521667 0.382222 0.0000 0.022222 0.096666 4.05000 5.926667 5.832222 6.0000 5.252222
4.403889 2.872222 5.813333 2.935556 2.579444 1.828333 3.006111 2.478889 3.371111 5.972778 4.777222 2.414444 4.84500 4.401111 2.526667 3.821111 1.177222 0.292777 0.038888 0.095555 0.0000 0.0000 0.107222 0.98000 3.713889 2.385556 3.832778 2.891667 0.814444 0.138333 0.186111 0.9000 3.081667 0.686666 2.388333 2.622222 5.627778 5.96500 3.44000 0.381111 3.257222 3.906111 0.626666 0.921111 3.258333 6.0000 5.883333 4.407778 3.399444 3.744444
0.358333 1.058889 4.142778 2.771667 4.326111 5.562778 3.282222 4.104444 3.794444 4.841667 2.593889 1.486667 3.583333 0.531111 3.103889 4.155556 2.452778 1.03500 0.0000 0.0000 0.0000 0.0000 0.0000 0.0000 0.672777 1.537778 5.986111 6.0000 3.19000 0.528888 1.510556 4.342222 3.417778 3.992778 6.0000 6.0000 6.0000 5.997778 4.812222 1.927222 0.020555 1.493333 4.13500 5.320556 6.0000 5.798889 3.627778 2.408333 5.134444 5.099444
1.020556 1.289444 2.823889 2.842778 4.806111 4.788889 2.778889 2.702222 1.72500 0.553333 2.512778 2.914444 1.256111 0.464444 3.277222 5.25500 1.49500 0.536111 0.0000 0.0000 0.0000 0.0000 0.0000 0.0000 0.0000 0.94000 5.495556 5.997778 4.977222 5.708889 5.450556 6.0000 5.984444 6.0000 6.0000 6.0000 6.0000 5.816667 2.221667 1.165556 0.0000 1.77500 5.454444 5.921111 5.647222 2.387778 1.93000 3.435556 3.384444 3.785556
4.902778 2.172222 2.967778 3.94000 2.762222 2.148333 2.144444 2.99000 2.51500 1.586111 2.871667 0.857222 1.035556 1.36000 4.323333 5.906667 5.923889 5.938889 0.804444 2.291111 0.306111 0.294444 0.397777 0.206111 0.25500 2.634444 5.841111 6.0000 6.0000 6.0000 5.652222 5.995556 6.0000 6.0000 6.0000 6.0000 6.0000 5.840556 2.836667 0.431666 0.393333 5.371667 5.986667 5.716667 2.053333 0.130555 0.096111 0.170555 0.343333 0.899444
3.752222 4.616667 5.601111 5.824444 5.587222 5.907222 3.887778 1.892778 5.171667 5.997778 5.366111 4.691667 1.461667 4.978889 5.718333 5.931111 6.0000 6.0000 3.976111 5.311667 1.225556 0.800555 2.450556 5.395556 5.821111 5.737778 6.0000 5.962222 5.852778 6.0000 5.977778 5.997778 5.72000 6.0000 6.0000 6.0000 5.884444 3.561667 0.0000 0.0000 1.91000 5.591111 5.577778 4.605556 3.628889 4.400556 4.59500 4.569444 3.508889 3.595556
4.843889 5.988889 6.0000 5.011667 5.110556 5.446111 5.973333 6.0000 6.0000 5.732778 5.921667 5.995556 5.865556 6.0000 6.0000 6.0000 6.0000 5.838889 4.06000 0.746111 1.578333 5.968889 6.0000 6.0000 6.0000 6.0000 5.9000 5.87000 5.609444 5.13000 5.924444 6.0000 6.0000 6.0000 6.0000 6.0000 5.941111 5.019444 0.228888 0.496666 4.371667 5.866667 5.947222 6.0000 6.0000 5.962222 5.853333 5.722778 5.877222 5.626667
5.8000 6.0000 6.0000 5.305556 5.942778 5.786667 5.995556 6.0000 6.0000 5.975556 6.0000 5.98000 5.96000 5.965556 6.0000 5.98000 6.0000 5.988889 3.272222 0.0000 1.671111 4.982222 6.0000 6.0000 6.0000 6.0000 6.0000 5.467222 4.393889 4.720556 5.882778 5.904444 6.0000 6.0000 5.363889 3.067222 5.553333 6.0000 4.382778 5.051111 6.0000 5.820556 5.95500 5.986667 6.0000 6.0000 5.95000 6.0000 6.0000 5.8000
5.8000 6.0000 6.0000 6.0000 6.0000 5.223333 3.767222 5.752222 5.997778 6.0000 6.0000 5.841667 5.899444 5.977778 5.69000 5.214444 5.800556 5.986667 5.458333 1.813889 2.366111 6.0000 6.0000 6.0000 6.0000 6.0000 5.938889 5.822222 4.627222 4.538889 3.957222 5.378889 5.698889 6.0000 5.756111 3.255556 5.819444 6.0000 6.0000 5.844444 6.0000 5.973333 5.876667 4.911667 5.797222 6.0000 5.988889 6.0000 6.0000 5.8000
5.319444 6.0000 6.0000 6.0000 6.0000 3.769444 3.340556 3.753889 5.884444 5.963889 5.116667 2.739444 1.619444 2.358333 2.930556 1.863333 5.218889 5.428333 5.854444 6.0000 4.498333 5.05500 6.0000 6.0000 6.0000 6.0000 6.0000 6.0000 5.413333 5.724444 5.692222 5.787222 4.470556 4.934444 5.491667 4.878333 5.931111 6.0000 5.888889 6.0000 5.957222 2.176111 1.898333 1.821111 2.385556 3.716111 3.743333 5.511111 5.467222 5.731667
4.557778 5.924444 5.927778 5.951111 5.694444 5.123333 4.718333 3.752778 4.462222 5.671667 2.213333 4.474444 3.381111 0.848333 1.197222 5.41000 4.351667 2.000556 5.513333 4.354444 4.969444 4.250556 4.756111 4.88000 6.0000 6.0000 6.0000 6.0000 5.833333 5.681111 5.328333 5.940556 6.0000 5.613333 4.577778 1.449444 5.639444 6.0000 6.0000 6.0000 5.865556 4.53500 3.753889 3.21000 2.751667 3.550556 4.467778 5.387778 4.228333 4.081111
5.003889 5.808333 5.957778 6.0000 5.903333 6.0000 5.741111 5.793889 5.503333 5.718889 3.801111 2.240556 3.937778 4.050556 4.553333 5.793889 3.847222 3.502222 4.682778 0.566666 4.297222 3.268333 1.256667 3.003333 4.357778 6.0000 6.0000 6.0000 6.0000 6.0000 5.98000 5.863333 5.22000 5.843333 5.531111 4.535556 5.915556 6.0000 6.0000 6.0000 6.0000 5.986667 6.0000 3.226667 1.539444 4.496111 5.921111 5.561111 5.43500 5.703333
5.398333 5.916667 5.300556 4.828889 4.377222 4.271667 5.178333 5.910556 5.731667 4.543333 3.633889 2.751667 4.330556 5.883333 6.0000 5.94500 5.005556 5.582778 3.977778 3.615556 3.378333 5.251667 4.781667 4.614444 3.349444 5.417778 6.0000 6.0000 6.0000 6.0000 5.803889 5.892778 6.0000 6.0000 6.0000 6.0000 5.917778 4.688333 6.0000 5.932222 5.857778 5.95000 6.0000 3.411111 2.93500 5.101111 5.975556 5.975556 6.0000 4.616667
0.539444 2.481667 4.24000 1.203889 1.997222 0.672777 0.954444 2.35500 3.423889 1.057222 0.062222 1.638333 5.141111 5.86500 5.881111 5.848889 4.636111 5.135556 3.836667 2.005556 4.650556 5.997778 6.0000 5.736111 5.092222 4.123333 5.33000 5.997778 5.876667 4.378889 4.073889 5.758333 5.871111 5.934444 5.798333 6.0000 5.862222 5.753889 6.0000 6.0000 5.285556 4.258889 2.637778 1.5000 4.032222 6.0000 5.957222 5.553333 3.287222 3.053333
0.002222 0.267777 4.161667 4.78500 3.63500 2.192778 0.61000 0.462222 1.149444 0.04500 0.005555 0.0000 3.20500 5.795556 2.832778 0.701111 0.986666 0.7000 1.331111 4.791111 5.712222 6.0000 6.0000 5.783333 4.952778 4.256667 4.478333 4.984444 6.0000 5.997778 5.957778 5.934444 5.962222 4.52000 5.841667 6.0000 6.0000 5.975556 5.973333 6.0000 5.815556 4.106111 1.768333 2.866667 4.726667 5.985556 5.132222 5.597222 5.986667 5.314444
4.702778 5.341667 5.93500 6.0000 5.950556 5.542778 5.551111 4.207778 1.713333 3.774444 3.136111 2.780556 4.708333 5.062778 5.620556 3.733889 1.224444 3.731667 5.24500 5.755556 5.911111 5.948889 6.0000 4.976111 1.576667 4.267778 5.797778 3.592778 5.172222 4.882222 4.908889 5.23500 5.941111 5.857778 5.999444 6.0000 6.0000 5.713333 6.0000 6.0000 5.975556 4.157222 4.981111 4.888889 1.366667 3.953889 3.372778 3.186111 4.828889 4.823889
4.700556 5.747222 6.0000 5.931111 5.986667 6.0000 5.877222 5.598333 2.813333 4.166111 6.0000 5.995556 6.0000 5.631111 5.228333 4.115556 5.908333 5.161111 5.931111 5.904444 5.997778 6.0000 6.0000 4.966111 3.978333 6.0000 5.997778 3.77000 4.785556 3.217222 2.909444 4.37000 5.833333 5.929444 6.0000 6.0000 5.945556 5.973333 5.963333 6.0000 5.993333 4.278889 2.783889 3.623333 5.233333 5.794444 4.253889 1.742778 3.132222 5.266111
2.305556 5.607778 6.0000 5.997778 5.906667 6.0000 5.842222 2.201667 3.936111 5.283889 5.873333 5.658889 5.030556 5.852222 3.028333 2.680556 4.911111 5.451667 5.729444 5.209444 6.0000 4.882778 4.713333 4.208889 4.491111 4.862222 5.228333 2.466667 0.730555 2.042222 2.297222 5.911667 6.0000 6.0000 6.0000 5.997778 5.893333 6.0000 6.0000 6.0000 5.872222 1.762778 3.821111 5.85500 5.986667 6.0000 6.0000 5.223889 5.837778 5.558333
4.707222 5.908889 6.0000 6.0000 5.956667 5.487222 5.395556 3.693333 3.511111 4.55500 4.518333 4.02000 4.045556 2.444444 1.049444 3.655556 5.47500 3.01500 3.842222 1.245556 2.888333 1.883889 0.689444 1.162778 3.547778 5.348889 5.502778 2.251111 1.466667 3.161111 3.26500 5.932778 6.0000 6.0000 5.975556 5.556111 5.516111 5.471667 5.986667 6.0000 6.0000 3.803889 5.719444 5.986667 6.0000 6.0000 6.0000 6.0000 6.0000 5.8000
4.858333 5.131111 5.109444 5.871111 5.986667 5.432778 4.738333 5.586667 5.777778 4.993333 5.117222 1.165556 0.367777 2.960556 0.657777 1.688889 1.663333 3.120556 0.355555 1.65500 3.21500 2.65000 3.392222 1.553333 2.458889 3.677778 3.557778 0.487777 1.523889 1.40500 3.568889 5.887778 5.856667 4.571667 4.432222 5.921111 1.812222 2.328889 5.993333 6.0000 6.0000 5.732778 6.0000 6.0000 6.0000 6.0000 5.810556 5.767222 5.791111 4.974444
4.384444 4.68500 4.356111 4.663889 4.244444 5.561111 5.162778 4.57500 5.935556 5.71500 3.039444 1.685556 1.950556 2.06000 3.141111 3.877778 1.883333 4.537778 3.907222 3.838889 5.634444 3.546667 3.119444 0.838888 2.067778 4.395556 1.076111 1.032778 3.173889 3.245556 1.761111 3.454444 5.771667 3.07000 1.720556 4.154444 3.604444 5.193333 5.986667 6.0000 6.0000 5.173889 5.945556 5.947778 5.937778 6.0000 5.978889 6.0000 5.977778 3.993889
5.658333 5.554444 5.932222 3.772778 2.076111 5.766111 5.783889 5.76000 5.518889 4.642778 3.40500 4.896111 5.691667 5.627222 4.894444 5.647778 2.967778 2.34000 4.369444 5.960556 5.083889 2.42500 1.490556 1.399444 2.560556 1.436111 0.560555 0.536111 1.643333 4.258889 0.606111 2.46000 2.811111 5.069444 4.363889 5.627222 4.678333 5.217222 5.684444 6.0000 6.0000 5.478889 3.396111 4.926667 6.0000 5.957778 5.908889 5.995556 5.999444 3.958889
5.641111 6.0000 6.0000 5.975556 5.824444 5.94500 5.293333 5.852222 5.341111 5.91500 5.861111 6.0000 6.0000 5.152222 3.095556 2.680556 1.042778 0.367222 3.051111 5.863333 3.49000 1.098333 1.785556 4.38500 4.048333 3.757222 2.72500 2.904444 4.341111 2.768889 3.596667 4.857222 5.682222 5.926667 5.856111 5.391111 4.254444 5.04000 5.961667 6.0000 6.0000 5.403333 3.958333 5.854444 6.0000 5.811111 4.38500 4.647222 5.591111 2.189444
4.969444 5.517778 5.606667 6.0000 6.0000 5.945556 5.742222 5.31500 3.425556 5.857222 5.953333 6.0000 6.0000 5.996111 4.622222 5.596667 3.826111 2.048333 3.558889 4.892778 3.664444 1.58500 2.26500 3.538333 2.294444 5.779444 5.18000 4.536111 1.877778 1.751111 2.946667 5.964444 5.995556 5.477222 5.82000 5.674444 5.680556 5.592778 5.583333 5.487778 5.630556 5.831667 5.079444 6.0000 6.0000 5.922222 5.577222 4.738889 4.950556 1.851111
5.43500 5.975556 5.198333 5.987222 6.0000 6.0000 6.0000 5.968889 5.843333 6.0000 6.0000 5.986667 5.951111 5.894444 5.843333 5.149444 4.202222 1.93000 0.796666 2.756111 1.891111 2.838333 2.112222 2.918889 5.398333 4.801111 5.358889 4.967778 5.872222 3.944444 4.39500 5.072222 5.995556 5.96500 6.0000 5.541667 5.970556 6.0000 6.0000 5.730556 5.97500 5.986667 5.453333 5.822778 5.876111 5.764444 4.220556 5.341667 5.783333 5.143333
5.739444 5.624444 5.948889 5.596111 5.906667 6.0000 6.0000 6.0000 6.0000 5.975556 5.873333 5.906111 6.0000 5.973333 5.790556 5.251111 4.583889 3.63000 2.297778 0.759444 0.425555 1.81500 2.853889 4.239444 5.157222 4.598333 5.681667 5.935556 5.020556 4.301667 3.04500 1.785556 5.082778 6.0000 6.0000 5.847222 5.996111 6.0000 6.0000 5.970556 5.868889 5.887778 4.188889 4.271111 5.927222 5.937778 6.0000 5.953889 6.0000 5.132222
3.271667 3.694444 4.005556 3.986667 5.111111 5.767222 6.0000 5.746111 4.912222 5.948889 5.806667 5.979444 6.0000 6.0000 5.966667 5.908333 5.069444 1.490556 4.334444 1.85000 3.503333 5.251111 5.975556 5.986667 5.964444 6.0000 5.9000 5.707778 3.728889 3.24500 4.834444 1.832778 4.288889 5.789444 6.0000 6.0000 6.0000 6.0000 6.0000 5.978889 5.77500 5.097778 3.632778 5.685556 6.0000 5.651111 4.439444 3.242778 4.114444 3.701667
5.224444 3.133333 1.548889 2.683333 4.602222 4.713889 4.953889 3.783889 0.767222 5.899444 5.959444 5.986667 6.0000 6.0000 5.782778 5.748333 4.57500 2.524444 4.786111 4.44500 4.771111 5.978333 6.0000 5.986667 6.0000 6.0000 6.0000 5.973333 5.48000 3.622778 5.945556 5.867222 5.00500 5.323889 5.523333 6.0000 6.0000 6.0000 6.0000 6.0000 5.922778 3.888333 4.883333 6.0000 5.962222 5.98000 5.5000 5.506667 5.544444 4.92000
3.121667 1.874444 2.5000 2.921111 3.469444 4.969444 2.04500 0.521111 3.217778 4.613889 3.598889 5.403333 5.999444 5.791667 4.928889 5.167222 5.146667 5.607778 5.833889 4.370556 5.093333 4.468333 5.783889 6.0000 6.0000 6.0000 6.0000 5.997778 6.0000 6.0000 6.0000 5.905556 5.964444 5.988889 5.761111 3.971667 5.665556 3.496111 5.926111 6.0000 5.88500 3.573889 5.31000 6.0000 6.0000 5.619444 5.196667 4.643889 3.074444 1.186111
2.896667 2.805556 4.58500 1.761667 1.689444 3.38000 1.695556 0.053333 4.203889 4.491111 2.804444 3.138889 5.940556 5.597222 3.391111 5.157222 5.222222 4.762222 5.411667 5.708333 5.80500 4.679444 4.026667 5.894444 5.889444 5.338333 5.031111 5.738333 5.523333 5.587778 5.918333 5.933333 5.937778 6.0000 5.975556 5.124444 4.771667 5.794444 5.873333 6.0000 5.20500 5.468333 5.861111 6.0000 6.0000 5.836111 4.527222 2.67500 1.391111 2.183889
1.18000 3.003889 2.93500 3.287778 3.657778 3.292222 1.972222 3.197778 4.034444 2.68500 2.881667 5.831667 6.0000 5.878333 5.387778 4.830556 3.007222 3.248333 4.468889 5.837778 5.724444 5.710556 5.722778 5.912222 5.572778 5.007222 5.676667 5.966111 5.533333 5.378889 5.212222 5.756667 5.952778 5.823889 5.953333 4.929444 5.05500 5.698889 5.793333 5.063333 4.475556 4.660556 6.0000 5.975556 6.0000 5.988889 5.482222 4.446667 5.515556 3.36000
