data/outputs/Sarzedas de Vasco/2015/resolution_1/CONT_TOTAL_1_45.asc
ncols         33
nrows         33
xllcorner     -8.222016814931
yllcorner      39.947705019877
cellsize       0.000404694720
NODATA_value  -9999
3440 5373 10496 5069 6818 8690 10348 10787 9221 4254 4894 2738 1970 4144 1610 4384 6908 1702 7256 11074 9080 11776 12150 12150 12061 12095 11711 9843 10646 12150 12122 9176 11226
5108 5235 8550 5646 9155 11710 10963 9898 6920 2727 1920 3309 2733 1583 4486 2359 4451 5276 2226 5881 4923 9128 12128 12150 12129 12090 11932 10477 5406 10214 6592 3303 8838
6981 6113 6370 2746 6013 9778 5457 5079 2471 1400 2241 4311 4432 2800 2318 3283 2314 2450 2518 1358 3005 1231 6750 12096 12148 11375 12106 11876 5269 6534 5136 9101 5730
10677 5128 1809 2647 3177 8148 9631 5268 1202 6790 5692 2408 138 625 2547 2054 1465 3859 5926 8418 3298 1992 4450 6915 6801 10382 10483 5436 234 976 6805 11428 12150
8640 10123 6404 4259 5951 8085 11963 6246 6792 5972 7466 1041 1223 61 1195 1626 5254 4950 4530 1188 955 5215 3128 4957 10178 9812 4807 6888 727 3672 11877 10612 8949
629 6968 6985 10446 8529 6805 7071 4688 4428 4603 7684 1734 0 0 0 0 820 9411 10776 4927 6976 9315 10344 12150 12138 10144 2802 1344 9443 12126 9363 6492 9785
6684 4383 7726 5397 3438 4663 3281 3157 1266 6746 11480 8532 1609 1453 616 193 901 9895 12142 12118 11478 12150 12150 12150 12131 6561 389 6786 11993 8050 930 1203 2777
8377 11336 11643 11228 8203 9755 11811 10547 7151 11836 12088 12150 8450 4128 5650 10204 11788 12026 11848 12146 12128 11898 12150 12150 11487 1940 201 10457 11348 9136 10017 9996 8501
11880 12150 10466 11593 12122 12150 12021 12116 12045 12123 12132 11995 4719 2361 11234 12150 12150 12150 10947 9165 11891 12150 12041 9048 11562 7926 8952 11989 12098 12150 12011 12125 12150
11751 12150 12150 10178 8423 11665 12150 10566 9804 10125 8893 11764 9972 5983 12150 12150 12150 12095 11297 9551 9725 10224 11453 9195 11988 12068 12010 10464 8555 8881 11136 12018 12150
10391 12085 11959 10499 8304 8896 10894 6010 4718 2266 9967 6524 10652 10139 9262 10486 12150 12150 12138 11691 11458 12023 10909 6205 11764 12132 12150 8893 6649 5081 6321 10455 8683
10855 11837 11628 11162 11436 11559 10568 3954 7896 10036 11441 7573 7363 6901 7530 7098 9487 12150 12150 12150 11846 11343 12009 10410 12030 12150 12033 12116 11780 2660 10033 11702 11555
4814 9077 4469 4471 5566 7973 3484 4897 11214 11934 11202 10553 6926 6720 10817 10474 8908 10559 12039 10689 10251 11978 11910 12150 10902 11843 12045 9951 6551 7164 12067 11686 7957
2825 7831 9767 7431 4064 2490 1861 291 8670 8869 2077 2279 6146 11636 12116 11863 6525 10275 9873 11893 11621 12061 10549 12150 12127 12116 12128 9456 6693 5724 10284 9434 11451
10420 12097 12074 12150 11942 6689 9581 11581 11123 11016 8758 10523 12088 12052 12138 10390 8411 11966 8736 7661 7697 10969 12085 12150 11847 12102 12150 9761 8172 8427 10601 4799 8273
7938 12138 12115 11732 10732 5703 11274 11683 10950 6791 7483 9975 10015 10579 7533 7285 9767 10092 3914 4865 6739 12150 12150 12072 12054 12138 12150 6899 9938 12138 12150 11452 11874
10205 10785 12022 11506 9739 10441 9028 5083 2769 2384 5298 5741 1974 4560 4422 3383 5722 9228 1380 3823 9339 12021 9795 11393 5632 10678 12150 11256 12007 12150 12131 11789 11943
10153 9565 7220 10530 10162 11777 8877 4728 5977 8093 8141 6502 8812 10725 6742 2490 5005 3399 1347 9040 4144 8940 6098 8455 8337 11604 12150 10989 11739 12023 12131 12150 11036
11523 12150 10391 11306 11227 11135 11406 12033 12128 7655 7124 1045 8299 9245 2870 5979 7173 4789 5670 5458 6051 8766 11370 11140 9272 11846 12150 11562 7496 11912 11216 10120 9660
10905 10834 12139 12101 11491 9475 11980 12150 12150 10778 11230 3781 6416 7946 4601 6592 8108 10442 9403 5222 7812 12034 11517 11790 11645 11626 11539 11814 10969 12150 11391 9776 9686
11476 11800 11740 12112 12150 12150 12085 11983 12068 11869 9787 7799 3608 969 4202 6356 9654 11622 10912 8851 6958 9452 12150 11636 12120 12150 11743 12037 9199 11440 11653 11692 11513
7358 6626 7862 10704 12150 7607 12052 11992 12150 12116 11579 4901 7890 6824 11474 12106 12118 12060 11315 5619 9003 8214 11461 12150 12150 12150 12019 10531 9363 12136 11252 7999 8287
6970 4583 6283 9553 5245 3751 9441 10793 12150 10807 10668 9967 10308 10068 10558 12150 12150 12150 12148 12098 12150 11714 11664 10049 10733 10946 12146 8614 10902 12127 11529 10423 7108
4310 8284 4123 6234 1870 5989 6274 7308 12015 9385 10290 9275 11351 11798 9138 11949 11505 10197 11497 11149 11673 12065 11998 11048 10269 12002 12150 10348 12025 12150 11192 6769 5956
4843 3629 5330 6745 10547 11292 10498 11631 12150 10721 9796 6206 9692 11569 11169 11608 9666 10833 12044 10301 11217 12106 12060 9553 10175 11945 10557 8137 10541 12055 12150 11797 11542
11072 11574 8028 4513 11252 10092 12150 12128 12094 11180 11895 11720 11960 12114 12028 10205 8486 11432 9373 6809 7940 9900 10637 10892 11114 11822 8618 7912 7922 8667 10860 12150 11962
9286 8468 9798 9542 11782 10818 10960 11863 7980 11521 10429 11936 12107 12126 12006 10897 10711 11942 9786 7289 10217 12028 12001 11295 11730 12150 7639 1316 8980 9612 12047 11336 9958
1312 1644 6278 11229 11593 6069 6907 11189 7239 7197 8872 11529 7788 8410 11922 12138 12087 12150 11938 10007 10609 12105 12148 11656 12074 9080 10790 5611 2802 10691 11972 11634 6674
563 7898 10081 10176 10845 9618 2744 5408 7072 6908 11679 12142 11053 11409 12150 12128 11826 12116 12025 11384 9508 12035 12150 12059 11711 8783 9201 4946 9039 11203 8632 9604 8471
8654 7807 6845 8598 11667 10740 2433 3833 11108 8118 10284 12119 10983 9505 11832 11002 1460 11160 11238 11889 11327 12009 12150 12047 11338 4408 5065 961 7114 6201 4206 8173 10102
3960 5198 8573 10486 9858 7190 5464 7492 10615 9829 8123 10175 8840 2025 10114 11079 7635 2878 6829 12018 12025 11676 11925 11402 7656 2815 3290 3733 9273 4863 8422 11865 11235
566 4839 11699 8747 7038 2260 6780 6366 8292 6524 10280 3943 3520 4188 3792 3241 6754 3269 11399 11776 12006 11056 10530 5975 9432 8055 7876 6353 8336 9039 8950 7821 4178
3106 3681 7692 8861 1989 4236 7490 6803 6804 6811 8950 605 2972 9053 4662 2053 4905 10844 10056 5426 7993 10894 4871 11062 11852 11626 8748 4437 3838 11683 11880 7218 3743
