data/outputs/Sarzedas de Vasco/2015/resolution_1/CONT_TOTAL_1_25.asc
ncols         60
nrows         60
xllcorner     -8.222016814931
yllcorner      39.947705019877
cellsize       0.000224830400
NODATA_value  -9999
1971 2099 2334 1998 3311 3192 3517 3600 3554 2614 1392 2964 3570 3600 3362 1643 707 1884 630 40 191 2213 852 76 651 724 1005 97 1651 3034 661 9 1563 3077 3600 3378 3375 3600 3600 3600 3405 3600 3600 3600 3600 3600 3600 3600 3600 3600 3481 3600 3600 3600 3558 2692 2518 1989 1962 681
1636 753 1022 2735 3652 1483 1252 2060 2362 2705 2501 2752 3700 3233 3186 2991 1290 1688 2335 1764 1248 934 366 1372 2108 808 9 1599 1783 2432 297 358 1861 1933 3750 3465 3179 2929 3642 3738 3750 3750 3750 3750 3750 3748 3697 3715 3358 2788 2061 3618 3749 3750 3750 3750 3627 1927 3750 3588
118 503 1750 3304 3380 2611 891 90 1532 3612 3683 3531 3599 3098 3080 2770 1926 708 410 428 1736 150 103 206 119 1358 518 1590 1043 1400 2478 2458 1208 1716 3041 3177 2158 2189 3710 3694 3750 3750 3750 3641 3750 3750 3750 3710 3693 3402 3349 1503 2882 3517 2598 1711 1101 1396 3750 3600
683 3476 1166 1470 2444 3191 1312 3007 3683 3750 3599 3694 2742 3324 2485 2283 602 1266 1249 68 616 1130 1100 502 324 2880 710 320 571 1596 737 753 712 606 860 1333 979 1167 2140 3728 3732 3750 3750 3750 3748 3706 3738 3750 3573 2892 2270 847 2366 3526 2818 2035 1239 617 2415 3176
1316 2870 1460 672 1554 1111 916 2722 3406 3606 3259 1373 188 2863 1922 130 273 61 1507 208 173 2696 1898 459 930 1314 1001 1159 401 1590 959 1086 201 390 392 204 1903 261 627 1778 2763 3750 3750 3750 3748 3530 3650 3678 3750 3728 3672 2375 2572 3329 2016 1205 2279 2069 1829 1639
2325 2566 3325 1314 2535 1818 265 456 1292 2058 3268 1978 2005 603 1556 833 1182 334 961 122 1297 2295 987 1030 1194 273 281 503 1494 88 641 830 78 1659 525 702 1126 85 47 5 1821 3504 3745 3750 3750 3429 3612 3738 3750 3641 2684 187 374 1942 1565 2282 3723 2815 1532 1903
2945 3371 2588 1552 382 372 1320 526 1043 1854 1812 2196 3659 193 272 562 1430 1755 349 1979 210 185 37 92 367 608 831 985 1139 156 373 751 1176 1299 3293 2473 1811 573 343 65 1109 1631 1939 1852 3284 2962 2450 3110 3303 2567 560 19 108 807 766 3519 3430 3676 3750 3600
2759 3635 972 1471 208 77 577 1234 1431 3564 3375 3336 3622 1874 804 124 2352 2511 2016 3397 1471 34 147 32 43 1069 865 349 177 789 515 1761 1830 2216 2316 1656 531 1300 1603 115 1733 2556 2925 1062 2434 3732 3649 3172 3524 415 0 0 19 55 1454 3654 3465 3719 3750 3400
3224 3389 3651 3710 2015 2376 1890 2313 2191 2658 3612 3710 3719 2551 1127 1997 1683 1159 1960 2566 56 2 939 225 0 328 197 1024 458 1492 1290 468 1160 251 322 358 128 613 2258 1223 1335 734 721 2419 2930 3740 2994 1108 3433 2382 2 84 28 487 3728 3750 3750 3376 2807 2333
1646 278 1968 2979 902 1375 1387 1300 1291 2040 1896 3716 2242 1463 2289 2379 2461 1916 3268 937 1160 121 0 0 0 0 0 0 0 2503 1524 3421 3731 3025 547 79 35 318 1762 975 919 2826 3065 3694 3738 3327 904 0 243 2467 2372 447 2614 3621 3750 3183 2195 1347 2574 2475
111 488 2384 2287 2233 3126 3746 2949 3168 1200 3184 2231 1753 842 2214 766 180 2243 2442 1867 393 0 0 0 0 0 0 0 0 0 387 3544 3750 3495 1550 822 1592 3329 2321 3012 3566 3750 3750 3750 3750 3399 3374 1559 19 0 1772 3287 3750 3750 3347 2694 2185 2498 3622 3197
737 804 689 2138 1973 2904 2862 1782 1336 1094 734 177 1664 2118 859 38 854 1973 3373 1791 188 296 0 0 0 0 0 0 0 0 324 2987 3750 3621 3355 3716 3346 3750 3750 3750 3750 3750 3750 3750 3719 2720 817 522 0 916 2543 3681 3748 3433 1483 803 1602 1882 1904 2531
3182 1625 1176 2043 2120 1431 1095 1303 1226 2294 741 614 1322 812 965 328 1472 2784 3726 3673 3697 2601 371 1371 98 0 581 2 0 0 1395 3502 3750 3750 3750 3750 3467 3716 3750 3750 3750 3750 3750 3750 3750 3359 1334 281 12 2548 3750 3750 3498 1124 112 22 58 131 250 721
2890 2228 3014 3665 3748 3482 3500 3129 542 1658 3435 3605 3135 2942 561 648 2917 3261 3688 3750 3750 3474 2402 3017 1161 0 276 1283 3102 3018 2945 3750 3750 3716 3750 3750 3750 3728 3683 3566 3750 3750 3750 3750 3271 1397 0 0 588 3689 3738 3441 2242 1219 1775 1888 2238 1718 945 1405
1733 3674 3730 3701 3579 2856 3435 3476 3153 3382 3750 3615 3692 3750 3116 3594 3739 3750 3750 3750 3750 3750 1542 1868 379 2331 3383 3661 3750 3750 3750 3750 3658 3548 3686 3746 3750 3750 3750 3750 3750 3750 3750 3750 3566 1069 0 0 1235 3498 3285 3598 3748 3750 3748 3734 3450 3553 3750 3432
3600 3750 3750 3520 2472 3530 3465 3726 3750 3750 3750 3621 3748 3740 3661 3728 3719 3750 3738 3750 3750 3605 1644 0 1139 3713 3750 3750 3750 3750 3750 3750 3750 3559 3115 2329 3668 3750 3750 3750 3750 3651 3067 3562 3559 2555 68 1614 3659 3696 3748 3750 3750 3750 3718 3640 3750 3750 3750 3600
3600 3750 3750 3750 3704 3738 3580 3688 3750 3750 3750 3750 3750 3750 3750 3738 3750 3750 3613 3671 3750 3684 717 0 450 2432 3750 3750 3750 3750 3750 3750 3750 2828 2371 3337 3355 3641 3750 3750 3715 3196 1244 3541 3750 3748 3598 3453 3750 3719 3635 3738 3750 3750 3750 3727 3750 3750 3750 3600
3600 3750 3750 3750 3750 3750 3088 2412 2913 3713 3750 3750 3750 3730 3627 3645 3643 3575 3283 3721 3569 3740 3268 1191 1091 3750 3750 3750 3750 3750 3750 3695 3750 3557 2915 2843 2443 3231 3369 3618 3750 3648 2123 3295 3750 3750 3750 3744 3750 3748 3670 3444 2918 3675 3750 3750 3740 3750 3750 3600
3237 3750 3750 3750 3750 3750 2368 1476 2801 2889 3750 3750 3638 2054 970 1612 1076 2450 835 2832 3621 3427 3750 3750 2779 3020 3719 3750 3750 3750 3750 3750 3750 3624 3215 3645 3576 3539 3077 2722 2925 3582 2976 3736 3750 3674 3726 3750 3750 2092 888 1134 883 1546 2387 2146 3235 3688 3527 3600
2513 3750 3750 3647 3742 3477 3105 2017 2747 1995 3065 3576 1707 1874 2926 684 414 297 2785 3528 2082 2174 3620 3646 3750 3147 3056 2979 3748 3750 3750 3750 3750 3740 3600 3503 3206 3716 3738 3750 3734 2513 1159 3012 3750 3750 3750 3750 3693 2752 1884 1498 1660 1569 2288 2734 3736 3259 2448 3249
3344 3467 3750 3750 3750 3728 3750 3728 3507 3126 3303 3673 2265 1513 3739 2474 1018 2260 3747 2794 1027 2250 2385 374 2385 2047 1843 1452 1602 3663 3750 3750 3750 3750 3750 3710 3750 3670 3272 3544 3448 3327 1454 3621 3750 3750 3750 3750 3750 3713 3650 3688 1578 2242 2588 2628 2903 3473 2221 3097
3095 3640 3747 3560 3745 3437 3455 3635 3377 3736 3738 3400 2369 240 874 1786 3728 3677 3519 3567 2298 3639 1936 1295 2582 2198 2648 2268 3269 2235 3750 3750 3750 3750 3750 3750 3705 3438 3668 3591 3718 3574 3461 3696 3750 3750 3750 3750 3637 3738 3750 3736 984 34 2168 3750 3750 3750 3728 3600
2941 3735 3630 2666 2751 2422 2116 3199 3560 3674 3425 2145 2116 2703 2850 3656 3750 3750 3737 3601 3373 3643 1600 2275 1440 3698 2470 3176 2224 1779 2929 3750 3750 3678 3731 3716 3504 3676 3750 3750 3750 3750 3750 3673 2551 3488 3750 3690 3736 3701 3730 3663 906 3028 3633 3750 3706 3750 3599 1832
0 465 2497 1749 104 1264 135 66 640 1174 1972 302 41 710 1793 3693 3600 3684 3666 2634 3613 2407 2640 919 2995 3750 3750 3750 3746 3538 2661 2844 3750 3731 3629 2444 2545 3342 3613 3707 3647 3656 3750 3749 3738 3705 3750 3750 3132 2686 1863 617 1593 2580 3750 3750 3626 2622 1602 2502
2 0 770 3253 2551 2086 1026 134 52 263 383 10 0 0 474 3485 3478 1422 440 526 1047 533 939 3154 3491 3750 3750 3727 3675 3031 2728 3193 2521 3750 3750 3750 3750 3720 3698 3605 2823 3684 3750 3750 3738 3716 3750 3750 3607 2746 1415 1109 1836 3423 3750 3206 3513 3608 3721 3224
2137 2346 3550 3706 3738 3718 3339 3410 2615 1530 882 1936 1007 865 1009 3494 3131 3404 1841 203 715 1903 2914 3530 3672 3714 3750 3709 2877 1249 1644 3750 3090 2181 3249 3331 3409 3336 3744 3590 3437 3750 3750 3750 3529 3744 3750 3750 3728 3444 2086 3694 1793 361 2869 2294 1720 2582 3493 2970
3528 3657 3732 3750 3723 3738 3750 3750 3544 2619 1549 2843 3648 3750 3462 3449 3421 3573 3181 2844 3300 3609 3728 3664 3748 3750 3738 3748 2491 1529 3750 3568 3641 2181 2955 2467 1784 2639 2975 3703 3708 3750 3750 3750 3719 3750 3717 3750 3750 3661 1626 2548 2403 2591 3153 3402 1657 1572 2776 3357
1504 2970 3750 3750 3692 3750 3750 3750 3724 1948 1816 3037 3750 3750 3707 3623 3691 2758 1225 3748 3118 3647 3701 3701 3750 3675 3750 3750 2834 3387 3578 3551 3366 1226 2638 1156 1868 3596 3700 3750 3750 3750 3750 3699 3687 3740 3750 3750 3750 2151 1140 2755 3054 3750 3703 3435 1595 1946 2971 3010
1757 3585 3750 3750 3750 3649 3706 3750 2362 487 3661 3574 3660 3547 2903 3423 3074 1182 1565 2818 2928 3739 3139 2875 3724 3189 1398 2538 1784 2615 3038 2742 3198 61 689 1507 570 3132 3750 3750 3750 3750 3750 3703 3750 3738 3750 3750 3750 2632 1371 3728 3750 3738 3750 3750 3721 3689 3750 3582
2881 3666 3750 3750 3750 3750 3442 3223 3239 1763 2480 2710 2514 2521 2480 2299 494 731 1968 3605 2827 1102 2816 206 1409 1385 477 652 915 2217 3551 3454 2694 784 1092 1818 2251 3678 3750 3750 3750 3728 3369 3431 3287 3604 3750 3750 3750 2781 2929 3695 3750 3750 3750 3750 3750 3750 3750 3600
2953 3227 3241 3617 3750 3738 3740 3271 3045 3625 3564 2960 3184 1411 0 600 1726 539 823 1520 1620 952 111 1019 1767 1406 2152 1383 874 2037 1944 2924 763 29 1416 733 2096 3366 3710 3603 3010 2893 3720 1616 418 2524 3750 3750 3750 3516 3750 3750 3750 3750 3750 3748 3425 3718 3702 2943
2842 3045 3016 2205 3109 2922 2994 3228 2245 3541 3706 3673 2097 2404 539 1388 1372 982 1879 1238 2029 3526 1378 2009 3704 2533 2687 1131 565 1318 2440 1230 967 147 2951 1108 1284 2535 3543 3218 371 1483 2917 2398 3348 3500 3750 3750 3750 3412 3625 3750 3647 3750 3750 3701 3739 3709 3671 2643
3234 3475 2841 3429 1405 2016 3700 3750 3361 3691 3611 2752 1115 1398 1774 2572 3190 3657 3195 2590 763 2686 3330 3629 3473 2050 1336 1219 255 1132 2640 442 421 117 2528 3259 1143 1308 1257 3588 2692 2156 3152 2454 2263 3473 3632 3750 3750 3721 2749 3676 3715 3750 3750 3750 3750 3750 3622 2173
3590 3536 3750 3748 2942 2191 3732 3345 3621 3703 3177 3402 3441 3750 3750 3738 3234 2914 3025 2403 110 961 2529 3750 2269 1211 664 1716 2213 2419 710 606 646 1910 871 1421 598 2083 1572 3108 3366 3141 3508 3107 2838 3611 3708 3750 3750 3750 2048 2294 3296 3750 3656 3433 3128 3533 3606 2208
3367 3750 3750 3740 3748 3750 3719 3510 3331 3437 3297 3555 3597 3738 3750 3750 2516 1340 1673 1152 80 453 3142 3492 3185 390 1588 1274 2510 2618 2831 2785 1255 3026 2720 1545 2348 3176 3687 3546 3749 3750 3535 3057 2650 3396 3750 3750 3749 3443 1928 3597 3732 3750 3734 2752 2919 2858 3568 333
2953 3552 3368 3543 3750 3750 3703 3674 3262 2706 2659 3740 3748 3750 3750 3750 3697 3051 3537 3136 1678 1933 2268 3058 2244 698 1785 1450 1932 1455 3648 3640 2902 2465 439 1398 1318 3724 3750 3575 3400 3639 3563 3548 3553 3692 3514 3291 3466 3735 3171 3750 3750 3750 3726 3654 3565 2764 3278 796
3285 3750 3601 3145 3750 3750 3750 3750 3750 3690 3641 3750 3750 3750 3694 3750 3658 3632 3568 2648 1481 508 676 2043 1547 1194 2073 1487 2321 3596 2966 3639 3033 3290 3612 2244 2780 2862 3662 3717 3750 3750 3665 3720 3750 3750 3750 3693 3749 3738 3324 3726 3725 3750 3734 2681 2816 3417 3639 3194
3587 3487 3577 3748 3750 3669 3750 3750 3750 3750 3750 3750 3704 3669 3750 3750 3700 3709 3088 3598 2745 3113 371 215 11 655 697 1257 2269 3016 2196 3750 3207 3473 2880 2824 2290 1913 2889 3750 3750 3750 3515 3520 3750 3750 3750 3561 3730 3750 3212 3043 3005 3675 3592 3750 3625 3748 3750 3115
3329 2653 3514 3316 3295 3501 3750 3750 3750 3750 3507 3684 3594 3642 3750 3750 3750 3591 3443 3098 818 1572 2334 648 962 2456 3405 3679 3750 3750 3750 3750 3750 3648 2257 2476 2417 200 1213 3198 3750 3750 3750 3750 3750 3750 3750 3709 3440 3682 2388 2406 3465 3750 3653 3118 2849 2664 2949 2469
1815 2033 1376 1201 2295 3107 3212 3749 3750 2069 2171 3750 3750 3750 3750 3750 3728 3750 3711 3131 1721 1259 3173 1923 2777 3514 3750 3750 3696 3748 3750 3750 3431 3626 1874 1413 3731 2518 3079 3373 3455 3750 3750 3750 3750 3750 3750 3750 3728 3674 1810 3494 3747 3750 3647 3223 2364 2711 3216 2980
3301 2047 1373 1313 1840 3145 3118 2354 3199 561 1659 3666 3696 3738 3750 3750 3750 3209 3577 3510 2487 2705 2715 2948 3019 3531 3750 3750 3750 3750 3750 3750 3750 3750 3553 3290 3703 3740 3191 3587 3411 3200 3614 3750 3750 3750 3750 3750 3672 2875 1992 3390 3750 3716 3732 3701 3684 3631 3493 2357
1900 1423 1116 1983 1623 2113 2906 2143 122 101 3226 2511 1683 3149 3738 3750 3393 3305 3078 3090 3508 3563 3595 2739 3198 2867 2953 3750 3750 3750 3750 3750 3748 3750 3750 3750 3750 3750 3655 3718 3750 3689 2198 3502 2444 2546 3750 3750 3746 2595 2687 3713 3750 3750 3484 3250 3281 2054 1257 417
2319 1021 2870 2443 988 1133 1655 2029 0 1050 2904 3018 1545 2167 2795 3750 3153 2158 3106 3199 2564 3271 3370 3697 3648 3507 1064 3680 3707 3674 3318 3162 3328 3545 3729 3610 3696 3738 3723 3750 3750 3728 3217 3101 3323 3750 3659 3750 3586 3041 3630 3631 3750 3750 3639 2936 2594 1261 577 815
806 1322 2872 1250 1347 2351 2232 1239 251 2227 1266 1425 950 3177 3698 3750 3408 3319 3461 2627 2003 3380 3496 3660 3596 3738 3552 3725 3665 3491 3240 3175 3728 3474 3186 3391 3517 3450 3712 3718 3612 3726 3496 2779 3209 3716 3704 3750 3587 2783 3750 3750 3750 3750 3750 3583 2048 2520 3151 2270
1022 1586 886 1788 1629 1325 1654 2772 3699 3748 3600 3210 3362 3723 3750 3750 3437 2800 2912 2560 1043 2075 2711 3621 3433 3501 3399 3709 3593 3110 2970 3644 3750 3722 3505 2491 3314 3519 3750 3693 3686 3707 3369 2586 3676 3750 3453 3042 2598 1527 2748 3726 3681 3750 3750 3750 3715 3481 3606 2508
2611 2219 1923 2144 1662 1295 2336 3750 3728 3750 3687 3750 3716 3750 3750 3750 3727 3698 3680 3239 3417 2997 3166 3750 3681 3622 3546 3551 3497 3248 1193 3430 3750 3730 3724 3414 3681 3626 3750 3750 3715 3296 2403 2204 3443 3455 3750 3750 3514 3364 3108 2494 2658 3715 3750 3750 3702 3748 3750 2665
3355 3728 3619 3750 1874 888 329 2482 3680 2498 3750 3750 3750 3750 3750 3694 3682 3221 3677 3737 3577 3750 3717 3750 3726 3750 3659 3668 2731 2768 3013 3707 3524 1796 1450 1034 1215 3045 2852 2746 3128 3490 3585 2981 3724 3698 3750 3233 911 3218 3493 2302 2560 2098 2854 3750 3750 3748 3664 3526
2636 3669 3241 3580 3701 3728 3614 3362 3742 2146 3750 3713 3750 3746 3504 3547 3571 3233 3370 3750 3750 3750 3750 3738 3750 3703 3723 3403 2049 2954 3156 3616 3202 2254 2067 1284 2181 3622 3293 3453 3674 3536 3378 3487 3750 3750 3750 3498 494 116 1665 2800 2657 3063 3253 3750 3750 3710 3724 2416
3176 3056 2450 3024 2769 2574 2922 3502 3750 3657 3537 3227 3748 3750 2840 1292 3738 3484 3087 2863 3728 3750 3750 3695 3750 3750 3680 3662 3184 3181 3748 3750 3750 3744 3338 2228 2886 3426 3748 3750 3696 3440 3645 3383 3750 3750 3750 2548 1061 368 1973 2919 3303 2532 3750 3750 3233 3173 3370 2252
60 358 11 386 1555 2960 2372 3739 3377 2773 1834 1813 3644 3714 3435 1299 1907 3283 2626 3237 3661 3750 3016 2886 3402 3747 3726 3726 3690 3631 3706 3750 3750 3739 3176 3397 2889 3621 3750 3750 3750 3712 3597 3569 3750 3514 3202 2966 2128 145 227 1178 2165 3728 3750 3693 3649 3176 1136 827
6 1554 1139 569 2106 3720 3716 3750 3567 1621 1654 1396 2824 3087 3602 2150 1428 2394 2582 3118 3550 3197 1582 1318 2550 3479 3738 3750 3750 3750 3750 3750 3750 3630 3334 2861 3294 3563 3750 3750 3750 3610 3631 3750 3750 3414 1625 3340 3748 3033 686 1294 2955 3750 3750 3568 3401 3679 2960 900
0 82 2652 3191 3280 3577 3692 3709 3556 3391 1855 703 1105 1503 2723 832 1217 3298 3318 3711 3746 3534 2910 3585 3192 3750 3750 3750 3728 3750 3750 3750 3750 3625 3716 3260 2801 3094 3698 3750 3750 3704 3705 3750 3750 3498 2966 3750 2620 2597 3383 1860 3596 3683 3739 3509 2972 2801 2466 3581
428 1320 1803 3542 2725 1849 2861 3222 3129 3370 2834 192 1115 1850 2923 3002 1243 2734 3740 3750 3750 3750 3750 3728 3698 3750 3750 3750 3539 2903 3605 3750 3716 3717 3750 3509 2848 3524 3740 3738 3750 3750 3750 3750 3307 1878 1897 3265 37 48 1727 3555 2357 3574 1272 1269 3184 3397 1532 3043
2314 3638 3173 2525 2718 654 3094 3487 3652 3696 2476 615 1484 1511 2709 3748 2805 2319 3639 3668 3750 3750 3750 3723 2547 3214 3675 3748 2021 41 1985 3731 3650 3445 3713 3533 3621 3117 3696 3750 3750 3750 3750 3750 3714 2825 9 1393 1817 70 189 2031 2525 2195 1559 336 1752 2964 3184 3455
1680 3339 1545 1075 1076 3377 3555 3446 3501 3480 2078 627 614 702 2387 3446 2828 3356 1731 3042 3555 3045 3141 2648 2165 3612 3750 3750 3288 506 187 2957 3608 2204 3381 3739 3708 3694 3750 3750 3750 3750 3623 2827 3068 1249 276 1027 1697 590 1769 3081 1817 263 960 3451 3366 3470 3678 2284
763 845 1604 2259 2740 3367 2924 2581 3177 3055 1202 1708 2689 2418 2988 3507 3043 3172 1701 3692 3240 3313 2971 270 241 2176 3526 3432 3629 3124 557 247 2738 2165 3353 3738 3750 3746 3342 3648 3750 3712 3712 3269 1177 246 1260 1176 575 736 2363 2838 1844 1614 1978 3293 3748 3740 3465 3546
95 1095 1032 2888 3620 3660 2459 2285 2832 1436 360 2598 2368 1952 2587 3219 2281 2127 2286 2842 1886 2398 2128 1205 29 939 2204 1725 1829 3736 2721 243 1237 3093 3639 3728 3748 3629 3606 2989 3149 2879 2103 2302 2294 1341 1272 1196 1444 761 3281 3647 1375 2595 3500 1831 3552 3578 2564 2762
313 288 1031 2288 3692 3647 2232 2315 2450 352 1076 2137 2129 1566 2431 2214 2618 1616 3333 3329 1485 258 720 2708 969 1487 667 565 1858 1502 1254 214 3261 3652 3695 3452 3622 3736 3604 3500 3748 2570 1223 2605 3455 2900 3406 2511 3017 2407 1981 2169 3671 2669 3525 1738 1901 1289 923 895
698 678 1090 2154 3544 3733 2402 1621 948 472 2640 2081 1906 1834 1999 1778 2335 1637 3272 2453 180 116 279 2294 1372 1998 1005 256 740 97 646 3728 3726 3350 2311 2725 2214 3652 3748 1283 2238 2901 3695 3738 3718 3750 3559 2471 3646 2791 124 587 3464 3750 3750 3719 3494 143 925 279
835 1136 1163 1657 1413 1910 3141 372 0 478 1854 2633 2374 2237 1859 2638 1676 2908 3179 1694 27 63 1288 3100 3359 2171 988 13 2112 2662 2703 3476 3179 2890 1693 897 1617 3293 3590 2602 824 3315 3225 3598 3600 3541 3584 2354 2418 81 148 2257 3377 3590 3600 3567 2626 1016 2138 1131
