data/outputs/Sarzedas de Vasco/2015/resolution_1/CONT_NORM_1_45.asc
ncols         33
nrows         33
xllcorner     -8.222016814931
yllcorner      39.947705019877
cellsize       0.000404694720
NODATA_value  -9999
28 44 86 42 56 72 85 89 76 35 40 23 16 34 13 36 57 14 60 91 75 97 100 100 99 100 96 81 88 100 100 76 92
42 43 70 46 75 96 90 81 57 22 16 27 22 13 37 19 37 43 18 48 41 75 100 100 100 100 98 86 44 84 54 27 73
57 50 52 23 49 80 45 42 20 12 18 35 36 23 19 27 19 20 21 11 25 10 56 100 100 94 100 98 43 54 42 75 47
88 42 15 22 26 67 79 43 10 56 47 20 1 5 21 17 12 32 49 69 27 16 37 57 56 85 86 45 2 8 56 94 100
71 83 53 35 49 67 98 51 56 49 61 9 10 0 10 13 43 41 37 10 8 43 26 41 84 81 40 57 6 30 98 87 74
5 57 57 86 70 56 58 39 36 38 63 14 0 0 0 0 7 77 89 41 57 77 85 100 100 83 23 11 78 100 77 53 81
55 36 64 44 28 38 27 26 10 56 94 70 13 12 5 2 7 81 100 100 94 100 100 100 100 54 3 56 99 66 8 10 23
69 93 96 92 68 80 97 87 59 97 99 100 70 34 47 84 97 99 98 100 100 98 100 100 95 16 2 86 93 75 82 82 70
98 100 86 95 100 100 99 100 99 100 100 99 39 19 92 100 100 100 90 75 98 100 99 74 95 65 74 99 100 100 99 100 100
97 100 100 84 69 96 100 87 81 83 73 97 82 49 100 100 100 100 93 79 80 84 94 76 99 99 99 86 70 73 92 99 100
86 99 98 86 68 73 90 49 39 19 82 54 88 83 76 86 100 100 100 96 94 99 90 51 97 100 100 73 55 42 52 86 71
89 97 96 92 94 95 87 33 65 83 94 62 61 57 62 58 78 100 100 100 97 93 99 86 99 100 99 100 97 22 83 96 95
40 75 37 37 46 66 29 40 92 98 92 87 57 55 89 86 73 87 99 88 84 99 98 100 90 97 99 82 54 59 99 96 65
23 64 80 61 33 20 15 2 71 73 17 19 51 96 100 98 54 85 81 98 96 99 87 100 100 100 100 78 55 47 85 78 94
86 100 99 100 98 55 79 95 92 91 72 87 99 99 100 86 69 98 72 63 63 90 99 100 98 100 100 80 67 69 87 39 68
65 100 100 97 88 47 93 96 90 56 62 82 82 87 62 60 80 83 32 40 55 100 100 99 99 100 100 57 82 100 100 94 98
84 89 99 95 80 86 74 42 23 20 44 47 16 38 36 28 47 76 11 31 77 99 81 94 46 88 100 93 99 100 100 97 98
84 79 59 87 84 97 73 39 49 67 67 54 73 88 55 20 41 28 11 74 34 74 50 70 69 96 100 90 97 99 100 100 91
95 100 86 93 92 92 94 99 100 63 59 9 68 76 24 49 59 39 47 45 50 72 94 92 76 97 100 95 62 98 92 83 80
90 89 100 100 95 78 99 100 100 89 92 31 53 65 38 54 67 86 77 43 64 99 95 97 96 96 95 97 90 100 94 80 80
94 97 97 100 100 100 99 99 99 98 81 64 30 8 35 52 79 96 90 73 57 78 100 96 100 100 97 99 76 94 96 96 95
61 55 65 88 100 63 99 99 100 100 95 40 65 56 94 100 100 99 93 46 74 68 94 100 100 100 99 87 77 100 93 66 68
57 38 52 79 43 31 78 89 100 89 88 82 85 83 87 100 100 100 100 100 100 96 96 83 88 90 100 71 90 100 95 86 58
35 68 34 51 15 49 52 60 99 77 85 76 93 97 75 98 95 84 95 92 96 99 99 91 85 99 100 85 99 100 92 56 49
40 30 44 56 87 93 86 96 100 88 81 51 80 95 92 96 80 89 99 85 92 100 99 79 84 98 87 67 87 99 100 97 95
91 95 66 37 93 83 100 100 100 92 98 96 98 100 99 84 70 94 77 56 65 81 88 90 91 97 71 65 65 71 89 100 98
76 70 81 79 97 89 90 98 66 95 86 98 100 100 99 90 88 98 81 60 84 99 99 93 97 100 63 11 74 79 99 93 82
11 14 52 92 95 50 57 92 60 59 73 95 64 69 98 100 99 100 98 82 87 100 100 96 99 75 89 46 23 88 99 96 55
5 65 83 84 89 79 23 45 58 57 96 100 91 94 100 100 97 100 99 94 78 99 100 99 96 72 76 41 74 92 71 79 70
71 64 56 71 96 88 20 32 91 67 85 100 90 78 97 91 12 92 92 98 93 99 100 99 93 36 42 8 59 51 35 67 83
33 43 71 86 81 59 45 62 87 81 67 84 73 17 83 91 63 24 56 99 99 96 98 94 63 23 27 31 76 40 69 98 92
5 40 96 72 58 19 56 52 68 54 85 32 29 34 31 27 56 27 94 97 99 91 87 49 78 66 65 52 69 74 74 64 34
26 30 63 73 16 35 62 56 56 56 74 5 24 75 38 17 40 89 83 45 66 90 40 91 98 96 72 37 32 96 98 59 31
