data/outputs/Sarzedas de Vasco/2015/resolution_1/CONT_SPEC_1_40.asc
ncols         37
nrows         37
xllcorner     -8.222016814931
yllcorner      39.947705019877
cellsize       0.000359728640
NODATA_value  -9999
1.636562 2.042187 5.289062 2.868438 2.525937 3.617188 4.333437 5.297813 5.147812 4.849062 2.160625 2.981562 1.934375 0.980625 1.236875 1.952500 0.588125 2.515625 3.585313 0.729375 2.255625 5.486875 4.833437 4.644687 5.992500 6.0000 6.0000 5.944063 5.965625 5.972500 5.480313 4.095313 5.803125 6.0000 5.982188 4.141250 5.660625
2.07000 2.683750 3.639063 4.534375 2.616250 5.446875 5.885625 5.483437 4.993125 3.911250 1.437812 1.190625 1.138125 1.424063 0.535937 1.751562 1.529062 1.461875 1.889375 2.752500 1.823125 2.299062 2.995625 2.969688 5.538750 5.988750 6.0000 5.987813 5.971250 5.973125 5.806563 3.98500 2.126250 5.369688 2.659375 1.168438 4.285625
3.144375 3.098438 2.979375 2.409063 2.166562 4.895625 5.058438 1.105312 3.258125 0.971562 0.714062 1.664375 0.398750 3.697812 1.651250 1.572500 1.58000 0.879375 1.595625 1.374375 0.425937 1.232187 1.212500 0.672500 1.367500 4.780312 6.0000 6.0000 5.654063 5.913750 5.971250 5.468438 2.388125 4.314375 2.792187 4.128438 2.612188
5.115312 4.05000 1.42500 1.215937 0.930312 2.092188 3.600312 4.820625 1.418750 1.019062 2.485313 1.225937 1.56500 0.786250 0.426875 0.549375 1.120625 1.988125 0.466562 1.257500 1.589375 3.675937 3.699375 0.825625 0.125937 2.73000 3.292813 4.238437 5.204375 4.940938 5.114375 1.577813 0.116562 1.346875 3.571250 5.691875 5.613125
5.146250 4.250625 3.041250 2.162500 2.274375 3.652500 5.741250 5.912187 3.609375 1.236875 3.247813 3.345937 3.420625 0.354687 0.575937 0.319062 1.066250 1.069375 1.235313 1.895938 2.389063 1.910937 0.542500 1.890313 2.147500 2.812813 3.055312 3.220937 5.976562 4.259062 4.703125 0.188750 0.074375 1.046250 5.525313 5.828750 5.527188
1.9000 3.15000 2.92500 3.102187 3.184687 2.848125 3.614063 5.104375 1.648438 4.102188 2.860625 4.038750 1.501562 0.306875 0.0000 0.0000 0.0000 0.022187 2.542500 3.720312 5.364687 1.591562 0.128125 1.605312 2.361562 3.026250 4.720625 5.973438 4.987188 1.072188 1.504063 3.441875 2.526250 5.468750 5.362500 3.377187 4.128125
0.694375 2.323437 3.383437 4.756875 4.178125 3.051563 2.15000 1.909375 2.350312 1.267813 1.964063 4.398438 1.319063 0.248125 0.0000 0.0000 0.0000 0.0000 0.0000 3.530937 5.998750 4.742188 4.482812 5.846563 5.585312 6.0000 6.0000 5.998750 4.55500 1.891563 0.193750 3.218125 5.950625 5.341875 2.570937 2.991875 4.025625
4.288437 2.761250 4.393125 3.214375 3.473125 2.250313 2.976562 2.857813 2.159687 0.884687 3.611250 5.539375 5.955625 3.749062 2.586250 0.483750 0.391250 0.915937 1.611875 4.925937 6.0000 6.0000 5.840625 5.958750 5.847500 6.0000 6.0000 5.998750 4.010625 0.596250 1.633438 5.992500 5.529375 1.314688 0.457812 0.821562 0.417500
4.154375 5.895937 5.859375 5.153750 5.481875 4.125938 5.710938 5.819375 5.640937 4.275938 5.961250 5.935625 6.0000 5.600313 3.002813 1.643125 4.183438 5.855937 6.0000 6.0000 5.856875 5.837187 5.928750 5.988750 5.99500 6.0000 6.0000 5.72500 1.612812 0.0000 3.508750 5.661250 5.427812 5.683750 5.916250 5.611250 5.374062
5.85000 6.0000 5.081563 5.734375 5.952187 6.0000 5.986250 5.992500 5.978750 5.971250 5.980625 5.988750 6.0000 5.270313 0.171250 2.276562 5.968438 6.0000 6.0000 6.0000 5.692812 4.441875 5.271250 5.943750 6.0000 5.906250 4.086250 5.729375 4.663437 3.854687 5.991875 5.881563 5.992500 6.0000 5.956875 6.0000 6.0000
5.829375 6.0000 6.0000 5.901875 3.802188 5.149063 5.992500 6.0000 5.351250 5.368750 5.244375 4.597812 5.727500 5.972812 3.360313 3.664062 6.0000 6.0000 6.0000 5.965625 5.9000 4.565313 4.721250 5.114687 5.279063 5.883750 4.204063 5.898438 5.952500 5.912500 5.997813 4.723125 4.17500 5.494688 5.82000 5.972500 6.0000
4.964062 5.998750 5.933125 5.813125 3.252500 3.829375 5.176250 5.074063 3.067500 1.810938 0.746875 3.408437 4.931563 4.407813 5.882187 5.076250 5.187188 5.651562 6.0000 6.0000 6.0000 5.757500 5.52000 5.840937 5.532188 5.182812 3.279688 5.790312 5.98500 6.0000 5.450312 2.575312 2.322812 2.249375 3.444375 5.498750 4.770625
5.242500 5.946875 5.976250 5.945625 5.971250 5.522812 5.489375 5.113125 2.402500 3.791250 3.544062 5.645625 3.508750 4.559687 1.238125 3.485313 2.904063 2.869687 5.076250 6.0000 6.0000 6.0000 5.967500 5.87000 5.453750 5.747500 4.018750 5.920625 6.0000 6.0000 5.972500 5.934062 4.019687 2.386875 4.733437 5.36000 4.80500
4.683125 5.612188 4.301563 3.532188 4.336875 5.328125 5.77000 2.918438 2.933438 4.934687 5.993750 5.929062 5.277812 5.150938 3.077500 3.94000 5.064375 4.922500 3.637188 5.673750 5.998750 5.931875 5.556250 5.624375 6.0000 6.0000 6.0000 5.426875 5.574375 5.961875 5.784688 5.707813 3.627187 3.451563 5.864063 5.972500 5.491250
0.0000 2.330312 2.842188 2.110937 0.147187 0.504375 1.194063 0.035625 0.25500 4.568437 4.944375 3.632500 3.05500 2.451250 3.146250 5.642188 6.0000 6.0000 5.310313 4.752500 5.534688 5.752813 4.990938 5.735625 5.857812 5.537813 6.0000 5.992500 5.977500 6.0000 5.177812 2.481562 1.785937 5.226250 5.803125 5.49500 4.197188
3.633750 4.997187 5.971563 5.49500 5.252500 3.594375 1.850937 2.905937 2.075312 4.541250 5.194687 3.323437 1.301562 3.419062 5.498750 5.93000 5.991250 5.302187 2.160625 5.21000 4.032188 5.416250 4.94500 5.475313 5.803438 5.521875 6.0000 5.934062 5.904687 6.0000 5.986250 3.88500 4.635313 2.273750 4.416563 3.600938 5.154063
4.034063 5.960625 5.96000 5.978750 6.0000 5.320625 2.674375 5.586875 5.997500 5.806250 5.494063 4.007187 5.647812 5.637187 5.872187 5.976875 5.97500 5.321250 4.823437 5.776562 4.043437 3.961562 2.557187 4.738750 5.892812 5.973750 6.0000 5.93000 5.971875 6.0000 5.519687 2.437187 4.115938 5.568750 5.687188 2.440625 4.207500
4.393438 5.993750 6.0000 5.822500 5.804375 3.345312 3.797813 5.240625 5.636875 5.316562 2.929688 2.990625 4.757500 4.808438 3.693437 5.036250 2.168438 2.894375 4.463438 4.827187 3.300625 1.572812 2.091250 5.145937 6.0000 6.0000 5.921250 5.971875 5.961250 6.0000 5.960312 2.889687 5.99000 5.992500 6.0000 5.943125 6.0000
4.993125 5.195625 5.774687 5.963750 5.076562 4.888750 5.624375 4.834062 1.886875 0.717812 1.689688 1.668750 2.959687 1.580625 1.368750 2.228438 2.657188 1.606875 2.464062 4.805625 1.285937 1.540938 2.459062 5.449687 5.832500 4.486875 5.684375 2.401250 4.636250 6.0000 5.98000 5.681563 5.994375 6.0000 5.98000 5.782500 5.882500
4.874062 4.723750 4.241250 4.109063 5.763125 4.745625 5.871250 3.852187 2.036875 2.664375 3.339375 4.251563 2.458125 4.804062 4.178438 5.054062 3.205625 1.284687 2.324375 2.409375 0.879375 3.596875 2.34500 2.775937 5.153125 2.287500 4.184687 3.911563 5.576250 6.0000 6.0000 5.26500 5.970625 5.96500 5.988125 6.0000 5.756250
5.701250 6.0000 5.306250 4.410625 5.674375 5.750625 5.603125 5.066562 5.973438 5.964375 4.777500 4.389062 1.54000 2.182812 5.462187 3.524062 1.227188 2.782812 3.18500 1.815937 1.74500 2.749375 2.136250 3.218125 4.424375 5.23000 5.524687 4.457187 5.603750 5.986250 6.0000 4.14500 4.920937 5.96500 5.579063 5.322500 5.299375
5.292187 5.556250 5.958750 6.0000 5.814687 5.458437 4.320625 5.858125 5.963125 6.0000 4.630625 4.502187 2.829687 2.253437 4.922500 3.098438 2.196250 3.136250 3.431250 5.395313 4.065313 2.435938 2.325625 5.814687 5.8000 5.711563 5.790625 5.476562 5.704375 5.639375 5.7000 4.739687 5.986250 6.0000 5.490312 4.799062 4.871875
5.555625 5.740312 5.760313 5.978750 6.0000 5.982500 5.911875 6.0000 5.978750 5.972500 5.838750 5.407813 4.248125 2.060625 1.703437 1.708438 1.765625 2.724687 4.680313 5.333437 4.915625 5.545625 4.285312 4.448750 5.974375 6.0000 5.656250 5.981250 6.0000 5.845937 5.978438 5.568750 5.644375 5.820625 5.321562 5.212500 5.82500
4.749688 5.213438 5.099375 5.677500 6.0000 6.0000 5.702187 5.876875 5.851250 6.0000 5.992500 5.54000 3.623438 2.966875 1.532812 2.155625 4.372813 5.434062 5.698750 5.927500 5.984375 3.735625 4.027812 1.280625 4.64000 6.0000 6.0000 6.0000 6.0000 5.974062 5.798438 4.224687 4.643438 5.963125 5.308750 4.283750 4.466875
4.030938 2.411875 2.530937 4.782188 4.853125 4.537500 2.737500 5.924375 5.992500 6.0000 5.98500 5.721875 4.292813 3.309063 4.405312 5.039375 5.989687 5.992500 5.996250 6.0000 5.776250 4.605313 4.898750 5.418437 5.203125 5.355313 6.0000 6.0000 6.0000 6.0000 5.838750 3.784687 5.959688 5.97500 5.81000 5.413125 5.638750
3.306250 1.910625 3.143125 3.199375 3.554688 0.381562 3.953125 3.586250 4.793750 5.97000 5.311562 4.547187 4.866562 5.575625 4.852500 5.120938 4.683125 6.0000 5.993750 5.96500 5.906250 6.0000 6.0000 5.922500 5.973750 5.986250 4.659375 5.255625 4.987188 6.0000 5.570312 4.348750 5.897812 5.92500 5.348125 4.549062 2.224063
1.730312 4.235625 2.013438 2.971563 3.024062 0.737500 3.713750 2.367500 4.081563 5.996250 4.740938 5.657813 4.051250 5.299375 5.865625 5.833750 4.700938 5.90500 5.671250 4.843750 5.729063 5.271875 5.712500 5.753750 5.956250 5.898750 5.249688 4.827500 5.972500 5.917500 4.977188 5.989063 5.997500 6.0000 5.565313 3.221563 3.929375
2.428125 1.715937 2.623750 2.394687 4.502187 5.954375 5.794375 5.507500 5.959062 6.0000 5.433125 5.072500 3.688438 3.4000 5.733125 5.710625 5.47000 5.689375 4.752187 4.971250 6.0000 5.603438 4.980313 5.714062 5.964375 5.953125 4.528750 4.883750 5.94000 5.42000 4.645313 3.949688 5.560313 6.0000 6.0000 5.779375 5.808750
5.623125 5.719062 4.850625 1.689375 3.583125 5.109063 5.814375 5.998750 5.987500 5.96500 5.652812 5.724062 5.806250 5.763125 6.0000 5.977188 5.924688 5.110938 4.390625 5.396875 5.235313 3.478125 2.59500 5.165938 4.722812 5.251563 5.252500 5.496250 5.650625 5.591875 2.892187 5.500312 3.219688 4.049688 5.942500 6.0000 5.922500
5.088750 4.704063 5.462500 5.491562 5.75500 5.364687 5.809062 5.876563 5.820625 4.302187 5.727188 5.245312 5.618437 6.0000 5.958125 5.970625 5.926875 5.024687 5.133125 5.710625 5.097500 4.215312 3.00500 5.684687 5.784375 5.87000 5.500625 5.808750 6.0000 5.307500 1.146250 2.338437 4.740312 4.634375 5.994688 5.653750 5.749062
0.631250 0.587500 1.558437 4.238125 5.059375 4.798438 3.335938 4.539375 5.85000 3.430938 3.628750 4.358437 5.315313 5.851875 4.264062 5.437812 5.923125 5.904375 5.586563 5.973750 6.0000 5.188125 4.866562 5.872813 6.0000 5.986250 5.706250 5.880625 5.081875 4.87000 2.847812 0.674375 2.901875 5.645937 5.882500 5.787500 3.227187
0.538750 3.304375 4.256250 5.844062 5.973438 5.421875 2.940313 1.845625 3.595625 3.037187 3.265625 5.154063 5.846563 4.776562 4.087813 5.100625 6.0000 5.986250 6.0000 6.0000 5.928750 5.748437 5.172813 5.205938 5.986875 6.0000 5.934375 6.0000 5.502187 4.991562 4.618125 4.390313 4.219375 5.951250 5.817188 4.832500 4.368125
2.395938 3.975312 4.896250 2.58500 5.542813 5.39000 4.269687 1.179688 2.602813 5.179062 3.177188 5.964375 5.993125 6.0000 5.978750 5.491250 5.988125 5.532188 3.249062 5.768125 5.775625 5.987500 5.176875 5.395313 5.98500 6.0000 6.0000 5.836250 3.351250 3.337813 0.56500 1.681875 4.514375 4.465625 1.361875 4.405625 3.859375
4.019063 3.467812 2.424375 4.228125 5.518125 5.586875 3.659687 1.529375 1.9000 5.301563 4.629688 3.898125 5.578750 5.308750 4.613125 3.840625 5.887500 5.684375 0.860625 3.440937 5.356250 4.891250 5.96000 5.905625 6.0000 6.0000 5.784688 5.097500 2.134375 0.997187 2.181250 1.82000 3.977813 1.219062 3.626250 5.203750 5.763125
0.530312 2.283125 4.577187 5.516250 3.923125 4.516563 1.759688 4.065313 4.16000 5.238437 4.416875 3.415313 4.772188 4.421250 2.153125 0.743437 4.652188 4.222812 5.431250 0.815625 3.113437 5.519375 5.986250 5.867500 5.300625 5.303438 4.922187 3.789375 1.571875 2.073437 1.141563 3.920625 4.189375 3.755313 4.393750 5.95500 5.335625
0.334687 1.500938 4.993750 5.299062 3.346875 2.486562 1.928438 3.386250 2.830938 3.693750 3.437500 4.598438 3.486562 0.809687 2.837813 1.826563 1.381875 1.654375 2.352500 1.572188 5.328437 5.903750 5.590312 5.934375 5.159688 5.635937 2.977500 4.993125 4.8000 4.441562 4.968125 2.736562 4.268750 4.916250 4.195312 3.51000 1.081875
1.668438 1.683125 3.439687 4.298438 2.551563 0.310625 3.06000 3.768438 3.429063 3.332187 3.023750 5.127187 1.362812 0.278750 3.656250 3.931875 1.816563 1.134688 2.70500 5.085625 5.305937 2.959062 2.286250 5.354687 4.165625 2.840313 5.531250 5.83500 5.767188 4.485625 3.601562 0.370937 4.178750 5.80500 5.829375 3.218125 2.273438
