data/outputs/Sarzedas de Vasco/2015/resolution_1/CONT_NORM_1_5.asc
ncols         300
nrows         300
xllcorner     -8.222016814931
yllcorner      39.947705019877
cellsize       0.000044966080
NODATA_value  -9999
[rows 0 to 50 of 300, columns 0 to 95 of 300]
0 0 0 59 80 55 80 80 80 80 80 80 77 80 73 52 63 54 74 79 80 80 80 80 73 80 80 80 65 44 80 80 80 80 80 80 80 80 80 80 80 80 80 80 80 73 40 61 0 0 1 3 2 8 22 0 49 79 80 80 80 80 80 80 80 80 80 80 80 80 80 80 80 80 80 74 29 0 0 0 0 3 20 62 80 80 79 69 77 73 66 27 4 3 3 0
26 43 89 99 100 82 69 45 93 86 53 67 99 100 68 19 78 99 78 47 38 80 100 100 92 99 100 84 76 98 100 100 100 100 100 100 100 100 100 100 100 100 100 100 100 100 100 99 68 47 35 27 11 13 38 41 51 87 100 100 100 100 100 100 100 100 100 100 100 100 100 100 100 100 100 100 100 80 20 0 1 0 8 36 60 93 78 82 94 50 28 19 0 0 0 0
80 96 69 52 33 2 20 70 99 37 8 97 100 100 41 1 21 83 96 93 93 97 100 100 92 100 100 97 99 87 91 100 100 100 100 100 100 100 100 100 100 100 100 100 100 100 100 100 100 94 63 29 31 68 73 96 71 100 100 100 100 100 100 100 100 100 100 100 100 100 100 100 100 100 94 98 83 48 31 0 26 9 0 3 16 47 80 42 55 53 33 5 2 6 1 0
80 71 0 0 0 0 0 33 100 70 31 76 99 100 42 0 0 62 84 100 100 92 100 91 100 100 100 100 100 83 97 100 67 100 100 100 100 100 100 100 100 100 100 100 100 99 83 94 92 94 54 19 65 37 96 89 87 62 92 100 99 100 100 100 100 100 100 100 100 100 100 100 100 84 42 20 14 45 88 9 0 0 0 0 7 29 2 3 35 94 66 26 21 4 6 1
78 93 60 53 53 24 2 33 100 59 47 10 10 18 0 0 0 18 32 100 100 100 100 86 54 29 66 67 95 100 100 100 89 100 100 100 100 100 100 100 100 100 100 93 76 54 35 14 47 48 65 18 47 42 60 65 100 66 99 83 88 93 100 100 100 100 100 100 100 100 100 100 100 75 47 12 20 67 99 59 0 18 64 46 13 2 0 22 11 5 9 35 17 15 22 5
69 100 100 100 100 100 13 33 99 88 94 92 78 19 0 0 2 32 45 100 100 100 99 87 99 39 1 2 28 92 89 99 83 68 52 60 100 100 100 93 89 100 100 100 100 58 52 11 0 24 38 70 65 35 33 55 60 51 52 82 99 99 100 100 100 100 88 99 93 100 100 100 93 96 64 57 49 76 100 53 4 5 13 18 0 0 0 2 76 64 48 6 6 48 99 87
75 99 93 93 89 50 2 18 31 2 3 0 0 0 0 7 65 84 75 54 54 100 100 100 99 78 28 28 85 71 50 65 59 57 87 88 91 68 100 99 72 56 85 100 100 99 71 65 43 18 33 15 23 31 50 22 13 26 20 75 69 100 100 100 100 97 27 91 64 100 99 87 80 89 46 76 65 84 100 95 68 18 0 0 0 0 0 17 75 100 64 69 70 21 76 100
65 22 0 0 0 0 0 42 4 0 0 0 0 5 20 40 100 100 99 96 99 100 100 100 100 40 40 9 69 9 0 1 59 22 43 63 69 69 74 56 66 63 97 100 82 68 71 98 99 83 78 52 78 94 73 83 83 81 53 86 100 100 100 100 100 100 96 97 44 100 85 92 93 99 73 81 80 62 80 100 100 91 42 4 24 7 0 35 99 100 98 82 99 90 87 100
61 21 0 0 0 0 0 0 0 0 1 3 1 56 100 100 100 100 100 100 100 100 100 100 99 78 53 12 6 0 0 0 0 0 1 19 63 30 18 0 2 9 39 83 77 58 99 93 100 100 100 92 62 99 100 100 100 100 100 100 100 100 100 100 100 100 93 100 87 48 76 62 93 97 52 43 90 81 78 100 100 100 50 4 13 4 32 82 68 93 60 10 80 77 82 31
4 0 0 0 0 0 0 0 20 0 8 2 7 93 100 100 100 87 44 92 100 100 100 100 100 100 67 43 11 0 0 0 0 0 0 0 0 0 1 13 0 16 0 13 24 96 100 100 100 100 100 95 51 100 100 100 93 100 100 100 100 100 100 100 100 92 99 93 100 47 63 100 100 85 100 77 97 70 99 100 100 82 22 0 0 11 91 99 14 59 51 66 90 61 17 30
0 0 0 0 0 0 0 0 8 66 72 2 20 98 100 100 100 100 100 100 100 100 100 100 100 100 63 15 0 0 0 0 0 0 0 0 0 0 0 0 3 4 0 3 33 72 100 100 100 100 100 100 91 98 100 88 79 94 64 96 100 100 100 100 100 63 72 91 55 39 55 100 100 100 100 100 100 100 99 100 100 82 28 5 0 1 83 100 93 14 10 75 66 6 3 8
0 0 0 0 0 0 0 0 3 2 19 5 0 67 100 100 100 100 100 100 100 100 100 92 86 94 66 90 47 0 0 0 0 0 0 0 0 0 0 1 0 0 0 7 7 45 100 100 100 100 96 83 94 94 100 94 93 99 79 79 100 97 100 100 99 27 62 98 81 96 61 72 98 65 49 90 99 97 55 89 100 100 100 96 50 5 12 41 42 24 35 21 16 0 0 0
0 0 0 0 0 0 0 0 0 0 0 0 39 70 100 100 100 100 100 100 100 100 100 99 92 91 100 66 92 5 7 2 0 0 0 0 0 0 4 3 0 0 27 47 87 91 100 100 100 100 100 100 100 100 100 100 100 100 97 97 78 87 100 100 92 99 100 99 93 84 42 50 56 89 85 93 43 74 36 7 38 100 100 100 77 20 0 0 0 0 1 15 5 0 0 0
6 28 0 0 0 0 7 14 7 5 0 11 97 100 100 100 100 100 100 100 96 95 71 94 100 100 100 75 92 83 96 85 46 22 14 0 0 0 0 2 42 37 86 99 100 100 100 100 100 100 100 100 100 100 100 100 100 100 93 100 83 98 99 100 73 100 97 99 100 91 90 93 93 99 100 89 66 69 75 11 63 49 28 20 0 0 0 0 0 23 9 0 0 0 0 0
15 30 0 0 0 39 78 88 18 0 0 35 57 41 34 64 34 21 31 53 41 47 42 99 100 100 100 100 98 65 98 100 98 25 1 4 11 0 2 32 59 83 98 100 100 100 100 100 100 100 100 100 100 100 100 100 100 100 100 100 100 100 93 100 100 70 57 92 100 100 100 100 100 99 58 48 41 80 97 88 4 0 10 34 1 0 0 8 0 7 0 8 4 1 0 0
19 2 3 5 12 77 100 88 37 33 21 0 0 0 0 0 0 2 61 100 100 100 100 100 100 100 100 100 100 88 98 100 100 65 19 15 12 73 94 100 87 100 100 100 100 100 100 100 100 100 100 100 100 100 100 100 100 100 100 100 100 100 100 100 97 46 76 100 100 100 86 62 50 55 93 100 100 100 84 36 0 18 99 98 32 1 18 91 48 8 0 7 0 1 0 0
7 0 3 31 24 94 100 100 100 100 68 0 0 0 0 13 40 10 23 45 91 80 91 85 99 100 100 99 73 11 46 99 100 97 79 92 88 100 100 100 100 100 100 100 100 100 100 100 100 100 100 100 100 100 100 100 100 100 100 99 100 100 100 64 13 3 79 100 100 97 20 0 1 7 17 51 99 98 96 42 0 5 36 21 0 0 38 98 99 89 29 0 2 10 0 0
0 0 0 0 0 89 100 100 100 100 82 14 8 0 7 91 86 27 70 79 49 79 14 1 50 100 100 99 84 29 0 10 31 8 13 37 53 88 100 100 100 100 100 100 100 100 100 100 100 100 100 100 100 100 100 100 100 100 99 94 100 100 79 38 17 69 51 99 100 99 74 61 49 33 57 10 89 28 7 0 0 1 0 0 0 0 5 25 13 25 44 6 22 0 0 0
11 13 8 32 51 100 100 100 100 100 100 99 17 0 51 86 28 1 16 10 31 73 8 32 81 100 100 100 100 57 0 0 0 0 0 25 48 91 100 100 93 97 100 100 100 100 100 100 100 100 60 92 100 100 100 100 100 100 100 93 92 84 72 99 96 100 100 100 100 100 100 100 100 96 97 99 100 86 56 31 67 16 0 0 0 0 15 7 14 8 15 89 99 54 2 0
8 61 22 84 59 100 100 100 100 100 100 100 54 4 53 49 34 32 44 33 80 69 0 36 81 95 100 100 86 8 0 0 0 0 9 88 100 100 100 100 99 79 100 100 100 100 100 100 100 100 67 100 100 87 93 79 100 100 100 99 45 0 4 62 65 98 100 100 100 100 100 100 100 100 100 100 89 10 5 6 8 0 0 0 0 5 95 82 33 27 90 100 100 100 63 3
0 44 96 98 98 100 100 100 100 86 72 65 63 1 0 10 27 48 67 61 55 34 0 0 0 1 28 72 35 0 0 0 0 0 22 97 100 100 100 100 100 84 99 100 100 100 100 100 100 100 28 63 62 56 99 100 100 100 77 25 0 15 35 4 12 24 69 100 100 100 100 100 93 61 49 17 10 0 12 12 9 28 3 0 0 6 17 5 0 12 18 46 96 89 97 19
0 0 29 57 64 72 53 33 14 2 0 2 5 8 29 7 2 7 2 0 0 0 0 0 0 0 0 65 49 5 0 0 0 0 68 100 100 99 99 92 84 93 100 100 100 100 100 100 100 100 57 78 99 100 100 100 96 31 2 0 0 0 0 25 24 69 53 100 100 100 92 47 8 0 0 0 0 0 1 7 9 3 0 30 15 0 0 0 0 0 1 94 69 65 36 5
0 0 0 0 5 29 49 65 80 92 75 32 17 11 1 0 0 7 2 26 44 36 8 1 0 0 6 50 28 9 38 31 9 0 28 96 100 89 93 85 39 74 100 100 100 100 100 100 100 100 100 100 100 100 100 100 76 1 0 0 0 0 0 0 6 4 43 100 100 100 100 68 7 32 63 1 0 0 0 25 40 1 0 9 15 0 0 0 0 0 3 60 13 39 78 57
0 0 0 58 87 100 100 100 100 100 100 98 44 62 5 0 27 33 0 21 43 100 85 93 57 40 5 0 35 89 99 100 56 0 4 41 85 88 40 29 13 88 100 100 100 96 100 100 94 81 97 70 100 100 100 69 22 0 0 0 0 0 0 0 2 30 79 100 100 100 100 98 66 6 3 0 0 0 0 0 21 0 0 0 0 0 0 0 0 0 0 0 0 14 67 17
35 0 9 98 100 55 100 100 99 85 85 100 81 13 4 0 0 0 6 95 100 96 84 100 100 100 83 25 0 16 34 68 54 2 0 0 0 0 20 63 99 100 100 100 99 59 100 100 92 82 100 100 100 100 64 16 0 0 0 0 0 0 0 1 0 0 37 100 100 100 100 64 8 6 11 1 0 0 0 0 0 0 0 0 0 0 0 0 0 0 0 0 2 57 61 6
24 0 25 100 100 96 72 97 65 15 94 100 100 40 16 19 1 0 32 99 100 100 100 100 100 100 100 96 9 28 12 0 0 0 0 0 0 0 62 100 100 100 100 97 85 99 84 30 13 56 98 100 100 77 38 15 1 0 0 0 19 8 0 0 0 0 5 80 75 24 22 42 73 79 3 0 0 0 0 0 2 0 0 0 0 0 0 0 0 0 2 47 80 17 41 14
0 1 67 100 100 82 2 35 48 0 88 100 100 93 24 24 37 53 68 69 100 100 100 100 100 100 100 100 30 28 11 0 0 0 0 0 0 0 21 73 76 49 20 22 3 90 82 54 28 32 67 100 100 100 100 98 57 0 0 0 34 89 29 0 0 5 3 7 27 0 25 65 94 84 2 1 0 0 0 5 11 19 8 71 62 15 0 0 0 0 57 100 85 61 0 0
1 6 92 100 100 97 7 17 52 80 99 100 100 100 91 8 62 99 77 72 100 100 100 100 100 100 100 85 4 0 0 0 0 0 0 0 0 0 0 0 0 0 5 30 82 100 97 92 100 82 87 100 100 100 100 100 81 18 0 0 37 100 94 2 0 0 6 57 15 4 93 99 100 36 5 12 8 2 16 19 42 11 77 100 94 40 0 0 0 0 34 67 45 5 0 0
65 5 92 100 100 100 69 75 100 100 100 100 100 100 100 51 4 10 10 20 25 33 33 45 53 54 68 43 0 0 1 0 0 0 6 0 0 0 0 0 0 0 2 7 59 33 65 73 64 41 73 99 100 100 100 100 100 88 83 77 98 100 100 78 51 16 2 32 1 0 30 32 51 4 58 34 23 95 68 61 34 0 32 90 33 0 0 7 74 25 0 0 0 0 0 0
59 13 100 100 100 100 100 100 100 100 100 100 100 73 99 62 0 0 0 0 0 0 0 0 0 0 56 10 1 0 33 42 0 0 70 25 0 0 0 23 3 0 0 4 16 2 9 22 14 9 27 74 83 59 99 100 100 100 100 100 100 100 100 100 100 44 0 0 0 0 0 2 2 33 4 0 23 38 79 73 61 9 0 8 25 20 6 0 26 10 0 0 0 0 0 5
31 32 100 100 100 100 100 100 99 94 100 100 100 97 100 79 10 0 0 0 1 0 0 0 0 0 11 0 2 0 21 95 53 32 34 31 0 0 0 0 0 0 0 0 1 39 20 24 8 18 22 5 48 50 99 100 100 100 100 100 100 100 100 100 100 39 0 0 0 0 3 9 19 0 0 0 8 49 17 31 10 9 2 0 5 19 7 0 0 0 0 0 0 0 29 90
30 68 100 100 100 100 100 100 78 29 86 100 100 100 99 86 9 24 32 11 6 3 0 0 0 0 18 2 3 13 75 51 37 88 43 0 5 28 33 0 0 0 2 62 28 26 82 81 6 36 9 8 26 22 68 97 98 90 41 90 100 100 100 100 100 30 0 0 0 0 0 2 0 0 0 0 0 1 3 19 7 0 0 24 33 25 23 55 6 3 0 0 0 0 48 100
21 87 100 100 100 100 100 100 100 100 86 100 77 49 43 21 9 34 84 76 27 3 6 0 0 0 0 0 35 77 88 22 0 0 1 59 2 0 32 0 0 0 3 87 59 0 4 10 2 41 61 46 24 1 2 7 34 23 4 31 99 100 100 100 98 10 0 0 0 0 0 0 0 0 0 0 0 0 4 95 53 0 4 96 100 90 30 93 87 75 38 18 12 5 24 45
6 87 100 100 100 100 100 100 100 34 4 78 60 46 25 2 7 66 96 93 43 26 33 11 1 2 0 0 1 18 34 55 0 0 10 79 36 0 0 0 0 37 24 75 36 32 84 90 95 94 73 64 49 41 34 26 26 11 6 86 100 100 100 100 74 9 0 0 0 0 0 0 0 0 0 0 0 11 52 84 54 2 58 100 75 65 57 93 39 10 0 1 10 14 25 11
5 96 100 100 100 100 100 100 100 13 1 47 83 29 16 9 1 90 100 94 47 3 0 0 44 9 0 0 0 57 96 29 14 2 0 5 2 0 2 37 27 90 100 64 0 53 100 93 100 100 100 100 97 94 66 89 86 49 36 35 82 94 100 100 94 26 9 5 0 0 16 88 44 0 0 1 0 0 0 0 2 40 100 92 88 96 92 64 87 53 8 0 0 0 0 7
16 100 100 100 100 100 100 100 97 27 9 2 0 27 4 0 22 98 100 72 2 0 0 0 14 0 0 0 0 18 38 4 7 73 78 33 11 0 0 1 15 87 100 54 0 70 84 92 94 99 100 100 84 35 76 87 19 39 51 60 63 66 100 100 100 99 99 75 2 9 19 91 3 0 0 0 2 0 0 0 22 32 100 100 89 99 72 51 98 100 53 0 0 9 36 27
16 100 100 100 100 100 100 100 100 100 89 7 0 0 0 7 44 100 63 15 0 0 0 0 0 0 0 0 0 0 6 35 67 30 32 27 32 7 4 0 0 4 43 60 94 93 94 99 63 89 84 69 51 82 99 100 95 97 94 86 88 100 100 100 100 100 100 39 0 49 96 56 0 0 0 0 0 0 0 70 98 39 50 100 89 91 60 15 32 66 7 0 13 59 100 100
30 99 100 100 100 100 100 100 100 100 55 1 0 0 0 19 71 56 23 0 0 0 0 0 0 0 0 0 0 0 0 0 0 0 13 19 63 56 17 38 23 26 0 10 55 100 100 100 100 100 93 92 97 100 94 99 100 100 100 100 100 100 100 100 100 100 72 0 0 80 100 17 0 0 0 0 0 0 0 10 25 15 37 60 98 93 100 87 60 40 18 66 100 100 100 100
4 37 77 100 100 100 100 100 100 99 26 0 0 10 4 0 0 0 10 13 4 0 0 0 0 8 0 0 0 0 0 0 0 0 0 22 62 83 62 39 82 54 45 7 14 100 100 100 100 100 100 92 100 100 100 100 100 100 100 100 100 100 100 100 100 100 28 0 1 78 90 2 0 0 0 0 0 0 0 0 7 86 89 78 100 100 100 77 14 14 0 11 78 100 100 100
0 0 59 100 100 100 100 100 100 100 96 89 68 82 79 15 0 57 99 99 81 37 0 0 0 3 8 14 0 0 0 0 1 0 0 5 52 99 65 28 26 22 68 47 18 99 100 100 100 100 100 100 100 100 100 100 100 100 99 98 98 100 100 100 100 100 93 19 0 8 47 0 0 12 4 0 0 0 0 0 38 63 45 31 78 84 45 90 74 13 40 76 85 93 100 100
20 49 100 100 100 100 100 100 100 100 100 100 100 100 100 96 77 100 100 100 100 98 31 0 18 32 60 56 48 84 85 59 18 0 34 47 80 69 28 11 27 30 24 79 99 100 100 100 100 100 100 100 100 100 100 100 100 100 94 80 79 100 100 100 100 100 69 2 0 24 24 4 0 0 0 0 0 0 0 0 2 12 2 54 71 96 73 84 22 52 25 13 96 99 100 100
76 92 100 100 100 100 100 100 100 100 100 100 100 100 100 100 100 100 100 100 100 100 89 36 70 89 60 81 100 100 100 100 70 0 19 73 92 56 39 19 64 21 44 63 100 90 99 100 100 100 100 87 100 100 100 100 100 100 100 99 100 100 100 100 100 100 100 70 15 93 100 28 0 0 1 3 0 0 0 32 8 0 28 94 79 71 49 20 5 13 31 45 50 43 100 100
75 97 73 100 100 100 100 100 100 100 100 100 100 100 100 100 100 100 100 100 71 44 47 31 32 87 98 98 41 92 100 100 82 7 9 35 69 82 30 55 99 100 72 41 32 15 41 100 100 100 99 87 100 100 100 100 100 100 100 100 100 100 100 100 100 100 100 99 96 99 64 2 17 56 56 73 89 65 72 100 70 1 30 78 37 36 1 21 1 3 7 10 71 97 100 100
31 79 97 100 100 85 94 98 100 55 38 100 100 100 100 100 100 100 100 100 84 22 2 43 99 91 41 73 25 8 25 83 100 30 36 83 65 99 51 18 14 16 15 56 74 47 92 61 80 95 70 100 100 100 100 100 100 100 100 100 100 100 100 100 100 100 100 100 79 10 0 0 12 85 99 75 97 100 100 91 7 1 5 74 100 59 29 7 5 2 0 0 18 99 100 100
60 100 100 100 100 71 0 66 97 93 96 100 100 100 100 100 100 100 100 100 54 0 2 72 100 68 23 32 88 11 0 36 93 73 0 42 100 100 100 99 95 87 91 86 34 24 20 0 0 8 71 94 100 100 100 100 100 100 100 100 100 100 100 100 100 100 76 40 31 0 0 0 24 86 93 85 100 100 100 49 78 84 89 30 90 91 31 0 0 0 0 0 11 92 98 48
21 93 100 93 36 4 0 0 7 0 9 91 100 100 100 100 100 100 100 63 25 6 0 20 55 18 48 32 18 45 42 0 4 10 0 2 67 95 77 62 14 25 3 5 9 0 0 0 0 0 31 94 84 77 100 100 100 100 100 100 100 100 100 91 57 62 60 5 36 7 0 0 89 100 100 100 100 100 100 70 86 87 78 29 96 100 93 26 0 0 0 45 97 100 77 0
8 95 100 99 81 89 46 0 0 0 0 18 92 100 100 100 87 81 99 53 57 24 1 1 0 1 0 0 11 18 35 18 0 0 0 0 1 4 18 15 0 31 21 16 37 17 26 0 3 1 0 23 10 4 84 100 100 100 100 100 100 100 57 11 0 0 0 25 69 35 0 0 93 100 100 100 100 100 100 100 100 47 86 100 100 100 70 19 0 2 62 100 100 100 94 2
0 49 85 49 47 25 15 0 0 0 0 0 29 99 100 100 100 100 100 97 38 5 0 2 5 68 65 7 2 49 38 1 0 0 5 6 36 24 3 0 12 42 72 53 77 82 93 75 73 51 0 0 0 69 100 100 100 100 100 100 100 100 88 0 0 0 0 50 94 81 83 9 97 60 53 54 72 77 99 100 100 100 100 100 100 100 83 32 12 67 100 100 100 100 100 65
0 7 2 4 3 0 0 0 0 0 0 0 4 89 100 100 93 94 79 99 16 0 23 85 95 52 2 16 18 88 78 8 46 70 96 90 39 21 69 1 5 42 85 83 70 86 100 100 100 98 73 16 42 84 60 79 99 100 100 100 100 100 67 0 0 0 0 60 100 100 80 21 99 42 5 0 0 0 10 14 32 49 65 76 90 96 55 31 51 100 100 100 85 100 100 100
14 39 12 40 19 0 0 0 0 0 0 0 4 90 86 44 19 6 11 60 36 10 24 49 25 61 57 72 94 75 77 95 100 100 100 79 25 59 72 0 0 0 2 58 100 100 100 96 61 100 94 59 31 55 77 100 100 100 100 100 100 100 23 0 0 0 0 13 83 95 59 40 100 100 96 93 85 13 0 0 0 0 0 0 19 53 1 8 78 100 94 91 43 91 100 87
0 15 30 27 2 0 3 0 0 0 0 5 71 72 64 93 29 0 0 0 12 98 100 97 96 100 100 100 100 92 99 100 100 100 100 100 99 99 40 0 0 29 78 57 84 57 72 63 0 66 45 64 32 100 100 100 100 100 100 100 100 94 0 6 0 0 0 0 0 4 1 33 100 100 100 100 81 2 0 0 0 0 0 0 1 8 11 0 80 100 96 75 100 100 77 13
