data/outputs/Sarzedas de Vasco/2015/resolution_1/CONT_TOTAL_1_30.asc
ncols         50
nrows         50
xllcorner     -8.222016814931
yllcorner      39.947705019877
cellsize       0.000269796480
NODATA_value  -9999
3068 3309 2529 4664 4201 4913 5193 4474 2190 3899 5186 5190 3758 1192 2361 1081 777 1332 1946 109 1314 999 751 1426 4393 844 2 3545 5198 4998 4995 5220 5220 5025 5220 5220 5220 5220 5220 5220 5220 5087 4855 5220 5220 5093 3963 3681 3188 1849
1008 468 3526 5108 2825 922 1564 3578 4350 4386 5167 4249 4517 3732 2226 2773 1797 1072 880 1676 2041 827 1003 2819 3064 927 1281 2184 4674 4612 3585 3914 5388 5400 5400 5400 5311 5400 5345 5356 4821 3410 4455 5206 5400 5386 5151 2701 4909 5218
725 2259 2460 4101 4632 2411 2807 5150 5400 5370 4499 4482 3627 2104 1089 243 879 1349 536 0 431 2987 103 2284 925 3074 3270 1542 2396 3821 3062 3565 5209 5400 5400 5400 5381 5400 5366 5369 5223 3914 2273 1648 4894 2936 1448 492 4099 5120
2229 4223 1236 1663 2374 1366 4619 5392 4786 3692 1602 5022 2239 599 534 2546 201 1954 3311 1058 1350 1885 1292 448 2896 1181 582 45 523 498 2188 16 2724 4191 5378 5400 5400 5333 5270 5328 5400 5241 4435 4034 4841 3440 1836 2671 2566 3192
3484 4177 2645 3396 2833 537 1333 3034 4134 2752 2104 1874 1330 1343 655 1179 232 3199 1861 1357 1645 835 757 1856 224 1029 1310 892 1534 733 1193 323 8 1532 5028 5395 5400 5083 5109 5388 5390 5138 1865 387 3047 2217 4337 4756 2353 2499
4469 4176 2433 1455 489 1932 668 2519 2923 3098 4623 639 208 1815 2969 915 2293 240 40 92 466 1319 878 1360 487 786 1226 1614 4256 3965 2208 1055 137 1136 2237 2746 2758 4755 4089 4386 4607 2283 204 47 925 1580 5345 4907 5400 5220
4290 4743 2677 2095 1246 1293 2216 3964 5102 5301 5347 2252 29 1759 3380 3675 4214 508 793 438 98 1760 466 662 956 1192 1942 3087 1785 1895 510 1822 1976 1616 3112 3476 1738 4914 5390 4235 4970 344 0 20 87 3645 5334 5249 5400 4727
3964 2585 5232 2642 2322 1646 2706 2231 3034 5376 4300 2173 4361 3961 2274 3439 1060 264 35 86 0 0 97 882 3343 2147 3450 2603 733 125 168 810 2774 618 2150 2360 5065 5369 3096 343 2932 3516 564 829 2933 5400 5295 3967 3060 3370
323 953 3729 2495 3894 5007 2954 3694 3415 4358 2335 1338 3225 478 2794 3740 2208 932 0 0 0 0 0 0 606 1384 5388 5400 2871 476 1360 3908 3076 3594 5400 5400 5400 5398 4331 1735 19 1344 3722 4789 5400 5219 3265 2168 4621 4590
919 1161 2542 2559 4326 4310 2501 2432 1553 498 2262 2623 1131 418 2950 4730 1346 483 0 0 0 0 0 0 0 846 4946 5398 4480 5138 4906 5400 5386 5400 5400 5400 5400 5235 2000 1049 0 1598 4909 5329 5083 2149 1737 3092 3046 3407
4413 1955 2671 3546 2486 1934 1930 2691 2264 1428 2585 772 932 1224 3891 5316 5332 5345 724 2062 276 265 358 186 230 2371 5257 5400 5400 5400 5087 5396 5400 5400 5400 5400 5400 5257 2553 389 354 4835 5388 5145 1848 118 87 154 309 810
3377 4155 5041 5242 5029 5317 3499 1704 4655 5398 4830 4223 1316 4481 5147 5338 5400 5400 3579 4781 1103 721 2206 4856 5239 5164 5400 5366 5268 5400 5380 5398 5148 5400 5400 5400 5296 3206 0 0 1719 5032 5020 4145 3266 3961 4136 4113 3158 3236
4360 5390 5400 4511 4600 4902 5376 5400 5400 5160 5330 5396 5279 5400 5400 5400 5400 5255 3654 672 1421 5372 5400 5400 5400 5400 5310 5283 5049 4617 5332 5400 5400 5400 5400 5400 5347 4518 206 447 3935 5280 5353 5400 5400 5366 5268 5151 5290 5064
5220 5400 5400 4775 5349 5208 5396 5400 5400 5378 5400 5382 5364 5369 5400 5382 5400 5390 2945 0 1504 4484 5400 5400 5400 5400 5400 4921 3955 4249 5295 5314 5400 5400 4828 2761 4998 5400 3945 4546 5400 5239 5360 5388 5400 5400 5355 5400 5400 5220
5220 5400 5400 5400 5400 4701 3391 5177 5398 5400 5400 5258 5310 5380 5121 4693 5221 5388 4913 1633 2130 5400 5400 5400 5400 5400 5345 5240 4165 4085 3562 4841 5129 5400 5181 2930 5238 5400 5400 5260 5400 5376 5289 4421 5218 5400 5390 5400 5400 5220
4788 5400 5400 5400 5400 3393 3007 3379 5296 5368 4605 2466 1458 2123 2638 1677 4697 4886 5269 5400 4049 4550 5400 5400 5400 5400 5400 5400 4872 5152 5123 5209 4024 4441 4943 4391 5338 5400 5300 5400 5362 1959 1709 1639 2147 3345 3369 4960 4921 5159
4102 5332 5335 5356 5125 4611 4247 3378 4016 5105 1992 4027 3043 764 1078 4869 3917 1801 4962 3919 4473 3826 4281 4392 5400 5400 5400 5400 5250 5113 4796 5347 5400 5052 4120 1305 5076 5400 5400 5400 5279 4082 3379 2889 2477 3196 4021 4849 3806 3673
4504 5228 5362 5400 5313 5400 5167 5215 4953 5147 3421 2017 3544 3646 4098 5215 3463 3152 4215 510 3868 2942 1131 2703 3922 5400 5400 5400 5400 5400 5382 5277 4698 5259 4978 4082 5324 5400 5400 5400 5400 5388 5400 2904 1386 4047 5329 5005 4892 5133
4859 5325 4771 4346 3940 3845 4661 5320 5159 4089 3271 2477 3898 5295 5400 5351 4505 5025 3580 3254 3041 4727 4304 4153 3015 4876 5400 5400 5400 5400 5224 5304 5400 5400 5400 5400 5326 4220 5400 5339 5272 5355 5400 3070 2642 4591 5378 5378 5400 4155
486 2234 3816 1084 1798 606 859 2120 3082 952 56 1475 4627 5279 5293 5264 4173 4622 3453 1805 4186 5398 5400 5163 4583 3711 4797 5398 5289 3941 3667 5183 5284 5341 5219 5400 5276 5179 5400 5400 4757 3833 2374 1350 3629 5400 5362 4998 2959 2748
2 241 3746 4307 3272 1974 549 416 1035 41 5 0 2885 5216 2550 631 888 630 1198 4312 5141 5400 5400 5205 4458 3831 4031 4486 5400 5398 5362 5341 5366 4068 5258 5400 5400 5378 5376 5400 5234 3696 1592 2580 4254 5387 4619 5038 5388 4783
4233 4808 5342 5400 5356 4989 4996 3787 1542 3397 2823 2503 4238 4557 5059 3361 1102 3359 4721 5180 5320 5354 5400 4479 1419 3841 5218 3234 4655 4394 4418 4712 5347 5272 5400 5400 5400 5142 5400 5400 5378 3742 4483 4400 1230 3559 3036 2868 4346 4342
4231 5173 5400 5338 5388 5400 5290 5039 2532 3750 5400 5396 5400 5068 4706 3704 5318 4645 5338 5314 5398 5400 5400 4470 3581 5400 5398 3393 4307 2896 2619 3933 5250 5337 5400 5400 5351 5376 5367 5400 5394 3851 2506 3261 4710 5215 3829 1569 2819 4740
2075 5047 5400 5398 5316 5400 5258 1982 3543 4756 5286 5093 4528 5267 2726 2413 4420 4907 5157 4689 5400 4395 4242 3788 4042 4376 4706 2220 658 1838 2068 5321 5400 5400 5400 5398 5304 5400 5400 5400 5285 1587 3439 5270 5388 5400 5400 4702 5254 5003
4237 5318 5400 5400 5361 4939 4856 3324 3160 4100 4067 3618 3641 2200 945 3290 4928 2714 3458 1121 2600 1696 621 1047 3193 4814 4953 2026 1320 2845 2939 5340 5400 5400 5378 5001 4965 4925 5388 5400 5400 3424 5148 5388 5400 5400 5400 5400 5400 5220
4373 4618 4599 5284 5388 4890 4265 5028 5200 4494 4606 1049 331 2665 592 1520 1497 2809 320 1490 2894 2385 3053 1398 2213 3310 3202 439 1372 1265 3212 5299 5271 4115 3989 5329 1631 2096 5394 5400 5400 5160 5400 5400 5400 5400 5230 5191 5212 4477
3946 4217 3921 4198 3820 5005 4647 4118 5342 5144 2736 1517 1756 1854 2827 3490 1695 4084 3517 3455 5071 3192 2808 755 1861 3956 969 930 2857 2921 1585 3109 5195 2763 1549 3739 3244 4674 5388 5400 5400 4657 5351 5353 5344 5400 5381 5400 5380 3595
5093 4999 5339 3396 1869 5190 5206 5184 4967 4179 3065 4407 5123 5065 4405 5083 2671 2106 3933 5365 4576 2183 1342 1260 2305 1293 505 483 1479 3833 546 2214 2530 4563 3928 5065 4211 4696 5116 5400 5400 4931 3057 4434 5400 5362 5318 5396 5400 3563
5077 5400 5400 5378 5242 5351 4764 5267 4807 5324 5275 5400 5400 4637 2786 2413 939 331 2746 5277 3141 989 1607 3947 3644 3382 2453 2614 3907 2492 3237 4372 5114 5334 5271 4852 3829 4536 5366 5400 5400 4863 3563 5269 5400 5230 3947 4183 5032 1971
4473 4966 5046 5400 5400 5351 5168 4784 3083 5272 5358 5400 5400 5397 4160 5037 3444 1844 3203 4404 3298 1427 2039 3185 2065 5202 4662 4083 1690 1576 2652 5368 5396 4930 5238 5107 5113 5034 5025 4939 5068 5249 4572 5400 5400 5330 5020 4265 4456 1666
4892 5378 4679 5389 5400 5400 5400 5372 5259 5400 5400 5388 5356 5305 5259 4635 3782 1737 717 2481 1702 2555 1901 2627 4859 4321 4823 4471 5285 3550 3956 4565 5396 5369 5400 4988 5374 5400 5400 5158 5378 5388 4908 5241 5289 5188 3799 4808 5205 4629
5166 5062 5354 5037 5316 5400 5400 5400 5400 5378 5286 5316 5400 5376 5212 4726 4126 3267 2068 684 383 1634 2569 3816 4642 4139 5114 5342 4519 3872 2741 1607 4575 5400 5400 5263 5397 5400 5400 5374 5282 5299 3770 3844 5335 5344 5400 5359 5400 4619
2945 3325 3605 3588 4600 5191 5400 5172 4421 5354 5226 5382 5400 5400 5370 5318 4563 1342 3901 1665 3153 4726 5378 5388 5368 5400 5310 5137 3356 2921 4351 1650 3860 5211 5400 5400 5400 5400 5400 5381 5198 4588 3270 5117 5400 5086 3996 2919 3703 3332
4702 2820 1394 2415 4142 4243 4459 3406 691 5310 5364 5388 5400 5400 5205 5174 4118 2272 4308 4001 4294 5381 5400 5388 5400 5400 5400 5376 4932 3261 5351 5281 4505 4792 4971 5400 5400 5400 5400 5400 5331 3500 4395 5400 5366 5382 4950 4956 4990 4428
2810 1687 2250 2629 3123 4473 1841 469 2896 4153 3239 4863 5400 5213 4436 4651 4632 5047 5251 3934 4584 4022 5206 5400 5400 5400 5400 5398 5400 5400 5400 5315 5368 5390 5185 3575 5099 3147 5334 5400 5297 3217 4779 5400 5400 5058 4677 4180 2767 1068
2607 2525 4127 1586 1521 3042 1526 48 3784 4042 2524 2825 5347 5038 3052 4642 4700 4286 4871 5138 5225 4212 3624 5305 5301 4805 4528 5165 4971 5029 5327 5340 5344 5400 5378 4612 4295 5215 5286 5400 4685 4922 5275 5400 5400 5253 4075 2408 1252 1966
1062 2704 2642 2959 3292 2963 1775 2878 3631 2417 2594 5249 5400 5291 4849 4348 2707 2924 4022 5254 5152 5140 5151 5321 5016 4507 5109 5370 4980 4841 4691 5181 5358 5242 5358 4437 4550 5129 5214 4557 4028 4195 5400 5378 5400 5390 4934 4002 4964 3024
2317 1317 1767 1986 1823 3262 5355 5365 5337 5394 5266 5400 5400 5267 4628 5010 3737 3215 4292 5326 5131 5070 5058 4985 4672 3082 5183 5400 5322 3914 5077 5347 5396 5344 5208 3680 3922 5381 5400 5400 4955 3052 4090 5028 5400 5400 5398 5049 5270 4084
4975 5306 5009 3638 554 1166 5033 4741 5323 5400 5378 5400 5368 5310 5163 5400 5264 5037 5210 5400 5376 5369 5295 4684 4285 3642 5380 4177 2899 3025 3320 4903 4415 4495 4765 4665 4845 4742 5400 5010 2827 5271 4797 2305 3631 4818 5400 5400 5326 5095
4206 5108 4936 5362 5249 4628 4720 3619 4983 5363 5400 5162 5376 5060 4536 4946 5400 5400 5400 5388 5388 5365 5196 3568 3929 4723 5349 3962 3150 1795 3043 5079 4363 5337 5130 4713 5245 5400 5400 5021 494 1151 4044 3592 4300 4590 5400 5388 5344 3984
3830 4010 3021 4022 3491 3773 5259 5155 5111 4249 5398 5351 2773 4079 5112 4569 4564 5400 5400 5345 5400 5400 5270 4988 4468 5394 5400 5394 5077 3779 4437 5125 5400 5346 5090 5285 4984 5400 5400 3885 1386 441 4107 4595 3811 5400 5394 4604 4135 3270
147 46 9 1138 4568 4668 5400 3721 2460 3020 5236 5219 4059 1555 3671 3482 4531 5400 4712 3074 4501 5345 5388 5388 5377 5360 5400 5400 4809 4105 4189 5382 5400 5400 5222 5096 5324 5388 3231 4829 3883 629 152 2348 5279 5400 5208 5324 3284 1199
143 2559 3358 3877 5361 5400 5378 4697 2907 1378 2912 3642 3733 1267 4340 4466 5275 4951 2547 3566 4134 5239 5400 5400 5400 5400 5400 5354 5147 4826 4300 4986 5379 5400 5354 5341 5400 5400 4064 4778 5086 4620 3160 3874 5400 5400 5025 4738 4005 3400
150 878 4128 4287 3807 4658 4776 4378 4409 613 1118 3112 4267 1843 3682 5318 5400 5400 5400 5387 5340 5400 5400 5378 5076 5400 5366 5332 5398 4984 4063 5159 5400 5400 5400 5400 5376 3828 3638 4765 526 1433 4868 3498 5157 2885 3111 4751 3372 4476
3547 5176 3779 4116 1489 4444 5169 5229 4812 672 2142 2481 4874 5071 2798 5208 5389 5400 5400 5365 3901 5114 5368 4372 254 3490 5362 5060 5284 5183 5257 4700 5376 5400 5400 5400 5400 4947 1070 2012 1850 152 1207 4437 3154 2030 558 4132 4137 4792
2897 4249 1629 2075 4146 5069 4710 5036 4022 777 1317 1327 4406 4618 4746 2737 4911 4676 4582 3447 2909 5384 5294 5187 1372 549 4451 4543 3744 5378 5352 5350 5400 5400 5400 5056 4460 2809 396 1257 2162 941 3606 3332 702 1926 5131 4917 5282 3846
585 1800 1958 4161 5066 3936 4206 4291 1979 2934 3668 3906 4865 4148 4145 2890 4813 4677 4271 1150 329 3477 5335 4497 5176 1455 1025 2772 4643 5366 5400 5190 5011 5250 5251 4966 4230 669 2236 2034 816 1827 4686 3448 2881 3824 4749 5400 5052 4743
237 838 2723 5339 5291 3240 3286 2494 207 3081 3447 2779 3984 3919 2512 4394 3725 1449 1939 2921 656 1826 1189 1658 3926 2955 674 4822 5345 5214 5268 5382 4538 4746 3624 1716 3095 4096 2229 2592 3391 1925 4890 3779 3515 4895 1751 4746 1856 2727
467 959 2156 4569 5366 2892 3204 711 2931 3093 2770 2566 2639 3021 2551 4790 2877 505 407 2729 1807 2480 720 1251 602 1234 4386 5113 4592 4088 4586 5370 4580 3639 4152 4457 5364 5400 5306 3970 5047 3289 254 4415 5141 5240 4622 2391 746 983
1522 1487 1804 3016 2985 4302 319 12 2360 3410 3091 3204 2992 3442 3373 4393 1574 74 900 4038 4337 2609 398 1618 3443 3661 4892 4604 2956 1925 2325 4995 4906 917 4372 4816 5208 5220 5048 3717 3303 181 1308 4445 5148 5220 5021 1984 3232 1136
