data/outputs/Sarzedas de Vasco/2015/resolution_1/CONT_TOTAL_1_40.asc
ncols         37
nrows         37
xllcorner     -8.222016814931
yllcorner      39.947705019877
cellsize       0.000359728640
NODATA_value  -9999
2619 3268 8463 4590 4042 5788 6934 8477 8237 7759 3457 4771 3095 1569 1979 3124 941 4025 5737 1167 3609 8779 7734 7432 9588 9600 9600 9511 9545 9556 8769 6553 9285 9600 9572 6626 9057
3312 4294 5823 7255 4186 8715 9417 8774 7989 6258 2301 1905 1821 2279 858 2803 2447 2339 3023 4404 2917 3679 4793 4752 8862 9582 9600 9581 9554 9557 9291 6376 3402 8592 4255 1870 6857
5031 4958 4767 3855 3467 7833 8094 1769 5213 1555 1143 2663 638 5917 2642 2516 2528 1407 2553 2199 682 1972 1940 1076 2188 7649 9600 9600 9047 9462 9554 8750 3821 6903 4468 6606 4180
8185 6480 2280 1946 1489 3348 5761 7713 2270 1631 3977 1962 2504 1258 683 879 1793 3181 747 2012 2543 5882 5919 1321 202 4368 5269 6782 8327 7906 8183 2525 187 2155 5714 9107 8981
8234 6801 4866 3460 3639 5844 9186 9460 5775 1979 5197 5354 5473 568 922 511 1706 1711 1977 3034 3823 3058 868 3025 3436 4501 4889 5154 9563 6815 7525 302 119 1674 8841 9326 8844
3040 5040 4680 4964 5096 4557 5783 8167 2638 6564 4577 6462 2403 491 0 0 0 36 4068 5953 8584 2547 205 2569 3779 4842 7553 9558 7980 1716 2407 5507 4042 8750 8580 5404 6605
1111 3718 5414 7611 6685 4883 3440 3055 3761 2029 3143 7038 2111 397 0 0 0 0 0 5650 9598 7588 7173 9355 8937 9600 9600 9598 7288 3027 310 5149 9521 8547 4114 4787 6441
6862 4418 7029 5143 5557 3601 4763 4573 3456 1416 5778 8863 9529 5999 4138 774 626 1466 2579 7882 9600 9600 9345 9534 9356 9600 9600 9598 6417 954 2614 9588 8847 2104 733 1315 668
6647 9434 9375 8246 8771 6602 9138 9311 9026 6842 9538 9497 9600 8961 4805 2629 6694 9370 9600 9600 9371 9340 9486 9582 9592 9600 9600 9160 2581 0 5614 9058 8685 9094 9466 8978 8599
9360 9600 8131 9175 9524 9600 9578 9588 9566 9554 9569 9582 9600 8433 274 3643 9550 9600 9600 9600 9109 7107 8434 9510 9600 9450 6538 9167 7462 6168 9587 9411 9588 9600 9531 9600 9600
9327 9600 9600 9443 6084 8239 9588 9600 8562 8590 8391 7357 9164 9557 5377 5863 9600 9600 9600 9545 9440 7305 7554 8184 8447 9414 6727 9438 9524 9460 9597 7557 6680 8792 9312 9556 9600
7943 9598 9493 9301 5204 6127 8282 8119 4908 2898 1195 5454 7891 7053 9412 8122 8300 9043 9600 9600 9600 9212 8832 9346 8852 8293 5248 9265 9576 9600 8721 4121 3717 3599 5511 8798 7633
8388 9515 9562 9513 9554 8837 8783 8181 3844 6066 5671 9033 5614 7296 1981 5577 4647 4592 8122 9600 9600 9600 9548 9392 8726 9196 6430 9473 9600 9600 9556 9495 6432 3819 7574 8576 7688
7493 8980 6883 5652 6939 8525 9232 4670 4694 7896 9590 9487 8445 8242 4924 6304 8103 7876 5820 9078 9598 9491 8890 8999 9600 9600 9600 8683 8919 9539 9256 9133 5804 5523 9383 9556 8786
0 3729 4548 3378 236 807 1911 57 408 7310 7911 5812 4888 3922 5034 9028 9600 9600 8497 7604 8856 9205 7986 9177 9373 8861 9600 9588 9564 9600 8285 3971 2858 8362 9285 8792 6716
5814 7996 9555 8792 8404 5751 2962 4650 3321 7266 8312 5318 2083 5471 8798 9488 9586 8484 3457 8336 6452 8666 7912 8761 9286 8835 9600 9495 9448 9600 9578 6216 7417 3638 7067 5762 8247
6455 9537 9536 9566 9600 8513 4279 8939 9596 9290 8791 6412 9037 9020 9396 9563 9560 8514 7718 9243 6470 6339 4092 7582 9429 9558 9600 9488 9555 9600 8832 3900 6586 8910 9100 3905 6732
7030 9590 9600 9316 9287 5353 6077 8385 9019 8507 4688 4785 7612 7694 5910 8058 3470 4631 7142 7724 5281 2517 3346 8234 9600 9600 9474 9555 9538 9600 9537 4624 9584 9588 9600 9509 9600
7989 8313 9240 9542 8123 7822 8999 7735 3019 1149 2704 2670 4736 2529 2190 3566 4252 2571 3943 7689 2058 2466 3935 8720 9332 7179 9095 3842 7418 9600 9568 9091 9591 9600 9568 9252 9412
7799 7558 6786 6575 9221 7593 9394 6164 3259 4263 5343 6803 3933 7687 6686 8087 5129 2056 3719 3855 1407 5755 3752 4442 8245 3660 6696 6259 8922 9600 9600 8424 9553 9544 9581 9600 9210
9122 9600 8490 7057 9079 9201 8965 8107 9558 9543 7644 7023 2464 3493 8740 5639 1964 4453 5096 2906 2792 4399 3418 5149 7079 8368 8840 7132 8966 9578 9600 6632 7874 9544 8927 8516 8479
8468 8890 9534 9600 9304 8734 6913 9373 9541 9600 7409 7204 4528 3606 7876 4958 3514 5018 5490 8633 6505 3898 3721 9304 9280 9139 9265 8763 9127 9023 9120 7584 9578 9600 8785 7679 7795
8889 9185 9217 9566 9600 9572 9459 9600 9566 9556 9342 8653 6797 3297 2726 2734 2825 4360 7489 8534 7865 8873 6857 7118 9559 9600 9050 9570 9600 9354 9566 8910 9031 9313 8515 8340 9320
7600 8342 8159 9084 9600 9600 9124 9403 9362 9600 9588 8864 5798 4747 2453 3449 6997 8695 9118 9484 9575 5977 6445 2049 7424 9600 9600 9600 9600 9559 9278 6760 7430 9541 8494 6854 7147
6450 3859 4050 7652 7765 7260 4380 9479 9588 9600 9576 9155 6869 5295 7049 8063 9584 9588 9594 9600 9242 7369 7838 8670 8325 8569 9600 9600 9600 9600 9342 6056 9536 9560 9296 8661 9022
5290 3057 5029 5119 5688 611 6325 5738 7670 9552 8499 7276 7787 8921 7764 8194 7493 9600 9590 9544 9450 9600 9600 9476 9558 9578 7455 8409 7980 9600 8913 6958 9437 9480 8557 7279 3559
2769 6777 3222 4755 4839 1180 5942 3788 6531 9594 7586 9053 6482 8479 9385 9334 7522 9448 9074 7750 9167 8435 9140 9206 9530 9438 8400 7724 9556 9468 7964 9583 9596 9600 8905 5155 6287
3885 2746 4198 3832 7204 9527 9271 8812 9535 9600 8693 8116 5902 5440 9173 9137 8752 9103 7604 7954 9600 8966 7969 9143 9543 9525 7246 7814 9504 8672 7433 6320 8897 9600 9600 9247 9294
8997 9151 7761 2703 5733 8175 9303 9598 9580 9544 9045 9159 9290 9221 9600 9564 9480 8178 7025 8635 8377 5565 4152 8266 7557 8403 8404 8794 9041 8947 4628 8801 5152 6480 9508 9600 9476
8142 7527 8740 8787 9208 8584 9295 9403 9313 6884 9164 8393 8990 9600 9533 9553 9483 8040 8213 9137 8156 6745 4808 9096 9255 9392 8801 9294 9600 8492 1834 3742 7585 7415 9592 9046 9199
1010 940 2494 6781 8095 7678 5338 7263 9360 5490 5806 6974 8505 9363 6823 8701 9477 9447 8939 9558 9600 8301 7787 9397 9600 9578 9130 9409 8131 7792 4557 1079 4643 9034 9412 9260 5164
862 5287 6810 9351 9558 8675 4705 2953 5753 4860 5225 8247 9355 7643 6541 8161 9600 9578 9600 9600 9486 9198 8277 8330 9579 9600 9495 9600 8804 7987 7389 7025 6751 9522 9308 7732 6989
3834 6361 7834 4136 8869 8624 6832 1888 4165 8287 5084 9543 9589 9600 9566 8786 9581 8852 5199 9229 9241 9580 8283 8633 9576 9600 9600 9338 5362 5341 904 2691 7223 7145 2179 7049 6175
6431 5549 3879 6765 8829 8939 5856 2447 3040 8483 7408 6237 8926 8494 7381 6145 9420 9095 1377 5506 8570 7826 9536 9449 9600 9600 9256 8156 3415 1596 3490 2912 6365 1951 5802 8326 9221
849 3653 7324 8826 6277 7227 2816 6505 6656 8382 7067 5465 7636 7074 3445 1190 7444 6757 8690 1305 4982 8831 9578 9388 8481 8486 7876 6063 2515 3318 1827 6273 6703 6009 7030 9528 8537
536 2402 7990 8479 5355 3979 3086 5418 4530 5910 5500 7358 5579 1296 4541 2923 2211 2647 3764 2516 8526 9446 8945 9495 8256 9018 4764 7989 7680 7107 7949 4379 6830 7866 6713 5616 1731
2670 2693 5504 6878 4083 497 4896 6030 5487 5332 4838 8204 2181 446 5850 6291 2907 1816 4328 8137 8490 4735 3658 8568 6665 4545 8850 9336 9228 7177 5763 594 6686 9288 9327 5149 3638
