data/outputs/Sarzedas de Vasco/2015/resolution_1/CONT_TOTAL_1_5.asc
ncols         300
nrows         300
xllcorner     -8.222016814931
yllcorner      39.947705019877
cellsize       0.000044966080
NODATA_value  -9999
[rows 192 to 239 of 300, columns 0 to 95 of 300]
120 150 150 150 150 150 139 89 87 52 131 149 150 150 150 150 150 150 150 150 150 150 145 102 118 145 150 150 150 150 150 150 150 150 150 150 150 150 150 150 150 150 150 150 150 150 150 150 150 150 150 150 150 150 150 150 139 129 138 150 150 148 150 150 147 89 132 150 150 150 150 150 150 150 150 150 150 150 150 150 150 150 150 150 150 150 150 150 150 150 150 148 123 141 148 150
120 150 150 150 150 116 71 44 13 38 111 115 133 149 150 150 148 145 109 142 149 150 150 150 150 110 71 138 150 150 150 150 150 150 150 150 150 150 150 150 150 150 150 150 150 150 150 150 150 150 150 148 150 150 150 150 150 150 150 150 149 118 150 148 93 147 150 150 150 150 150 150 150 150 150 150 150 150 150 150 150 150 150 150 150 150 148 140 150 150 150 150 150 141 148 150
16 47 144 133 110 24 17 107 101 109 146 106 119 131 128 150 130 60 22 46 141 150 148 128 147 150 140 66 132 150 150 150 150 150 150 150 150 150 150 150 150 150 150 150 150 150 150 150 150 150 148 28 60 124 150 150 150 150 150 150 142 149 150 150 150 150 150 150 150 150 150 150 150 150 150 150 150 150 150 150 150 150 150 150 150 150 150 150 150 150 150 150 150 150 150 150
0 0 51 45 60 16 68 46 72 82 110 144 127 132 146 110 135 59 2 7 114 139 106 51 133 150 150 145 40 102 150 150 150 150 150 150 150 150 150 150 150 150 150 150 150 150 150 150 150 150 150 129 58 32 148 150 150 150 150 150 150 150 150 150 150 150 150 150 150 150 150 150 150 150 150 150 150 150 150 150 150 150 150 150 150 150 150 150 150 150 150 150 150 150 150 148
0 2 4 23 12 20 42 105 143 140 117 92 84 6 35 37 71 1 0 0 7 88 136 73 94 140 150 140 115 27 76 150 150 150 150 150 150 150 150 150 150 150 150 150 150 150 150 123 130 150 150 150 150 128 150 150 150 150 150 150 150 150 150 150 150 150 150 150 150 150 150 150 150 150 150 150 150 150 150 150 150 150 150 150 150 150 150 150 150 150 150 150 150 150 148 123
89 128 95 67 84 75 145 113 97 108 78 7 24 0 2 81 64 3 5 36 115 129 119 135 61 149 150 150 150 141 79 88 150 150 150 150 150 150 150 150 150 150 150 150 150 150 94 5 2 48 101 125 72 92 150 150 150 150 150 150 150 150 150 150 150 150 150 150 150 150 150 150 150 150 150 150 150 150 150 150 150 150 150 150 132 150 150 150 150 150 150 150 150 150 150 150
117 137 131 128 150 147 56 19 41 20 22 10 0 0 67 81 11 75 104 99 98 102 96 124 92 93 87 148 150 150 150 122 81 147 150 150 150 150 150 150 150 150 150 150 150 150 47 0 0 0 0 3 4 80 150 150 150 150 150 150 150 150 150 150 150 150 150 150 150 150 150 150 150 150 150 150 150 150 150 150 150 150 150 150 146 150 150 150 150 150 150 150 150 150 150 124
112 128 147 41 71 113 31 49 143 148 92 47 0 3 36 1 7 37 70 110 22 30 105 93 39 35 100 148 150 150 150 150 70 43 110 149 150 150 150 150 150 150 150 150 150 122 0 0 0 0 0 0 0 7 144 150 150 150 150 150 150 150 150 150 150 150 150 150 150 150 150 150 150 150 150 150 150 150 150 150 150 150 150 150 150 150 150 150 150 150 150 150 150 150 113 136
120 150 150 133 110 146 85 140 132 130 146 115 2 19 8 10 82 26 46 72 79 24 35 75 24 20 54 130 140 150 150 150 93 30 3 59 150 150 150 150 150 150 150 150 150 148 95 1 0 0 0 0 0 60 150 150 150 150 150 150 150 150 150 150 150 150 150 138 150 150 150 150 150 150 150 150 150 150 150 150 150 150 150 150 150 150 150 150 150 150 150 150 150 150 150 150
118 150 150 150 150 140 42 29 114 148 148 148 64 71 8 39 65 103 83 40 94 82 109 49 25 62 127 135 150 150 138 96 91 143 88 25 56 136 150 150 150 150 119 150 146 146 59 0 0 0 0 0 0 114 150 150 150 150 150 150 150 150 150 150 150 150 150 150 150 150 150 150 150 150 150 150 150 150 150 150 150 150 150 150 150 150 150 150 150 150 148 150 150 150 150 150
110 150 150 146 122 116 27 37 38 138 131 117 46 4 22 67 68 80 46 6 2 5 31 16 84 119 129 148 150 150 139 127 126 148 140 150 52 8 66 145 150 120 111 130 82 78 0 0 0 0 0 0 24 148 150 150 150 150 150 112 133 150 150 150 150 150 150 150 150 150 150 150 150 150 150 150 150 150 150 150 150 150 150 150 150 150 150 150 150 150 128 149 150 150 150 150
120 150 150 150 133 122 136 101 0 17 19 13 38 80 55 24 47 57 93 10 19 100 124 130 150 138 147 138 138 150 132 150 150 150 150 150 141 35 3 37 134 80 148 149 144 35 0 0 0 0 0 0 102 150 150 150 150 150 150 104 131 150 150 150 150 150 150 150 150 150 150 150 150 150 150 150 150 150 150 150 150 150 150 150 150 150 150 148 62 49 28 150 150 150 150 150
88 95 103 150 104 74 121 19 0 0 0 9 69 45 2 20 48 122 59 6 24 115 150 148 150 129 110 133 146 108 127 150 150 150 150 148 104 21 86 38 17 121 150 142 61 0 0 0 0 0 0 15 146 150 150 150 150 150 150 150 150 150 141 141 150 150 150 150 150 150 150 150 150 150 150 150 150 150 150 150 150 150 150 150 150 150 150 78 15 8 126 150 150 150 150 150
105 149 116 145 136 139 89 34 7 0 1 29 18 49 47 73 73 82 23 19 0 57 145 94 139 150 125 31 62 86 109 150 150 150 150 150 146 69 64 34 2 3 51 64 3 0 0 0 0 0 0 58 150 150 148 140 139 147 122 150 150 150 143 139 138 150 150 146 148 150 150 150 150 150 150 150 150 150 150 150 150 150 150 150 150 150 150 150 148 142 150 150 150 150 150 150
48 97 75 33 9 8 25 71 41 2 60 116 37 50 5 36 79 16 59 20 1 61 37 64 89 150 128 81 21 107 148 150 150 150 150 150 135 59 49 17 0 0 0 0 0 0 0 0 0 0 12 137 150 150 150 149 85 109 138 150 148 91 34 64 94 150 147 91 116 150 150 150 150 150 150 150 150 150 150 150 150 150 150 150 150 150 150 150 150 150 150 150 130 148 140 150
7 12 5 6 27 53 69 140 50 0 1 7 6 123 86 70 51 144 106 46 72 70 101 13 5 115 148 108 86 148 150 150 132 138 138 149 98 67 57 50 0 0 0 0 0 0 0 0 0 0 67 150 150 150 150 103 37 91 150 148 37 0 0 0 2 139 67 95 150 150 150 150 150 150 150 150 150 150 150 150 150 150 150 150 150 150 149 140 148 149 119 150 145 120 150 150
14 58 80 62 80 68 125 148 43 12 36 71 64 61 43 38 66 136 137 122 138 106 92 35 4 96 96 7 52 149 138 95 44 34 31 114 144 130 121 23 0 0 0 0 0 0 0 0 0 12 143 150 150 150 147 64 81 47 79 37 0 26 97 58 99 117 34 103 150 150 150 150 150 150 150 150 150 150 150 150 150 150 125 122 91 150 95 135 81 128 104 96 117 128 139 123
55 150 142 149 146 30 89 78 17 90 83 12 21 53 44 120 128 132 102 109 149 112 44 2 0 2 7 29 19 114 98 64 38 76 126 130 45 74 58 15 0 0 0 0 0 0 0 0 0 89 150 150 150 118 148 106 123 71 37 14 0 9 35 45 128 119 122 149 118 92 144 145 150 150 150 150 150 150 150 150 150 145 97 75 40 144 114 98 40 96 74 76 15 43 138 125
107 150 149 134 125 8 52 84 4 3 54 36 24 49 110 150 150 66 40 39 66 121 87 15 2 18 40 10 5 42 107 62 7 11 53 124 118 114 106 0 0 0 0 0 0 0 0 0 0 58 139 150 150 148 140 138 148 146 116 88 58 55 58 81 102 150 97 116 101 68 25 55 148 150 150 150 150 150 150 150 150 150 149 148 148 35 91 83 33 117 32 14 23 95 133 146
78 136 141 80 108 35 36 54 3 43 128 79 106 127 150 140 92 135 67 104 35 133 130 50 13 13 17 13 70 37 15 8 8 0 35 109 117 148 95 2 0 0 0 0 0 0 0 0 55 70 50 129 150 150 150 150 150 110 34 30 98 84 128 3 100 140 134 136 34 77 6 36 121 134 150 150 150 150 150 150 150 150 150 148 139 33 77 106 60 93 60 108 127 150 134 51
9 80 132 128 144 41 32 129 34 98 82 138 150 126 134 148 121 128 118 117 14 44 87 36 37 41 70 42 20 6 3 41 46 24 33 126 126 126 9 0 0 0 0 0 0 0 0 12 130 150 117 33 115 150 150 150 150 148 130 53 75 57 37 79 82 148 70 119 121 16 2 101 146 149 150 150 150 150 150 150 142 147 150 98 36 41 124 87 145 68 148 150 148 150 150 140
2 67 53 83 72 2 11 87 29 105 133 150 150 150 116 139 148 104 70 4 1 2 0 0 10 47 132 134 55 14 37 119 150 128 118 128 139 82 3 0 0 0 0 0 0 0 0 20 146 150 150 127 6 90 150 150 150 149 138 125 8 33 89 33 6 105 59 23 56 0 22 133 150 150 150 150 150 150 150 150 81 140 150 128 69 128 113 128 141 127 149 150 150 150 150 150
5 102 22 99 117 4 0 2 24 105 138 150 150 121 125 111 89 67 72 30 25 10 36 0 41 102 57 54 38 63 104 125 150 150 125 138 129 96 0 0 0 0 0 0 0 0 0 3 118 139 128 136 46 21 131 138 133 135 94 70 72 105 32 67 10 78 15 87 102 120 72 149 150 150 150 150 150 150 150 150 146 150 137 38 64 17 0 21 147 150 150 150 140 148 150 150
0 48 25 88 32 8 32 64 109 43 110 150 150 150 148 83 25 4 4 3 6 14 2 14 53 88 3 65 12 66 71 95 149 150 150 150 117 4 0 0 0 0 0 0 0 0 0 13 144 150 140 60 79 14 49 136 66 10 3 40 84 39 24 43 91 79 81 62 117 141 131 150 150 150 150 150 150 150 150 150 150 140 146 104 13 12 27 89 150 150 150 150 150 150 150 150
0 26 38 77 64 5 19 58 31 34 121 148 150 149 150 135 68 18 11 9 16 3 5 36 19 113 72 36 66 96 87 38 86 63 101 149 118 13 0 0 0 0 0 0 0 0 40 115 150 150 115 32 86 84 14 121 64 14 23 32 45 1 27 65 58 128 116 150 150 150 118 150 150 150 150 150 150 150 150 150 150 150 150 150 148 147 138 150 150 150 134 149 150 150 150 150
0 52 39 27 12 0 20 102 116 84 108 84 133 142 137 85 49 23 129 142 56 53 11 20 35 150 115 92 78 108 51 5 69 22 105 150 74 0 0 0 0 0 0 0 0 5 91 140 150 150 124 88 23 77 5 46 20 20 14 115 18 66 6 26 30 90 150 150 150 150 150 150 150 150 150 150 150 150 150 150 150 148 150 150 150 150 150 150 150 125 102 150 150 150 150 150
0 3 63 46 1 0 14 38 75 63 45 66 150 132 105 13 3 26 92 59 70 86 68 51 111 150 81 122 141 148 117 87 130 52 124 136 66 67 7 0 0 0 0 0 0 4 86 91 81 106 76 63 3 32 18 85 121 41 12 28 65 46 37 6 19 94 148 108 138 150 150 150 150 150 150 150 150 150 150 150 150 140 150 118 131 125 150 150 150 146 144 150 150 131 116 101
7 3 81 75 4 11 86 91 109 117 69 108 146 21 4 11 44 61 100 58 115 147 148 65 148 129 104 138 129 55 19 86 124 147 110 119 37 29 1 6 13 31 55 72 80 91 110 110 127 125 51 19 0 0 19 139 147 38 20 75 39 24 59 15 20 106 138 134 150 150 150 150 150 150 150 150 150 150 150 150 150 150 148 112 112 123 140 150 150 150 150 150 116 69 102 123
42 14 4 15 64 119 135 74 144 46 56 105 146 62 0 28 54 41 142 132 112 150 138 132 84 33 46 102 113 110 36 73 97 125 85 0 0 37 79 93 125 150 150 150 150 150 150 150 150 148 145 149 122 110 77 38 71 91 88 51 130 85 80 99 138 150 150 150 150 150 150 150 150 150 150 150 150 150 150 150 150 150 150 140 128 140 129 102 148 150 126 109 92 75 79 112
9 2 35 41 7 85 55 99 101 56 5 31 47 50 26 92 41 105 128 51 95 127 108 103 56 9 59 74 109 70 140 119 70 43 1 7 96 147 142 150 150 149 142 150 148 150 150 150 150 150 150 150 150 150 149 148 97 126 128 129 122 122 150 150 148 134 150 150 150 150 150 150 150 150 150 150 150 150 150 150 150 150 138 147 101 130 130 77 77 108 86 79 111 52 134 62
0 2 90 57 13 46 103 65 145 18 2 2 2 2 67 106 5 75 106 57 59 34 27 39 8 13 99 50 27 40 66 21 29 50 34 70 146 138 150 150 150 150 149 150 140 150 150 150 150 150 150 150 150 150 150 150 146 150 150 149 150 140 150 150 136 140 150 150 150 150 150 150 150 150 150 150 150 150 150 150 150 150 150 107 107 91 87 76 2 88 117 109 123 100 150 131
5 7 126 81 15 21 13 80 42 0 0 0 2 2 129 115 76 7 46 87 90 27 0 22 34 15 0 11 55 131 119 60 111 70 17 51 132 142 150 150 150 150 150 150 150 150 150 150 150 150 150 150 150 150 150 150 150 150 150 150 150 148 139 85 140 150 150 150 150 150 150 150 150 150 150 150 150 150 150 150 150 138 149 125 111 128 93 72 117 122 132 126 119 136 150 132
97 76 81 95 50 16 33 54 13 31 2 0 0 17 133 140 111 28 7 11 13 18 36 73 50 65 51 14 8 26 42 20 45 98 90 148 150 149 150 150 150 150 150 148 150 150 150 150 150 150 150 150 150 150 150 150 150 150 150 150 150 150 150 150 150 150 150 150 150 150 150 150 150 150 150 150 150 150 150 150 150 150 118 131 150 140 148 150 150 150 148 138 139 150 138 146
26 17 35 87 89 15 3 0 0 6 2 0 12 10 28 60 35 83 51 51 74 51 38 16 0 14 53 83 98 126 111 91 79 128 150 150 150 150 150 150 150 150 150 128 150 150 150 150 150 150 149 150 150 150 150 150 150 150 150 150 150 150 150 150 150 150 150 150 150 150 150 150 150 150 150 150 150 150 150 150 150 150 150 150 150 150 150 150 150 132 118 137 142 150 150 150
36 106 94 102 96 103 120 57 5 9 47 7 11 24 0 12 0 2 3 49 53 3 47 85 71 43 34 117 105 103 49 94 146 150 150 150 150 150 150 150 150 150 150 150 150 150 150 150 150 150 125 114 150 150 150 150 150 150 150 150 150 150 150 150 150 150 150 150 150 150 150 150 150 150 150 150 150 150 150 150 150 150 150 150 139 128 150 150 150 150 146 142 149 150 150 150
7 53 128 150 150 150 150 98 45 15 74 81 130 103 83 27 26 110 134 137 139 134 143 36 5 19 63 76 91 32 29 83 118 150 150 150 150 150 150 150 150 150 150 150 150 150 150 150 150 150 150 150 150 150 150 150 150 150 150 150 148 140 150 150 150 150 150 150 150 150 150 150 150 150 150 150 150 150 150 150 150 150 150 150 150 150 150 150 150 150 150 149 150 150 150 150
116 150 150 150 150 150 150 150 150 128 133 132 86 117 133 68 100 150 150 150 147 97 131 43 5 108 67 17 2 0 11 20 21 139 150 150 150 150 150 150 150 150 150 150 150 150 150 150 150 150 150 150 150 150 150 150 150 150 150 150 150 150 150 149 134 150 150 150 150 150 150 150 150 150 150 150 150 150 150 150 150 150 150 140 148 150 150 150 150 150 150 150 150 150 150 150
120 150 150 150 150 129 139 150 150 150 150 150 122 143 150 150 150 150 150 150 141 86 115 9 0 0 6 3 39 1 0 4 44 122 150 150 150 150 150 150 150 150 150 150 150 150 150 150 150 150 150 150 150 150 150 150 150 150 150 150 150 150 150 150 147 150 150 150 150 150 150 150 150 150 150 150 150 150 150 150 150 150 150 150 150 150 150 150 138 150 150 150 150 150 150 150
120 150 150 150 150 150 150 150 150 150 140 148 121 148 150 150 150 150 150 150 144 96 68 0 0 0 23 7 21 9 0 0 0 4 66 124 150 150 150 150 150 150 150 150 150 150 150 150 150 150 150 150 150 150 150 150 150 150 150 150 150 150 150 150 150 150 150 150 150 150 150 150 150 150 150 150 148 120 150 150 150 150 150 139 150 148 146 150 150 150 150 150 150 150 150 150
107 88 133 150 150 150 150 150 150 150 150 150 150 150 150 150 150 150 150 150 146 37 9 0 0 0 0 0 0 0 0 5 0 0 0 8 143 150 150 150 150 150 150 150 150 150 144 150 150 150 150 150 150 150 150 150 150 150 150 150 150 150 150 150 150 150 150 150 150 150 150 150 150 150 150 150 150 150 138 150 150 150 140 115 150 122 125 150 150 150 150 150 150 150 150 150
41 116 141 150 150 150 150 150 150 150 150 150 150 101 150 150 150 150 150 150 148 29 0 0 0 0 0 0 1 7 0 0 0 0 0 0 40 125 150 150 150 150 150 150 150 88 10 106 150 150 150 150 150 150 150 150 150 150 150 150 150 150 150 150 150 150 150 150 150 150 150 150 150 150 150 150 150 150 150 150 150 150 150 138 150 128 142 149 150 150 150 150 150 150 150 150
119 150 149 150 150 150 150 150 150 150 140 148 150 124 150 150 150 150 150 150 148 86 73 90 55 90 31 58 7 0 0 0 0 0 0 0 0 76 150 150 150 150 150 150 148 33 0 12 73 150 150 150 150 150 150 150 150 150 150 150 150 150 150 150 150 150 150 150 150 150 150 150 150 150 150 150 150 150 150 150 150 150 150 150 150 140 96 120 114 150 150 150 150 150 150 150
118 147 130 150 150 150 150 150 139 139 150 150 150 150 150 150 150 150 150 150 150 150 150 149 150 150 146 150 117 73 62 79 54 7 54 31 0 14 124 150 150 150 150 150 82 44 0 0 40 149 150 150 150 150 150 150 150 150 150 150 150 150 150 150 150 150 150 150 150 150 150 150 150 150 150 138 150 150 150 150 150 150 150 150 150 126 43 86 109 81 88 139 150 150 150 150
99 142 121 128 150 150 150 150 150 150 150 150 150 147 150 150 150 150 150 150 150 150 150 125 136 150 150 150 150 150 150 150 141 64 146 131 48 112 150 150 150 150 150 150 142 148 19 0 50 142 150 150 150 150 150 150 150 150 150 150 150 150 150 150 150 150 150 150 150 150 150 150 150 150 150 150 150 150 150 150 150 150 150 150 150 126 100 131 92 85 65 150 150 150 150 150
63 45 76 13 90 150 150 150 150 139 119 150 147 108 150 150 150 150 150 150 150 150 150 150 150 150 150 150 150 150 150 150 150 125 148 150 150 150 150 150 150 150 150 150 150 105 4 0 77 150 150 150 150 150 150 150 150 150 150 150 150 150 150 150 150 150 150 150 150 150 150 150 150 150 150 150 150 150 150 150 150 150 148 136 150 139 91 150 145 110 125 148 150 150 150 150
32 77 110 135 138 150 150 150 150 150 128 150 146 109 138 150 150 150 150 150 149 150 150 150 150 150 150 150 150 150 150 150 150 150 150 150 150 150 150 150 150 150 150 150 150 117 0 0 45 150 150 150 150 150 150 150 150 150 150 150 150 150 150 150 150 150 150 150 150 150 148 148 150 150 150 150 150 150 150 119 124 150 146 65 139 129 117 150 127 114 63 125 146 149 150 150
54 119 150 149 75 137 150 150 150 150 144 150 86 136 71 114 112 150 150 149 142 150 150 150 150 150 150 150 150 150 150 150 150 150 142 149 131 43 138 150 150 150 150 150 150 136 3 18 131 150 150 150 150 150 150 150 150 150 150 150 150 150 150 150 150 150 150 150 150 150 130 123 150 150 150 150 150 150 150 65 146 150 150 150 119 136 140 150 138 130 128 89 106 142 150 150
119 150 150 148 109 139 150 150 115 140 16 130 136 149 136 99 109 149 150 150 150 150 150 150 150 150 150 128 150 150 150 150 150 150 149 150 141 77 145 150 150 150 150 150 150 150 117 137 150 150 150 150 150 150 150 148 127 138 150 150 150 150 150 150 150 150 150 150 150 147 42 76 138 150 150 150 150 150 126 88 149 150 150 150 150 140 146 150 150 150 150 137 150 150 150 150
