data/outputs/Sarzedas de Vasco/2015/resolution_1/CONT_NORM_1_50.asc
ncols         30
nrows         30
xllcorner     -8.222016814931
yllcorner      39.947705019877
cellsize       0.000449660800
NODATA_value  -9999
43 54 78 70 75 64 94 75 37 32 31 18 29 18 59 9 56 95 87 97 97 98 98 97 89 85 98 92 67 67
32 51 78 35 84 97 85 71 30 14 24 13 31 21 31 43 28 56 43 88 100 99 100 100 90 53 82 61 29 86
61 45 47 29 69 66 38 30 12 19 43 29 25 20 24 23 16 12 22 16 79 100 96 98 99 59 55 47 73 46
85 44 7 24 53 71 62 12 54 52 13 2 14 20 15 23 43 65 28 14 47 52 83 83 65 4 7 63 95 97
57 82 44 46 55 86 66 52 48 58 9 8 2 8 30 45 54 9 7 41 39 66 92 33 57 19 45 96 71 68
14 50 68 76 45 42 43 26 35 63 6 0 0 0 0 48 97 63 80 86 99 100 91 42 6 75 98 56 54 75
66 66 72 60 38 56 55 17 70 99 90 48 8 14 41 77 100 100 98 98 100 100 79 11 46 98 54 25 28 22
85 98 83 94 94 98 100 94 100 100 99 34 50 97 100 100 97 86 99 100 99 94 72 11 81 96 100 99 97 97
98 100 100 85 94 100 100 98 98 95 98 35 51 100 100 100 93 76 84 97 95 68 100 97 100 97 94 100 100 98
88 99 98 60 70 94 62 41 28 67 75 98 85 90 100 100 99 93 94 89 85 73 99 100 82 36 38 64 93 85
90 99 98 97 92 94 43 59 71 91 61 40 61 55 72 100 100 100 97 94 94 82 100 100 99 99 32 74 93 84
48 70 44 37 60 52 37 80 99 91 87 50 79 88 75 81 99 90 87 99 99 99 90 100 88 66 54 99 91 64
30 75 81 53 30 21 12 56 76 20 28 70 98 100 72 75 77 94 95 98 91 100 98 100 90 55 49 81 76 89
78 100 99 100 79 62 99 95 90 73 91 99 99 100 68 96 69 61 66 94 100 100 99 100 89 54 79 91 45 81
79 100 99 94 52 83 82 74 37 66 71 60 65 34 50 85 45 34 64 100 100 95 96 100 86 78 100 100 99 98
80 81 90 88 83 93 61 17 31 36 54 30 63 49 32 57 13 41 62 94 52 71 65 100 96 99 99 100 97 86
92 92 57 97 96 86 65 79 87 75 30 88 60 33 40 29 21 54 34 63 76 81 81 99 100 72 97 97 94 77
91 96 100 97 85 88 99 100 71 63 28 80 43 41 57 86 64 41 70 97 97 91 89 95 96 83 100 92 81 53
94 94 99 100 100 99 99 100 98 86 52 22 23 37 75 84 87 77 66 93 100 96 100 98 100 89 94 92 91 91
66 63 81 96 89 87 98 100 99 89 36 54 65 97 100 100 96 53 59 72 98 100 100 100 97 67 98 91 71 77
58 39 58 70 27 74 82 100 91 88 82 80 84 95 100 100 100 96 100 94 94 87 83 100 86 79 100 94 84 50
36 63 39 48 24 57 52 93 80 83 75 95 97 80 97 86 94 93 96 99 99 84 93 99 87 98 100 93 56 45
50 45 39 70 100 95 97 100 91 83 64 88 95 95 90 75 100 88 94 100 96 70 95 93 73 81 92 100 98 84
89 95 68 65 80 100 100 97 91 97 99 100 100 96 70 90 72 39 67 82 92 90 99 95 32 68 69 91 100 89
44 39 66 84 90 69 99 59 83 79 99 89 98 99 91 100 100 81 85 100 97 95 98 83 25 42 78 100 88 51
11 50 85 99 81 37 57 62 56 85 94 63 86 100 100 100 98 88 85 100 99 99 96 78 80 48 93 97 86 66
51 74 53 84 92 41 40 83 61 99 100 100 88 99 57 87 97 97 87 99 100 100 78 44 13 50 71 30 75 75
44 43 70 83 88 37 43 82 83 68 88 60 55 96 70 26 71 95 99 97 100 90 38 25 24 67 37 65 95 86
12 48 97 62 47 41 53 70 58 79 40 45 23 34 59 30 75 97 98 91 82 55 67 56 51 74 69 71 69 48
22 40 71 50 13 61 56 55 57 71 3 46 59 15 37 70 88 51 72 75 62 95 97 80 60 21 95 98 49 30
