data/outputs/Sarzedas de Vasco/2015/resolution_1/CONT_NORM_1_20.asc
ncols         75
nrows         75
xllcorner     -8.222016814931
yllcorner      39.947705019877
cellsize       0.000179864320
NODATA_value  -9999
48 47 71 66 69 88 92 87 93 95 95 89 45 43 84 95 95 95 84 34 10 53 50 3 0 1 42 66 13 1 9 17 30 29 0 44 75 44 5 0 31 84 95 95 86 86 95 95 95 95 87 95 95 95 95 95 95 95 95 95 95 95 94 95 95 95 95 95 90 61 58 51 36 30 1
69 35 39 12 63 95 49 66 71 89 89 66 46 53 64 97 93 92 74 74 31 8 59 59 40 36 18 9 0 11 58 4 18 0 26 41 95 65 3 0 26 35 99 100 100 99 100 100 100 100 100 100 100 100 100 100 100 98 100 100 100 100 63 74 100 100 100 100 100 100 100 61 84 100 92
5 0 13 71 95 100 73 4 1 8 11 75 98 92 92 100 87 71 84 91 67 39 46 35 26 27 17 21 22 50 30 38 13 9 69 32 37 43 18 27 47 42 75 92 70 53 36 73 100 100 100 100 100 100 96 100 100 100 100 98 83 83 60 77 89 98 100 100 99 99 77 38 94 100 95
7 31 10 56 69 86 95 75 26 21 67 99 100 100 99 96 87 87 82 63 48 16 8 1 4 62 17 1 0 0 4 39 39 3 46 34 12 37 92 75 44 47 50 81 91 76 67 96 94 100 100 100 100 100 99 100 100 100 99 100 100 96 85 72 5 44 83 83 32 19 14 6 81 100 95
18 82 85 27 36 51 94 38 36 92 98 100 95 97 99 71 74 84 63 53 10 23 42 28 3 8 27 50 19 17 1 72 56 4 4 14 32 45 9 7 16 15 2 20 27 5 14 21 75 100 100 99 100 100 100 100 99 99 100 100 93 99 52 56 26 68 97 95 78 48 41 16 33 71 80
24 72 64 16 21 31 20 32 32 87 86 100 85 93 33 5 51 94 25 4 9 4 15 47 2 2 58 56 52 10 12 29 24 37 19 11 39 58 12 16 6 1 20 3 6 63 25 1 34 57 70 100 100 100 100 100 98 96 99 97 100 100 100 98 72 76 89 68 47 20 55 48 57 66 41
41 73 76 51 48 99 93 15 3 21 62 78 77 82 10 26 19 54 32 3 21 13 19 30 0 22 85 47 27 21 39 25 24 20 14 14 1 8 17 47 2 19 59 0 1 10 8 11 0 0 51 97 100 100 100 100 89 94 99 100 100 98 98 69 1 10 78 53 56 64 98 74 29 23 29
68 96 93 90 8 9 20 21 26 6 5 36 32 78 92 98 32 5 13 37 18 16 9 17 33 5 37 15 7 22 20 1 23 12 41 71 18 3 24 10 25 23 29 35 68 71 8 1 0 0 15 87 62 100 100 100 80 84 95 97 91 85 71 9 5 1 29 30 22 93 97 100 95 79 95
76 100 56 31 65 13 4 36 23 8 48 50 79 51 37 94 44 14 3 15 53 78 42 14 53 13 0 0 0 0 3 12 31 10 15 6 10 0 24 26 25 34 88 94 64 44 8 39 6 3 42 38 17 41 10 72 98 84 56 82 98 67 18 7 1 1 6 25 25 98 89 93 100 100 95
64 100 73 18 41 8 2 3 13 44 32 85 93 95 98 99 72 39 1 5 54 82 33 89 99 50 6 4 2 1 1 15 39 14 10 2 20 21 21 52 50 72 34 72 20 2 36 39 43 0 39 77 84 78 27 54 100 100 92 82 100 34 2 0 0 0 0 10 68 100 94 97 100 100 87
81 99 93 100 99 56 68 72 40 54 48 78 95 100 98 99 90 40 30 47 29 52 15 86 77 2 0 14 31 4 0 4 17 1 42 18 22 19 45 9 29 8 5 16 10 4 6 45 80 21 42 30 15 27 68 66 100 99 78 32 94 85 11 0 3 1 0 59 100 100 100 98 89 80 73
72 36 32 95 93 19 33 26 15 50 41 31 28 77 100 84 36 28 83 92 81 71 31 74 7 7 4 0 0 0 0 0 0 0 0 1 60 75 35 84 92 65 26 1 4 3 1 2 46 14 7 37 65 50 99 100 99 61 1 0 20 76 67 24 0 30 67 98 100 100 84 55 43 66 52
12 7 8 75 37 46 66 83 93 55 49 70 59 77 98 58 7 40 83 15 14 25 89 75 46 40 16 0 0 0 0 0 0 0 0 0 10 24 29 100 100 100 66 13 0 1 29 75 52 45 58 100 100 100 100 100 100 73 57 14 0 4 52 86 38 100 100 100 99 59 51 35 77 89 76
0 0 46 75 76 51 79 79 100 79 93 61 48 72 26 49 56 34 79 1 7 33 86 60 39 2 0 0 0 0 0 0 0 0 0 0 0 0 31 93 100 100 50 76 46 68 96 95 76 97 100 100 100 100 100 100 100 86 75 37 1 0 0 70 100 100 100 98 68 69 61 66 87 76 82
25 21 21 13 56 43 89 70 73 27 26 22 13 10 6 47 42 24 5 0 15 76 57 90 44 4 17 0 0 0 0 0 0 0 0 0 0 0 23 87 100 100 91 100 99 86 99 100 100 100 100 100 100 100 100 100 94 25 11 3 0 12 54 90 97 100 100 58 21 13 27 46 35 70 60
87 40 42 26 51 46 42 8 23 32 29 57 41 2 16 16 35 12 21 12 32 88 79 98 99 98 98 14 4 27 1 0 10 8 0 0 0 9 69 94 100 100 100 100 100 89 97 100 100 100 100 100 100 100 100 100 94 73 34 2 0 27 100 100 100 99 71 2 4 0 1 2 5 9 19
87 72 40 77 96 100 94 70 96 80 20 44 69 87 77 81 68 30 13 12 53 68 93 100 100 100 100 38 73 69 31 0 1 8 9 52 59 39 66 100 100 100 100 100 100 100 100 100 91 99 100 100 100 100 100 100 91 10 1 3 0 82 100 100 100 70 8 7 13 14 28 24 7 7 25
37 81 93 100 98 95 92 91 99 72 37 39 81 100 100 100 100 76 26 63 98 99 96 100 100 100 100 79 72 89 23 4 29 50 90 100 100 100 100 100 100 99 94 100 100 100 99 100 100 100 100 100 100 100 100 85 29 0 0 0 12 83 94 91 82 80 91 88 99 100 98 88 83 80 79
63 96 100 100 100 98 90 72 95 100 100 100 100 100 90 98 100 100 95 100 100 100 100 100 100 100 97 98 20 18 8 74 100 100 100 100 100 100 100 100 96 96 99 96 95 100 100 100 100 100 100 100 100 100 100 97 78 1 0 0 40 99 95 98 100 100 100 100 100 96 92 96 95 100 89
95 100 100 100 90 50 93 97 97 100 100 100 100 99 100 100 100 99 99 100 99 100 100 100 100 100 97 90 11 0 22 95 100 100 100 100 100 100 100 100 100 98 78 78 62 97 100 100 100 100 100 100 80 88 92 99 88 24 6 63 100 100 98 100 100 100 100 100 99 99 100 100 100 100 95
95 100 100 100 100 98 100 93 100 100 100 100 100 100 100 100 100 100 100 100 100 100 100 100 100 100 100 65 1 0 6 29 98 100 100 100 100 100 100 100 100 82 76 64 97 96 96 100 100 100 100 94 49 56 91 100 100 99 92 96 100 99 96 98 100 100 100 100 100 99 100 100 100 100 95
95 100 100 100 100 100 100 100 95 54 72 99 100 100 100 100 100 100 100 98 100 99 98 89 100 100 100 99 37 0 0 95 100 100 100 100 100 100 100 100 100 96 75 63 71 55 74 98 100 100 100 100 52 36 93 100 100 100 100 94 100 100 100 100 100 100 100 100 100 100 100 100 100 100 95
94 100 100 100 100 100 100 93 45 59 89 83 100 100 100 100 100 57 69 91 83 68 68 52 94 88 100 100 99 87 66 84 100 100 100 100 100 100 100 98 100 98 86 81 95 94 82 86 67 85 92 100 92 100 100 100 100 97 100 100 100 100 61 54 46 33 68 98 100 89 99 100 100 100 95
78 100 100 100 100 100 100 99 55 39 82 46 96 99 100 91 42 49 21 21 12 23 48 44 82 99 79 95 100 100 93 48 87 100 100 100 100 100 100 100 100 100 100 92 100 99 95 97 87 82 78 83 80 84 97 100 100 99 100 100 100 74 20 44 39 28 23 43 39 38 84 88 94 84 94
53 100 100 100 96 100 89 100 67 56 81 47 66 85 94 53 14 100 60 19 13 2 41 94 92 56 24 97 94 98 100 97 87 72 77 100 100 100 100 100 100 100 100 93 91 78 98 100 100 100 100 84 24 32 89 100 100 100 100 100 100 89 55 53 36 51 31 53 68 85 100 94 80 60 89
88 93 100 100 100 100 100 100 100 100 96 84 78 94 97 69 7 98 95 54 17 33 87 100 64 35 29 96 38 16 59 49 47 65 41 41 95 100 100 100 100 100 100 100 98 100 97 100 85 93 88 96 55 61 97 100 100 100 100 100 100 99 97 99 97 47 68 47 68 64 73 85 80 42 85
79 90 96 100 98 100 97 100 100 99 91 98 97 96 93 82 22 33 56 48 97 89 92 98 94 41 79 99 11 18 72 53 66 16 34 76 43 100 100 100 100 100 100 100 100 100 100 95 91 95 99 100 66 86 98 100 100 100 100 100 100 100 100 100 99 24 7 37 84 100 99 100 100 99 95
91 98 99 90 76 75 79 68 75 83 90 98 100 99 78 60 46 13 55 81 100 100 100 98 92 69 96 82 65 67 48 94 97 94 100 76 46 67 100 100 100 100 100 100 100 99 90 100 100 100 100 100 100 100 100 87 88 100 100 98 95 100 100 100 100 40 22 49 94 100 98 100 100 100 90
47 77 92 93 64 72 49 40 61 71 77 90 91 95 28 29 62 75 93 100 100 100 100 97 97 94 96 70 30 44 24 97 76 70 81 72 73 57 78 100 100 100 95 100 94 77 85 100 100 100 100 100 100 100 97 78 83 100 100 100 99 92 91 89 81 21 60 100 97 100 100 100 100 66 13
0 0 35 73 39 1 29 24 0 0 12 19 37 26 1 2 4 13 72 100 95 96 100 97 55 96 69 51 79 17 87 100 100 100 100 100 100 86 68 75 100 100 100 84 62 71 90 95 95 98 99 92 100 100 100 100 100 100 100 100 83 79 62 32 6 39 57 99 100 100 95 87 40 42 85
0 0 0 47 79 70 43 45 10 0 1 1 14 3 0 0 0 0 35 98 98 40 32 13 14 39 10 33 21 93 89 100 100 100 100 100 94 74 97 77 69 100 100 100 100 100 100 98 99 99 82 95 100 100 100 100 100 99 100 100 98 85 46 25 28 46 92 100 100 87 95 90 100 99 80
29 28 48 89 100 100 92 76 86 65 39 37 55 1 37 5 0 0 48 96 92 88 44 15 1 0 11 30 75 92 100 95 100 100 99 90 55 11 55 100 68 63 100 100 100 96 95 99 100 89 69 99 100 100 100 100 100 100 100 100 100 100 75 47 92 34 13 66 95 62 68 87 98 92 86
91 94 96 99 99 100 100 99 100 99 97 66 16 52 73 79 75 63 69 90 78 88 99 64 21 65 88 99 100 100 100 100 100 100 98 66 13 65 100 92 100 38 78 83 66 68 84 87 99 99 100 100 100 100 100 96 94 100 100 100 99 100 48 89 90 94 43 29 63 75 38 47 67 86 78
90 97 100 100 100 98 100 100 100 100 94 96 55 41 86 100 100 100 100 93 95 97 90 87 99 85 87 100 99 96 100 100 100 100 100 76 36 97 100 100 100 49 90 62 61 38 70 58 95 99 98 100 100 100 100 100 100 99 100 100 100 100 66 24 72 36 73 98 100 92 26 37 42 80 94
28 55 97 100 100 100 99 100 100 100 100 65 37 46 86 100 100 100 97 97 99 74 38 52 100 93 89 100 96 100 100 99 98 100 100 79 89 99 88 97 98 23 49 63 26 45 93 95 99 100 100 100 100 100 98 97 100 100 100 100 100 68 26 46 76 91 100 100 93 95 57 43 68 91 73
35 88 100 100 100 100 99 99 100 100 73 4 66 94 96 97 92 93 71 96 96 48 13 64 74 82 95 100 72 91 100 100 61 58 88 45 49 90 77 76 95 17 0 24 29 14 67 100 100 100 100 100 100 100 98 100 100 100 100 100 100 97 14 59 100 100 100 100 100 100 100 96 100 100 94
70 100 100 100 100 100 100 91 89 98 98 47 26 66 76 80 97 93 91 97 40 12 43 79 81 80 53 72 69 15 67 69 25 1 21 39 76 83 83 86 71 37 26 55 59 38 76 100 100 100 100 100 99 96 100 100 98 100 100 100 100 100 30 91 99 100 100 100 100 100 100 100 100 100 95
59 91 100 99 100 100 100 100 100 82 59 75 95 93 74 71 53 4 11 9 3 0 0 86 84 71 39 7 29 16 5 5 36 21 13 12 25 59 74 97 68 9 1 46 14 73 98 100 100 100 100 100 89 91 57 35 52 100 100 100 100 99 83 99 100 100 100 100 100 100 100 100 100 100 83
91 92 70 78 86 100 100 98 81 76 93 100 100 87 89 89 66 2 0 28 90 20 6 20 13 30 47 13 1 45 74 64 54 66 43 39 39 42 84 66 7 2 12 44 27 50 66 100 95 94 52 47 100 99 30 37 58 100 100 100 100 100 97 100 100 100 100 100 100 99 88 98 95 98 76
76 76 72 89 57 82 69 77 95 90 51 83 98 100 98 52 77 16 34 37 29 20 54 56 33 50 99 76 43 52 98 89 55 76 24 10 35 39 64 15 28 8 37 92 24 21 52 76 99 81 15 18 57 70 66 87 92 100 100 100 100 100 82 99 100 98 98 100 100 99 100 100 100 99 60
84 89 79 76 91 53 38 90 100 100 89 93 100 93 69 37 20 23 39 67 78 96 98 76 61 20 62 84 85 99 95 55 61 22 48 3 16 66 76 6 11 12 11 100 81 30 24 33 63 100 82 38 71 80 56 52 83 98 100 100 100 100 74 96 100 100 100 100 100 100 100 100 100 85 62
95 91 100 100 99 56 15 86 93 93 99 100 91 93 76 64 99 100 100 98 92 67 93 99 72 4 39 61 79 100 77 80 16 32 18 24 69 18 10 13 11 18 8 49 61 7 13 55 23 79 85 70 96 93 91 80 95 91 99 100 100 100 93 23 61 82 100 100 98 99 97 100 100 83 59
95 100 100 100 100 100 93 100 99 93 86 98 96 94 98 100 99 100 100 100 86 73 63 37 24 2 2 44 86 100 69 9 9 25 67 77 68 57 59 40 10 78 71 56 32 43 78 69 97 96 99 95 100 79 67 59 89 99 100 100 100 100 99 61 88 97 100 98 96 78 83 75 94 76 38
82 100 100 99 99 100 100 100 97 92 93 99 68 95 94 97 98 100 100 100 82 40 38 68 38 2 14 36 83 85 97 36 42 21 22 76 50 86 85 78 51 61 89 35 35 53 98 98 99 95 100 100 100 98 94 75 91 89 99 100 99 89 78 57 99 100 100 100 97 73 76 64 87 77 2
72 100 82 89 99 100 100 100 100 99 84 88 31 95 100 100 100 100 100 100 100 86 95 100 84 65 43 58 69 90 55 19 33 50 49 62 8 84 99 98 88 71 25 13 47 20 92 100 100 93 88 93 97 90 96 100 100 100 94 82 93 99 100 81 100 100 100 100 99 98 100 81 74 86 12
88 100 99 88 84 100 100 100 100 100 100 99 96 98 100 100 100 100 99 100 100 94 100 98 73 37 6 0 49 62 59 38 48 39 52 65 86 96 78 95 82 91 98 90 60 73 58 94 100 99 100 100 100 99 100 100 100 100 100 100 100 100 100 84 100 100 100 100 97 64 66 87 94 94 84
89 94 98 97 100 100 100 99 100 100 100 100 100 100 100 100 100 99 99 100 95 100 99 64 83 90 86 45 2 0 1 16 17 14 31 34 94 37 82 100 78 77 82 100 62 90 78 66 100 100 100 100 100 79 99 100 100 100 100 90 99 100 100 88 91 85 98 90 98 95 100 95 100 100 76
95 100 92 98 99 86 98 100 100 100 100 100 100 100 99 97 99 98 100 100 100 100 84 88 81 31 51 46 33 10 0 33 49 58 66 97 95 86 95 100 100 100 97 58 70 35 24 18 66 100 100 100 100 100 100 100 100 100 100 99 95 100 96 64 50 78 98 100 100 100 100 100 100 100 79
66 56 65 93 67 88 88 93 100 100 100 100 94 86 98 98 94 100 100 100 100 100 100 98 98 32 19 82 41 18 43 67 86 99 100 100 99 100 100 100 99 100 62 32 74 91 31 13 64 80 100 100 100 100 100 100 100 100 100 99 93 99 79 42 84 97 100 100 88 66 47 38 45 52 62
56 51 54 19 29 61 74 83 87 100 100 66 36 72 100 100 100 100 100 100 100 99 100 96 77 52 34 57 79 63 73 96 99 100 100 100 100 100 100 100 92 94 93 29 41 100 83 79 82 95 88 100 100 100 100 100 100 100 100 100 100 99 77 65 100 100 100 100 99 91 79 86 94 98 86
94 68 65 23 38 40 68 94 70 66 91 45 0 75 96 98 100 100 100 100 100 100 86 100 94 64 43 87 72 80 72 95 100 100 100 100 100 100 100 100 100 100 100 85 88 98 100 100 70 100 87 82 100 100 100 100 100 100 100 100 100 91 39 72 97 100 100 98 100 98 98 98 91 93 64
51 46 13 31 40 48 74 79 98 45 23 3 18 97 86 64 82 98 100 100 100 97 86 97 92 99 100 97 83 61 93 71 87 100 100 100 100 100 100 100 100 100 100 100 100 100 100 100 100 100 100 99 62 66 100 87 77 100 100 100 98 97 52 89 97 100 100 100 99 99 94 86 74 61 19
70 53 30 54 68 55 15 45 39 54 0 0 56 92 54 35 77 62 98 100 92 66 50 70 63 70 86 89 82 98 97 81 62 62 100 100 100 100 100 98 94 100 100 100 100 100 100 95 99 100 100 100 95 87 87 76 59 97 100 100 100 76 62 87 96 100 100 95 86 73 71 52 13 0 0
39 32 66 89 46 12 40 36 80 34 0 2 84 66 66 36 46 60 100 100 85 40 95 99 97 79 91 91 100 99 96 98 67 55 100 96 99 91 82 79 88 96 85 90 92 97 99 100 98 100 100 100 99 72 85 70 100 100 95 100 100 70 100 100 100 100 100 100 100 78 64 22 25 57 44
22 22 57 69 37 39 67 54 70 17 7 40 67 31 33 23 68 98 100 100 97 94 96 88 57 37 79 92 96 96 96 99 99 92 99 99 98 91 74 88 100 99 96 81 97 95 85 99 99 100 94 99 98 80 77 90 98 100 99 100 98 64 99 100 100 100 100 100 100 94 58 71 85 95 40
22 41 31 36 48 52 29 54 36 79 98 100 100 89 82 85 97 100 100 100 96 71 70 73 66 22 33 55 90 97 93 96 85 95 99 98 89 71 92 98 100 100 98 88 70 86 87 100 100 98 99 99 98 76 78 98 100 97 86 75 62 50 39 99 100 97 100 100 100 100 100 99 100 90 57
50 49 14 33 35 40 31 46 85 100 99 100 97 100 100 100 100 100 100 100 98 98 96 98 75 83 72 66 98 98 95 96 94 91 93 89 98 58 49 93 100 100 98 90 77 100 95 100 100 100 99 100 83 46 50 99 99 100 100 100 100 98 66 60 77 97 100 100 100 100 99 88 100 97 59
91 99 97 89 98 53 10 5 47 100 100 100 100 100 100 100 99 100 100 98 97 97 100 100 95 92 92 92 100 100 100 99 99 100 99 91 97 43 61 99 98 60 63 79 85 75 97 100 100 92 82 86 93 83 83 96 77 100 100 97 69 83 100 94 55 44 69 87 99 100 100 100 100 100 91
85 100 99 97 100 73 59 39 26 66 100 41 88 100 100 100 100 100 100 100 100 83 82 100 100 100 100 100 100 100 100 100 100 96 97 54 64 89 100 100 100 91 52 38 8 5 60 88 51 71 94 88 97 78 88 100 100 100 100 76 1 40 89 84 56 60 79 35 98 100 100 100 99 96 83
66 91 89 84 97 100 99 100 98 91 100 58 92 100 99 100 100 90 100 92 94 91 84 98 100 100 100 100 100 100 100 98 100 97 88 60 73 82 83 98 87 53 46 54 29 62 97 97 88 97 99 96 89 94 100 100 100 100 100 95 20 0 4 68 74 79 91 66 100 100 100 100 98 100 55
95 87 78 63 85 84 80 87 99 95 100 100 100 96 93 100 100 98 56 40 100 97 81 87 75 100 100 100 99 99 100 100 100 98 98 90 88 100 100 100 100 100 98 83 44 66 91 94 100 100 98 99 86 98 87 100 100 100 100 59 30 26 8 76 71 92 57 95 100 100 87 90 93 93 55
10 27 32 6 36 46 49 45 40 99 100 80 66 75 49 99 99 100 67 23 78 100 83 90 84 99 100 94 95 99 100 100 100 97 99 95 77 96 98 100 100 100 91 98 97 83 92 100 100 100 100 100 100 98 93 100 100 100 100 68 33 0 5 35 61 69 76 100 100 100 99 89 35 39 40
0 5 1 0 3 19 90 99 98 100 91 49 50 31 58 96 92 99 91 48 18 47 54 63 75 96 100 96 62 29 64 99 98 100 100 100 100 100 100 100 100 100 95 61 73 71 99 100 100 100 100 99 93 90 99 100 100 39 65 92 99 57 5 0 14 50 100 100 100 93 98 100 83 58 1
0 36 62 50 37 82 98 100 100 100 100 72 41 39 26 55 73 93 100 26 36 74 75 84 96 95 86 39 22 54 59 89 100 100 100 100 100 100 100 100 100 100 93 91 89 98 75 96 99 100 100 100 96 99 100 100 100 85 54 96 100 100 73 29 57 91 100 100 100 97 83 96 83 54 49
0 0 15 93 84 80 94 98 100 98 97 93 88 29 16 26 22 52 62 15 31 77 93 92 99 100 100 93 98 99 92 100 100 100 100 99 100 100 100 100 100 95 100 100 86 72 82 95 100 100 100 100 100 100 100 100 100 82 83 100 70 38 96 95 39 94 100 97 99 91 73 71 82 72 95
1 14 27 55 96 74 78 36 98 80 83 78 89 59 2 25 40 64 96 69 29 47 100 100 100 100 100 100 100 100 98 100 100 100 100 100 87 100 100 100 99 100 100 100 90 69 86 99 100 100 100 100 100 100 100 89 45 66 67 86 1 0 8 86 94 57 99 61 29 41 86 96 71 46 84
46 99 98 84 85 71 34 25 100 92 100 98 100 37 2 51 34 36 81 100 92 43 98 100 100 100 100 100 100 99 96 72 99 100 100 69 1 30 85 99 97 89 99 100 91 95 87 87 100 100 100 100 100 100 100 100 83 29 2 68 32 5 5 13 81 69 58 80 20 0 37 74 77 64 94
44 90 81 51 39 37 63 61 96 98 95 93 93 33 41 19 27 38 84 100 75 50 70 65 100 100 100 92 79 73 73 72 98 99 100 87 5 0 61 100 99 99 92 100 100 98 98 96 100 100 100 100 100 99 100 96 73 18 0 35 71 5 0 25 77 91 11 47 23 55 69 92 92 95 59
49 84 69 30 35 51 58 100 94 79 94 91 93 24 5 36 24 38 79 91 89 94 89 37 80 92 78 84 89 67 44 66 100 96 98 94 52 0 3 66 92 68 35 99 100 100 100 100 100 100 100 100 98 88 66 78 38 14 4 28 23 46 25 71 65 32 18 5 64 100 92 94 98 99 75
6 6 36 45 55 73 90 100 55 77 81 80 56 35 54 68 77 86 90 94 76 84 48 72 98 87 88 85 55 4 2 27 86 100 89 99 96 68 0 2 71 53 76 100 100 100 100 97 86 96 100 98 100 95 88 35 0 21 43 40 13 14 36 78 87 52 56 44 56 94 100 100 100 89 93
0 23 54 17 81 96 99 79 70 60 76 65 11 16 84 64 47 67 79 87 60 74 34 74 72 61 67 54 72 12 0 20 48 76 50 44 100 98 43 10 21 63 92 100 99 100 97 97 92 79 82 73 76 57 63 66 41 43 32 23 26 23 47 100 98 42 51 99 96 47 97 100 93 74 76
10 5 4 42 83 100 100 79 59 57 72 28 0 36 50 69 58 38 78 66 75 55 46 93 90 38 9 27 31 88 26 12 41 7 17 46 46 86 26 0 70 98 98 100 92 97 98 99 96 84 100 86 29 33 60 74 76 44 78 55 81 66 26 93 72 78 57 88 84 18 53 84 11 31 33
4 3 23 32 55 96 100 74 51 57 56 10 38 54 60 47 33 59 60 42 59 40 86 81 81 23 10 8 9 61 25 59 34 10 12 35 18 7 20 58 99 89 100 96 84 100 100 99 97 68 96 94 60 76 100 99 100 100 100 64 97 88 58 6 36 100 100 84 99 78 74 24 0 31 21
34 37 13 46 55 91 96 98 70 33 21 0 40 58 64 48 53 65 31 61 71 21 89 94 51 4 3 5 6 90 57 21 43 19 1 24 23 0 58 100 100 97 55 36 68 23 84 100 95 29 28 65 96 92 99 100 100 98 94 58 97 70 9 0 20 87 100 100 100 100 93 22 28 20 3
13 28 30 22 54 29 24 70 66 1 0 0 43 63 71 68 51 60 55 75 50 60 91 68 34 1 1 9 63 85 94 90 45 14 1 50 93 64 89 92 82 75 65 41 20 41 81 92 95 59 19 78 89 92 95 95 95 92 95 52 58 16 1 15 82 90 92 95 95 94 69 31 74 28 47
