data/outputs/Sarzedas de Vasco/2015/resolution_1/CONT_NORM_1_60.asc
ncols         25
nrows         25
xllcorner     -8.222016814931
yllcorner      39.947705019877
cellsize       0.000539592960
NODATA_value  -9999
36 73 60 69 69 92 61 39 23 21 24 28 43 32 90 82 97 98 98 98 86 91 98 72 70
44 44 50 83 89 72 40 20 20 23 31 19 37 25 34 41 81 100 100 99 92 57 75 30 69
75 46 27 35 60 43 22 26 28 16 20 22 12 23 49 22 13 71 83 88 81 12 36 90 72
72 59 30 51 87 65 47 59 28 6 9 10 35 51 21 15 32 51 79 60 54 7 56 92 77
16 52 81 54 45 40 24 66 23 0 0 0 13 98 60 72 81 100 99 42 14 87 83 48 73
64 76 68 45 64 57 37 91 99 52 11 35 60 99 99 98 99 100 89 14 55 91 43 39 35
94 93 93 100 99 100 99 100 99 34 59 100 100 97 83 99 100 85 94 42 92 100 100 98 97
96 100 87 69 99 82 66 65 93 80 75 100 100 99 85 87 88 81 99 99 84 60 75 89 96
89 99 95 83 89 53 51 71 57 63 70 58 93 100 98 96 94 67 98 100 93 67 51 89 81
60 65 47 60 61 34 88 99 85 56 80 88 75 97 93 90 99 99 93 100 89 56 75 98 71
43 87 72 45 28 25 78 54 28 71 98 95 63 79 92 92 93 99 99 100 84 60 67 72 87
77 100 100 81 67 98 94 63 89 95 95 83 81 73 45 65 99 100 99 100 75 67 96 72 82
86 96 95 81 78 62 41 29 55 30 44 28 63 49 31 78 93 91 63 100 90 99 100 98 94
85 78 74 89 91 54 64 73 49 75 70 29 44 13 51 35 70 66 78 99 94 84 100 100 83
92 98 99 93 86 99 96 67 30 72 41 50 66 64 45 72 96 95 86 96 95 87 99 81 61
95 95 100 100 99 99 99 92 60 28 29 51 83 91 80 60 96 97 100 99 99 82 98 90 92
64 51 84 85 73 99 100 98 57 64 81 100 100 98 67 77 85 98 100 100 86 84 98 78 76
45 49 56 18 69 62 97 78 86 89 84 90 97 95 96 99 100 87 82 99 84 97 98 71 33
34 43 52 71 78 86 99 87 58 87 95 95 80 98 88 94 99 86 88 95 75 92 100 90 80
91 88 54 84 98 99 98 93 98 99 100 87 77 87 50 76 86 89 94 96 45 68 80 100 91
37 38 76 90 69 98 58 78 92 86 96 97 95 100 82 89 100 96 98 80 29 52 92 95 55
17 72 89 89 43 50 51 82 97 78 93 100 98 99 94 86 100 100 93 80 54 71 87 82 71
73 54 70 93 48 34 88 72 94 87 80 94 26 90 91 96 100 98 82 22 24 58 36 68 84
16 66 81 66 38 64 78 65 68 48 29 59 63 43 95 98 90 72 56 42 37 78 70 77 67
21 53 72 20 55 54 56 70 23 37 52 18 41 88 63 80 65 82 98 84 55 48 96 65 28
