data/outputs/Sarzedas de Vasco/2015/resolution_1/CONT_TOTAL_1_60.asc
ncols         25
nrows         25
xllcorner     -8.222016814931
yllcorner      39.947705019877
cellsize       0.000539592960
NODATA_value  -9999
7853 15826 12860 14808 14825 19792 13199 8440 4977 4609 5180 5999 9227 7011 19482 17714 21033 21240 21151 21141 18538 19736 21099 15495 15164
9435 9460 10781 17967 19248 15604 8568 4412 4383 4905 6652 4126 8075 5439 7237 8830 17523 21578 21514 21333 19778 12389 16110 6446 14977
16306 9929 5790 7554 12907 9240 4695 5718 5963 3349 4265 4850 2526 5040 10487 4778 2813 15405 17996 18972 17418 2503 7769 19344 15471
15581 12645 6506 11116 18812 14071 10109 12767 6045 1352 1857 2106 7637 11080 4538 3310 6983 11097 17085 13064 11761 1413 12065 19845 16557
3355 11323 17536 11581 9823 8557 5252 14213 4967 0 0 0 2836 21132 12965 15573 17456 21600 21433 9114 2960 18748 17851 10262 15664
13900 16500 14765 9824 13744 12408 7953 19692 21477 11145 2364 7605 13004 21423 21468 21261 21348 21600 19158 2942 11940 19698 9192 8488 7513
20370 20086 20058 21572 21338 21508 21412 21582 21445 7271 12781 21600 21600 20914 17869 21341 21600 18388 20263 9144 19853 21500 21566 21174 20974
20808 21600 18894 14953 21462 17728 14270 14129 20191 17214 16128 21600 21600 21385 18274 18734 18994 17444 21376 21360 18096 13057 16109 19119 20699
19165 21453 20449 18006 19221 11457 10996 15259 12332 13606 15107 12507 20122 21600 21163 20801 20409 14485 21200 21600 20149 14572 11104 19204 17503
12903 14016 10187 12959 13281 7278 19098 21308 18324 12092 17351 19019 16185 20995 20030 19376 21425 21419 20000 21539 19217 12194 16262 21116 15262
9283 18794 15589 9748 6014 5330 16895 11600 5979 15411 21215 20484 13549 16968 19847 19833 20053 21457 21320 21576 18049 13055 14430 15560 18859
16525 21536 21504 17568 14580 21175 20263 13548 19289 20497 20593 17900 17399 15717 9698 13940 21387 21598 21431 21567 16117 14475 20713 15499 17815
18545 20683 20577 17473 16954 13339 8837 6347 11947 6389 9574 6118 13530 10620 6801 16789 20186 19697 13616 21582 19383 21336 21600 21220 20309
18254 16853 15883 19154 19631 11724 13797 15805 10556 16269 15021 6164 9414 2885 11090 7454 15050 14280 16824 21304 20388 18195 21506 21495 17937
19916 21224 21344 19983 18485 21433 20834 14396 6556 15630 8854 10777 14292 13811 9665 15629 20774 20468 18511 20730 20579 18803 21360 17414 13124
20497 20458 21516 21572 21437 21390 21437 19831 12912 5949 6273 10912 17960 19750 17225 12868 20739 21050 21570 21331 21347 17763 21155 19365 19853
13792 11002 18175 18436 15775 21359 21600 21066 12294 13874 17554 21554 21568 21223 14469 16632 18367 21171 21600 21581 18616 18182 21234 16820 16453
9629 10591 12158 3884 14874 13451 20996 16780 18665 19192 18042 19535 20905 20491 20800 21382 21502 18750 17755 21420 18119 20854 21110 15339 7052
7399 9354 11339 15372 16779 18508 21357 18834 12582 18894 20492 20514 17276 21061 19057 20296 21339 18682 18981 20571 16229 19896 21590 19383 17342
19595 18945 11595 18113 21068 21340 21114 20044 21101 21398 21498 18743 16579 18868 10869 16345 18610 19271 20231 20831 9742 14737 17338 21588 19749
8032 8190 16500 19535 14840 21204 12465 16833 19894 18531 20646 21034 20599 21594 17769 19133 21546 20693 21095 17344 6338 11201 19890 20530 11887
3729 15650 19225 19228 9306 10783 11110 17805 21025 16899 20113 21578 21276 21452 20355 18508 21579 21495 20004 17244 11665 15400 18842 17624 15252
15868 11599 15148 20144 10282 7267 18969 15488 20376 18794 17307 20221 5664 19416 19589 20659 21576 21256 17616 4734 5104 12581 7810 14738 18056
3460 14180 17533 14277 8200 13799 16916 13941 14664 10281 6287 12678 13511 9292 20568 21240 19545 15557 12089 9090 7958 16803 15114 16646 14378
4434 11545 15544 4245 11794 11630 12092 15106 5029 8073 11233 3986 8940 18994 13560 17275 14041 17796 21192 18041 11820 10422 20749 14017 6097
