data/outputs/Sarzedas de Vasco/2015/resolution_1/CONT_NORM_1_40.asc
ncols         37
nrows         37
xllcorner     -8.222016814931
yllcorner      39.947705019877
cellsize       0.000359728640
NODATA_value  -9999
27 34 88 48 42 60 72 88 86 81 36 50 32 16 21 33 10 42 60 12 38 91 81 77 100 100 100 99 99 100 91 68 97 100 100 69 94
35 45 61 76 44 91 98 91 83 65 24 20 19 24 9 29 25 24 31 46 30 38 50 49 92 100 100 100 100 100 97 66 35 89 44 19 71
52 52 50 40 36 82 84 18 54 16 12 28 7 62 28 26 26 15 27 23 7 21 20 11 23 80 100 100 94 99 100 91 40 72 47 69 44
85 68 24 20 16 35 60 80 24 17 41 20 26 13 7 9 19 33 8 21 26 61 62 14 2 46 55 71 87 82 85 26 2 22 60 95 94
86 71 51 36 38 61 96 99 60 21 54 56 57 6 10 5 18 18 21 32 40 32 9 32 36 47 51 54 100 71 78 3 1 17 92 97 92
32 53 49 52 53 47 60 85 27 68 48 67 25 5 0 0 0 0 42 62 89 27 2 27 39 50 79 100 83 18 25 57 42 91 89 56 69
12 39 56 79 70 51 36 32 39 21 33 73 22 4 0 0 0 0 0 59 100 79 75 97 93 100 100 100 76 32 3 54 99 89 43 50 67
71 46 73 54 58 38 50 48 36 15 60 92 99 62 43 8 7 15 27 82 100 100 97 99 97 100 100 100 67 10 27 100 92 22 8 14 7
69 98 98 86 91 69 95 97 94 71 99 99 100 93 50 27 70 98 100 100 98 97 99 100 100 100 100 95 27 0 58 94 90 95 99 94 90
98 100 85 96 99 100 100 100 100 100 100 100 100 88 3 38 99 100 100 100 95 74 88 99 100 98 68 95 78 64 100 98 100 100 99 100 100
97 100 100 98 63 86 100 100 89 89 87 77 95 100 56 61 100 100 100 99 98 76 79 85 88 98 70 98 99 99 100 79 70 92 97 100 100
83 100 99 97 54 64 86 85 51 30 12 57 82 73 98 85 86 94 100 100 100 96 92 97 92 86 55 97 100 100 91 43 39 37 57 92 80
87 99 100 99 100 92 91 85 40 63 59 94 58 76 21 58 48 48 85 100 100 100 99 98 91 96 67 99 100 100 100 99 67 40 79 89 80
78 94 72 59 72 89 96 49 49 82 100 99 88 86 51 66 84 82 61 95 100 99 93 94 100 100 100 90 93 99 96 95 60 58 98 100 92
0 39 47 35 2 8 20 1 4 76 82 61 51 41 52 94 100 100 89 79 92 96 83 96 98 92 100 100 100 100 86 41 30 87 97 92 70
61 83 100 92 88 60 31 48 35 76 87 55 22 57 92 99 100 88 36 87 67 90 82 91 97 92 100 99 98 100 100 65 77 38 74 60 86
67 99 99 100 100 89 45 93 100 97 92 67 94 94 98 100 100 89 80 96 67 66 43 79 98 100 100 99 100 100 92 41 69 93 95 41 70
73 100 100 97 97 56 63 87 94 89 49 50 79 80 62 84 36 48 74 80 55 26 35 86 100 100 99 100 99 100 99 48 100 100 100 99 100
83 87 96 99 85 81 94 81 31 12 28 28 49 26 23 37 44 27 41 80 21 26 41 91 97 75 95 40 77 100 100 95 100 100 100 96 98
81 79 71 68 96 79 98 64 34 44 56 71 41 80 70 84 53 21 39 40 15 60 39 46 86 38 70 65 93 100 100 88 100 99 100 100 96
95 100 88 74 95 96 93 84 100 99 80 73 26 36 91 59 20 46 53 30 29 46 36 54 74 87 92 74 93 100 100 69 82 99 93 89 88
88 93 99 100 97 91 72 98 99 100 77 75 47 38 82 52 37 52 57 90 68 41 39 97 97 95 97 91 95 94 95 79 100 100 92 80 81
93 96 96 100 100 100 99 100 100 100 97 90 71 34 28 28 29 45 78 89 82 92 71 74 100 100 94 100 100 97 100 93 94 97 89 87 97
79 87 85 95 100 100 95 98 98 100 100 92 60 49 26 36 73 91 95 99 100 62 67 21 77 100 100 100 100 100 97 70 77 99 88 71 74
67 40 42 80 81 76 46 99 100 100 100 95 72 55 73 84 100 100 100 100 96 77 82 90 87 89 100 100 100 100 97 63 99 100 97 90 94
55 32 52 53 59 6 66 60 80 100 89 76 81 93 81 85 78 100 100 99 98 100 100 99 100 100 78 88 83 100 93 72 98 99 89 76 37
29 71 34 50 50 12 62 39 68 100 79 94 68 88 98 97 78 98 95 81 95 88 95 96 99 98 87 80 100 99 83 100 100 100 93 54 65
40 29 44 40 75 99 97 92 99 100 91 85 61 57 96 95 91 95 79 83 100 93 83 95 99 99 75 81 99 90 77 66 93 100 100 96 97
94 95 81 28 60 85 97 100 100 99 94 95 97 96 100 100 99 85 73 90 87 58 43 86 79 88 88 92 94 93 48 92 54 67 99 100 99
85 78 91 92 96 89 97 98 97 72 95 87 94 100 99 100 99 84 86 95 85 70 50 95 96 98 92 97 100 88 19 39 79 77 100 94 96
11 10 26 71 84 80 56 76 98 57 60 73 89 98 71 91 99 98 93 100 100 86 81 98 100 100 95 98 85 81 47 11 48 94 98 96 54
9 55 71 97 100 90 49 31 60 51 54 86 97 80 68 85 100 100 100 100 99 96 86 87 100 100 99 100 92 83 77 73 70 99 97 81 73
40 66 82 43 92 90 71 20 43 86 53 99 100 100 100 92 100 92 54 96 96 100 86 90 100 100 100 97 56 56 9 28 75 74 23 73 64
67 58 40 70 92 93 61 25 32 88 77 65 93 88 77 64 98 95 14 57 89 82 99 98 100 100 96 85 36 17 36 30 66 20 60 87 96
9 38 76 92 65 75 29 68 69 87 74 57 80 74 36 12 78 70 91 14 52 92 100 98 88 88 82 63 26 35 19 65 70 63 73 99 89
6 25 83 88 56 41 32 56 47 62 57 77 58 13 47 30 23 28 39 26 89 98 93 99 86 94 50 83 80 74 83 46 71 82 70 59 18
28 28 57 72 43 5 51 63 57 56 50 85 23 5 61 66 30 19 45 85 88 49 38 89 69 47 92 97 96 75 60 6 70 97 97 54 38
