data/outputs/Sarzedas de Vasco/2015/resolution_1/CONT_NORM_1_30.asc
ncols         50
nrows         50
xllcorner     -8.222016814931
yllcorner      39.947705019877
cellsize       0.000269796480
NODATA_value  -9999
57 61 47 86 78 91 96 83 41 72 96 96 70 22 44 20 14 25 36 2 24 19 14 26 81 16 0 66 96 93 93 97 97 93 97 97 97 97 97 97 97 94 90 97 97 94 73 68 59 34
19 9 65 95 52 17 29 66 81 81 96 79 84 69 41 51 33 20 16 31 38 15 19 52 57 17 24 40 87 85 66 72 100 100 100 100 98 100 99 99 89 63 83 96 100 100 95 50 91 97
13 42 46 76 86 45 52 95 100 99 83 83 67 39 20 5 16 25 10 0 8 55 2 42 17 57 61 29 44 71 57 66 96 100 100 100 100 100 99 99 97 72 42 31 91 54 27 9 76 95
41 78 23 31 44 25 86 100 89 68 30 93 41 11 10 47 4 36 61 20 25 35 24 8 54 22 11 1 10 9 41 0 50 78 100 100 100 99 98 99 100 97 82 75 90 64 34 49 48 59
65 77 49 63 52 10 25 56 77 51 39 35 25 25 12 22 4 59 34 25 30 15 14 34 4 19 24 17 28 14 22 6 0 28 93 100 100 94 95 100 100 95 35 7 56 41 80 88 44 46
83 77 45 27 9 36 12 47 54 57 86 12 4 34 55 17 42 4 1 2 9 24 16 25 9 15 23 30 79 73 41 20 3 21 41 51 51 88 76 81 85 42 4 1 17 29 99 91 100 97
79 88 50 39 23 24 41 73 94 98 99 42 1 33 63 68 78 9 15 8 2 33 9 12 18 22 36 57 33 35 9 34 37 30 58 64 32 91 100 78 92 6 0 0 2 68 99 97 100 88
73 48 97 49 43 30 50 41 56 100 80 40 81 73 42 64 20 5 1 2 0 0 2 16 62 40 64 48 14 2 3 15 51 11 40 44 94 99 57 6 54 65 10 15 54 100 98 73 57 62
6 18 69 46 72 93 55 68 63 81 43 25 60 9 52 69 41 17 0 0 0 0 0 0 11 26 100 100 53 9 25 72 57 67 100 100 100 100 80 32 0 25 69 89 100 97 60 40 86 85
17 21 47 47 80 80 46 45 29 9 42 49 21 8 55 88 25 9 0 0 0 0 0 0 0 16 92 100 83 95 91 100 100 100 100 100 100 97 37 19 0 30 91 99 94 40 32 57 56 63
82 36 49 66 46 36 36 50 42 26 48 14 17 23 72 98 99 99 13 38 5 5 7 3 4 44 97 100 100 100 94 100 100 100 100 100 100 97 47 7 7 90 100 95 34 2 2 3 6 15
63 77 93 97 93 98 65 32 86 100 89 78 24 83 95 99 100 100 66 89 20 13 41 90 97 96 100 99 98 100 100 100 95 100 100 100 98 59 0 0 32 93 93 77 60 73 77 76 58 60
81 100 100 84 85 91 100 100 100 96 99 100 98 100 100 100 100 97 68 12 26 99 100 100 100 100 98 98 93 86 99 100 100 100 100 100 99 84 4 8 73 98 99 100 100 99 98 95 98 94
97 100 100 88 99 96 100 100 100 100 100 100 99 99 100 100 100 100 55 0 28 83 100 100 100 100 100 91 73 79 98 98 100 100 89 51 93 100 73 84 100 97 99 100 100 100 99 100 100 97
97 100 100 100 100 87 63 96 100 100 100 97 98 100 95 87 97 100 91 30 39 100 100 100 100 100 99 97 77 76 66 90 95 100 96 54 97 100 100 97 100 100 98 82 97 100 100 100 100 97
89 100 100 100 100 63 56 63 98 99 85 46 27 39 49 31 87 90 98 100 75 84 100 100 100 100 100 100 90 95 95 96 75 82 92 81 99 100 98 100 99 36 32 30 40 62 62 92 91 96
76 99 99 99 95 85 79 63 74 95 37 75 56 14 20 90 73 33 92 73 83 71 79 81 100 100 100 100 97 95 89 99 100 94 76 24 94 100 100 100 98 76 63 54 46 59 74 90 70 68
83 97 99 100 98 100 96 97 92 95 63 37 66 68 76 97 64 58 78 9 72 54 21 50 73 100 100 100 100 100 100 98 87 97 92 76 99 100 100 100 100 100 100 54 26 75 99 93 91 95
90 99 88 80 73 71 86 99 96 76 61 46 72 98 100 99 83 93 66 60 56 88 80 77 56 90 100 100 100 100 97 98 100 100 100 100 99 78 100 99 98 99 100 57 49 85 100 100 100 77
9 41 71 20 33 11 16 39 57 18 1 27 86 98 98 97 77 86 64 33 78 100 100 96 85 69 89 100 98 73 68 96 98 99 97 100 98 96 100 100 88 71 44 25 67 100 99 93 55 51
0 4 69 80 61 37 10 8 19 1 0 0 53 97 47 12 16 12 22 80 95 100 100 96 83 71 75 83 100 100 99 99 99 75 97 100 100 100 100 100 97 68 29 48 79 100 86 93 100 89
78 89 99 100 99 92 93 70 29 63 52 46 78 84 94 62 20 62 87 96 99 99 100 83 26 71 97 60 86 81 82 87 99 98 100 100 100 95 100 100 100 69 83 81 23 66 56 53 80 80
78 96 100 99 100 100 98 93 47 69 100 100 100 94 87 69 98 86 99 98 100 100 100 83 66 100 100 63 80 54 48 73 97 99 100 100 99 100 99 100 100 71 46 60 87 97 71 29 52 88
38 93 100 100 98 100 97 37 66 88 98 94 84 98 50 45 82 91 95 87 100 81 79 70 75 81 87 41 12 34 38 99 100 100 100 100 98 100 100 100 98 29 64 98 100 100 100 87 97 93
78 98 100 100 99 91 90 62 59 76 75 67 67 41 17 61 91 50 64 21 48 31 11 19 59 89 92 38 24 53 54 99 100 100 100 93 92 91 100 100 100 63 95 100 100 100 100 100 100 97
81 86 85 98 100 91 79 93 96 83 85 19 6 49 11 28 28 52 6 28 54 44 57 26 41 61 59 8 25 23 59 98 98 76 74 99 30 39 100 100 100 96 100 100 100 100 97 96 97 83
73 78 73 78 71 93 86 76 99 95 51 28 33 34 52 65 31 76 65 64 94 59 52 14 34 73 18 17 53 54 29 58 96 51 29 69 60 87 100 100 100 86 99 99 99 100 100 100 100 67
94 93 99 63 35 96 96 96 92 77 57 82 95 94 82 94 49 39 73 99 85 40 25 23 43 24 9 9 27 71 10 41 47 84 73 94 78 87 95 100 100 91 57 82 100 99 98 100 100 66
94 100 100 100 97 99 88 98 89 99 98 100 100 86 52 45 17 6 51 98 58 18 30 73 67 63 45 48 72 46 60 81 95 99 98 90 71 84 99 100 100 90 66 98 100 97 73 77 93 36
83 92 93 100 100 99 96 89 57 98 99 100 100 100 77 93 64 34 59 82 61 26 38 59 38 96 86 76 31 29 49 99 100 91 97 95 95 93 93 91 94 97 85 100 100 99 93 79 83 31
91 100 87 100 100 100 100 99 97 100 100 100 99 98 97 86 70 32 13 46 32 47 35 49 90 80 89 83 98 66 73 85 100 99 100 92 100 100 100 96 100 100 91 97 98 96 70 89 96 86
96 94 99 93 98 100 100 100 100 100 98 98 100 100 97 88 76 61 38 13 7 30 48 71 86 77 95 99 84 72 51 30 85 100 100 97 100 100 100 100 98 98 70 71 99 99 100 99 100 86
55 62 67 66 85 96 100 96 82 99 97 100 100 100 99 98 84 25 72 31 58 88 100 100 99 100 98 95 62 54 81 31 71 96 100 100 100 100 100 100 96 85 61 95 100 94 74 54 69 62
87 52 26 45 77 79 83 63 13 98 99 100 100 100 96 96 76 42 80 74 80 100 100 100 100 100 100 100 91 60 99 98 83 89 92 100 100 100 100 100 99 65 81 100 99 100 92 92 92 82
52 31 42 49 58 83 34 9 54 77 60 90 100 97 82 86 86 93 97 73 85 74 96 100 100 100 100 100 100 100 100 98 99 100 96 66 94 58 99 100 98 60 89 100 100 94 87 77 51 20
48 47 76 29 28 56 28 1 70 75 47 52 99 93 57 86 87 79 90 95 97 78 67 98 98 89 84 96 92 93 99 99 99 100 100 85 80 97 98 100 87 91 98 100 100 97 75 45 23 36
20 50 49 55 61 55 33 53 67 45 48 97 100 98 90 81 50 54 74 97 95 95 95 99 93 83 95 99 92 90 87 96 99 97 99 82 84 95 97 84 75 78 100 100 100 100 91 74 92 56
43 24 33 37 34 60 99 99 99 100 98 100 100 98 86 93 69 60 79 99 95 94 94 92 87 57 96 100 99 72 94 99 100 99 96 68 73 100 100 100 92 57 76 93 100 100 100 94 98 76
92 98 93 67 10 22 93 88 99 100 100 100 99 98 96 100 97 93 96 100 100 99 98 87 79 67 100 77 54 56 61 91 82 83 88 86 90 88 100 93 52 98 89 43 67 89 100 100 99 94
78 95 91 99 97 86 87 67 92 99 100 96 100 94 84 92 100 100 100 100 100 99 96 66 73 87 99 73 58 33 56 94 81 99 95 87 97 100 100 93 9 21 75 67 80 85 100 100 99 74
71 74 56 74 65 70 97 95 95 79 100 99 51 76 95 85 85 100 100 99 100 100 98 92 83 100 100 100 94 70 82 95 100 99 94 98 92 100 100 72 26 8 76 85 71 100 100 85 77 61
3 1 0 21 85 86 100 69 46 56 97 97 75 29 68 64 84 100 87 57 83 99 100 100 100 99 100 100 89 76 78 100 100 100 97 94 99 100 60 89 72 12 3 43 98 100 96 99 61 22
3 47 62 72 99 100 100 87 54 26 54 67 69 23 80 83 98 92 47 66 77 97 100 100 100 100 100 99 95 89 80 92 100 100 99 99 100 100 75 88 94 86 59 72 100 100 93 88 74 63
3 16 76 79 70 86 88 81 82 11 21 58 79 34 68 98 100 100 100 100 99 100 100 100 94 100 99 99 100 92 75 96 100 100 100 100 100 71 67 88 10 27 90 65 95 53 58 88 62 83
66 96 70 76 28 82 96 97 89 12 40 46 90 94 52 96 100 100 100 99 72 95 99 81 5 65 99 94 98 96 97 87 100 100 100 100 100 92 20 37 34 3 22 82 58 38 10 77 77 89
54 79 30 38 77 94 87 93 74 14 24 25 82 86 88 51 91 87 85 64 54 100 98 96 25 10 82 84 69 100 99 99 100 100 100 94 83 52 7 23 40 17 67 62 13 36 95 91 98 71
11 33 36 77 94 73 78 79 37 54 68 72 90 77 77 54 89 87 79 21 6 64 99 83 96 27 19 51 86 99 100 96 93 97 97 92 78 12 41 38 15 34 87 64 53 71 88 100 94 88
4 16 50 99 98 60 61 46 4 57 64 51 74 73 47 81 69 27 36 54 12 34 22 31 73 55 12 89 99 97 98 100 84 88 67 32 57 76 41 48 63 36 91 70 65 91 32 88 34 50
9 18 40 85 99 54 59 13 54 57 51 48 49 56 47 89 53 9 8 51 33 46 13 23 11 23 81 95 85 76 85 99 85 67 77 83 99 100 98 74 93 61 5 82 95 97 86 44 14 18
28 28 33 56 55 80 6 0 44 63 57 59 55 64 62 81 29 1 17 75 80 48 7 30 64 68 91 85 55 36 43 92 91 17 81 89 96 97 93 69 61 3 24 82 95 97 93 37 60 21
