data/outputs/Sarzedas de Vasco/2015/resolution_1/CONT_TOTAL_1_15.asc
ncols         100
nrows         100
xllcorner     -8.222016814931
yllcorner      39.947705019877
cellsize       0.000134898240
NODATA_value  -9999
[rows 39 to 77 of 100, columns 0 to 87 of 100]
0 0 0 414 850 1074 188 27 218 866 68 2 0 0 363 346 339 502 5 0 29 0 0 1 773 1305 1338 1241 1249 1345 1350 1278 675 991 1350 715 635 858 792 404 1286 1350 1350 1350 1350 1350 1350 1350 1350 1261 1077 955 753 1347 1350 1350 1350 1348 663 955 1151 1273 1261 1294 1234 1350 1307 1334 1169 1350 1350 1350 1350 1350 1350 1350 1350 1350 1350 1350 1296 908 765 794 390 66 0 708
0 0 0 0 459 1212 834 804 519 1047 520 94 0 0 52 0 110 122 16 0 0 0 0 0 390 1136 1350 1307 475 568 363 266 103 786 495 135 586 402 452 1350 1093 1350 1350 1350 1350 1350 1350 1350 1300 1292 1126 1350 1077 654 1336 1350 1350 1350 1350 1350 1350 1350 1346 1295 1327 1339 1350 1169 1232 1350 1350 1350 1350 1350 1340 1340 1326 1350 1350 1350 1350 1184 767 713 457 43 435 741
2 0 0 241 726 1350 1350 1319 901 805 717 643 474 76 55 310 654 149 2 23 0 5 0 0 115 1245 1314 1245 1103 404 2 0 0 0 1 0 73 138 1160 1350 1348 1350 1350 1350 1350 1350 1327 1178 1119 748 131 1225 1350 950 498 1303 1350 1350 1350 1348 1312 1350 1350 1350 1350 1350 996 554 1326 1350 1350 1350 1350 1350 1348 1350 1350 1350 1350 1350 1350 1350 1343 874 451 641 1236 169
981 822 1021 1179 1348 1318 1350 1350 1340 1318 950 1339 1267 1031 1111 403 650 93 303 1120 398 67 132 87 662 1267 1193 1216 1283 1269 907 399 38 0 254 610 863 1158 1316 1175 1350 1270 1316 1350 1350 1350 1350 1258 273 325 213 970 1350 1350 1140 476 1072 1137 1309 1350 1192 1285 1087 1350 1350 1350 1257 1317 1350 1350 1350 1350 1350 1350 1339 1350 1350 1350 1350 1350 1328 1350 1338 539 744 1350 1337 515
1192 1238 1287 1322 1338 1338 1350 1350 1348 1350 1350 1350 1350 1348 1293 981 196 604 1057 918 1158 1201 1346 938 971 1339 998 1150 1198 1310 1292 763 324 741 1247 1249 1350 1350 1350 1340 1350 1350 1350 1338 1350 1350 1303 568 189 633 1309 1350 1196 1322 1243 376 1216 1231 978 758 704 1238 1170 1105 1318 1330 1349 1350 1350 1350 1350 1350 1350 1350 1110 1345 1350 1350 1350 1350 1350 1350 1350 516 1173 1217 1227 1322
1249 1338 1281 1350 1350 1350 1334 1339 1338 1350 1350 1350 1350 1240 1312 1257 800 504 556 1189 1350 1350 1350 1346 1350 1350 1181 1303 1348 1308 1094 1305 1326 1344 1049 1277 1350 1328 1350 1264 1348 1350 1350 1350 1350 1350 1350 921 502 953 1350 1350 1350 1350 1348 421 1281 723 888 948 472 790 696 692 1228 1347 1299 1338 1350 1350 1350 1350 1350 1350 1350 1350 1319 1348 1350 1350 1350 1350 1279 825 385 542 1071 369
514 1130 1192 1350 1350 1350 1347 1319 1350 1350 1350 1350 1350 1350 1350 1120 579 650 691 1314 1350 1350 1350 1350 1350 1350 1234 1350 1107 943 286 1019 1350 1298 1029 1291 1350 1310 1350 1350 1350 1350 1350 1350 1350 1350 1350 849 862 1264 1350 1350 1348 1350 1205 420 1228 1076 661 399 610 747 1271 1275 1326 1350 1350 1350 1350 1350 1350 1350 1350 1301 1336 1340 1350 1350 1350 1350 1350 1344 1134 614 518 1062 979 842
248 274 1009 1338 1350 1350 1350 1348 1328 1350 1350 1350 1350 1212 1155 372 513 868 923 1197 1348 1328 1344 1313 1132 1188 1350 1328 1180 823 4 995 1348 1158 961 1306 1350 1301 1085 1350 1350 1350 1275 1311 1339 1350 1350 904 1220 1280 1278 926 1188 1278 1107 34 3 591 669 290 522 1289 1350 1350 1350 1350 1350 1350 1350 1350 1350 1350 1346 1303 1350 1350 1350 1350 1350 1350 1350 1235 313 48 513 982 1220 1350
302 1252 1350 1350 1350 1350 1350 1350 1339 1299 1350 1350 1350 1346 439 16 813 1349 1298 1338 1310 1300 1179 1258 971 1237 1328 1261 422 301 224 1190 922 992 1301 1339 1350 1156 1062 1192 1350 1350 1315 494 536 1018 1073 462 379 1163 1083 1090 910 1330 1074 6 0 64 610 270 6 252 1271 1350 1350 1350 1350 1350 1350 1350 1350 1348 1305 1350 1350 1350 1350 1350 1350 1350 1350 1350 1221 6 595 1350 1350 1350
804 1350 1350 1350 1350 1350 1350 1350 1350 1311 1070 1302 1350 1350 1180 439 177 1157 1176 1344 1341 1350 1326 1286 1220 1249 1276 549 75 854 410 1336 1055 1173 585 1161 1029 1350 333 298 993 1346 938 325 1 203 15 912 1213 935 1216 1008 1014 1350 800 371 521 598 831 944 290 471 1290 1350 1350 1350 1350 1350 1350 1328 1350 1296 1350 1350 1350 1338 1350 1350 1350 1350 1350 1350 1134 243 1229 1350 1350 1350
735 1348 1268 1350 1350 1350 1350 1350 1350 1350 1350 1217 1049 1108 969 737 911 916 874 707 461 916 561 445 693 480 376 0 4 13 195 1350 1350 1350 924 45 146 934 490 0 91 171 49 384 41 376 108 13 168 878 1241 1350 1350 1239 740 116 56 146 749 322 972 1206 1350 1350 1350 1350 1350 1350 1350 1350 1120 1235 1180 1085 1021 1216 1338 1350 1350 1350 1350 1350 977 1070 1262 1307 1338 1350
936 904 1298 1289 1317 1338 1350 1350 1350 1350 1350 1350 1256 665 1130 1328 1247 1300 1062 935 1252 1298 356 0 0 51 237 472 36 68 239 1011 829 422 867 510 9 0 41 472 205 435 357 729 655 611 55 452 339 948 471 781 983 918 250 3 26 619 358 226 923 1038 1338 1350 1350 1338 1350 1350 1284 1131 1326 1320 620 0 0 274 1344 1350 1350 1350 1350 1350 1203 1334 1350 1350 1350 1350
1184 1350 1184 848 983 962 1234 1350 1338 1350 1226 964 1033 1311 1220 1350 1350 1303 1221 1276 1241 815 682 11 3 278 652 1304 89 399 25 246 54 192 635 797 216 96 43 934 1144 1110 670 630 910 879 332 560 428 499 753 1307 1220 82 160 26 4 724 354 327 516 736 1261 1350 1310 1274 898 517 347 1228 1350 1334 441 571 716 1107 1350 1350 1350 1350 1350 1350 1276 1348 1350 1350 1350 1350
871 936 1110 992 1292 795 695 1158 877 901 1010 1307 1242 835 640 1143 1317 1339 1349 1303 663 790 1217 22 198 889 275 517 155 417 503 701 328 328 1260 1348 1123 761 487 517 1305 1350 1092 532 1198 438 585 42 424 450 712 599 316 171 333 0 395 1236 765 324 409 572 1044 1253 1338 1350 582 65 78 548 1186 1132 870 1253 1204 1251 1338 1350 1350 1350 1350 1350 1274 1159 1328 1350 1350 1305
1091 1049 1254 861 805 1030 1298 1047 854 1188 1338 1350 1300 1271 1030 1305 1346 1340 1239 1254 995 288 222 56 298 372 318 745 954 1302 1225 1062 787 252 428 1049 983 650 1102 1350 1319 1098 411 1158 892 280 128 0 40 948 1341 1306 143 340 434 163 17 1209 1289 544 153 452 612 201 1157 1350 1191 925 375 548 638 784 695 428 958 1262 1350 1350 1350 1350 1350 1350 1350 875 1323 1350 1350 1348
1202 1318 1323 1153 1328 1312 1067 120 105 774 1312 1350 1350 1328 1168 1338 1350 1299 1019 811 247 427 868 839 1135 1288 1206 1350 1338 1316 1304 1101 1131 248 481 1110 1009 1348 1350 1337 1159 1292 838 587 36 291 530 196 402 59 631 527 0 0 0 0 6 1007 1318 1350 470 76 358 666 312 1315 1138 974 771 1089 1300 1232 1087 808 1037 1122 1276 1306 1350 1350 1350 1350 1350 932 1074 1305 1310 1326
1260 1313 1174 1350 1350 1350 1318 892 176 814 1350 1178 1188 1340 1328 1350 1307 1012 1294 1056 1043 1348 1350 1350 1350 1350 1340 1169 779 972 1336 1343 1199 94 103 413 724 852 1328 1350 1064 1062 678 80 421 594 116 419 1240 604 63 73 170 335 126 357 108 359 412 754 0 0 603 588 135 769 1301 1150 939 1130 1257 1277 1287 1029 1198 1340 1184 1350 1350 1350 1350 1350 1350 1299 101 578 648 1150
1260 1340 1350 1350 1350 1350 1338 1340 1278 1264 1350 1330 1305 1188 1283 1310 1350 1141 1350 1348 1350 1348 1350 1350 1350 1350 1338 1214 1113 1047 851 658 518 88 0 41 383 994 1310 1350 948 243 30 132 371 578 1059 1246 845 744 388 935 416 231 294 1320 1118 240 881 221 345 964 1062 836 1281 1338 1350 1316 1296 1275 1329 1094 1040 612 1005 1314 1327 1350 1350 1350 1350 1350 1350 1346 723 1118 1257 1312
1127 1350 1350 1350 1350 1350 1350 1350 1350 1350 1350 1321 1294 978 1324 1350 1163 1153 1308 1318 1340 1237 1350 1350 1350 1350 1350 735 291 336 365 539 316 17 10 280 257 1113 1339 1278 1350 601 14 814 332 327 700 943 911 1145 1235 824 1010 797 220 781 1348 1202 606 785 675 1254 1150 1325 1318 1178 1319 1350 1350 1350 1278 1152 1063 1115 925 1293 1339 1350 1350 1350 1350 1350 1320 848 394 1328 1350 1350
997 1350 1340 1237 1286 1186 1350 1350 1350 1350 1350 1301 1307 1270 1317 1344 606 1083 1223 1349 1308 1350 1350 1350 1350 1350 1350 1347 1158 681 999 1338 911 24 57 331 687 808 740 1294 1350 1009 330 321 370 288 732 917 268 851 1254 1350 1144 1020 894 1162 1051 242 216 464 380 1296 1328 1340 1350 1350 1350 1350 1350 1350 1350 1350 1350 1159 1133 1201 1144 1182 1338 1301 1280 1202 1209 1350 960 1328 1350 1350
810 1316 1289 1101 1268 1307 1350 1350 1350 1350 1350 1350 1328 1263 956 1167 513 882 1350 1350 1350 1350 1350 1350 1350 1350 1350 1350 1115 1206 1350 1350 1321 1188 819 637 899 810 1164 1206 520 420 143 634 800 581 893 644 53 894 1274 1324 1350 1149 1153 874 327 71 353 544 238 738 1350 1350 1350 1346 1093 1137 1219 1319 1235 1172 1254 1350 1350 1350 1350 1350 1224 1076 1270 1316 1340 1350 934 1350 1350 1350
1104 1350 1350 1328 1244 879 1339 1350 1350 1350 1350 1350 1350 1350 1350 1322 1296 1263 1350 1350 1350 1350 1350 1350 1350 1350 1350 1350 1245 1326 1350 1349 1262 549 73 104 1 184 1124 989 959 200 748 742 515 584 1046 909 1011 1338 1168 958 1350 798 1339 1300 1305 1280 1085 968 1011 427 1045 1252 1348 1348 1319 1350 1350 1350 1336 1328 1350 1350 1350 1350 1350 1350 1350 1350 1350 1348 1350 1350 997 1350 1350 1350
1103 1335 1350 1350 1329 1228 1350 1350 1350 1350 1350 1350 1350 1350 1350 1350 1350 1350 1350 1350 1350 1350 1350 1338 1306 1350 1334 1272 1350 1338 1201 735 734 1237 794 767 455 77 358 10 250 294 427 638 416 387 76 597 1245 1266 868 1328 1350 1326 892 942 1350 1350 1235 263 1192 1327 1023 1246 1350 1350 1350 1350 1350 1350 1350 974 1324 1350 1350 1350 1350 1350 1350 1108 1330 1350 1338 1350 1262 1299 1328 1213
1260 1296 1173 1189 1316 1350 1350 1350 1350 1312 1350 1350 1350 1350 1350 1350 1350 1350 1350 1350 1350 1340 1324 1295 1350 1350 1329 1348 1350 1350 1244 1276 1350 1228 1093 1304 705 24 0 0 9 10 72 42 89 510 239 923 1236 708 286 1155 1350 1064 1313 1329 1037 936 1221 1143 975 1012 500 693 1263 1350 1350 1350 1350 1350 1350 1213 1347 1350 1350 1350 1350 1350 1350 1346 1350 1350 1350 1340 938 1206 979 1059
1260 1350 1350 1350 1340 1348 1236 1101 1304 1350 1350 1350 1350 1350 1350 1350 1350 1350 1350 1328 1307 1289 1347 1350 1350 1350 1350 1350 1350 1162 1103 1103 1041 508 351 520 760 580 651 33 0 365 536 984 999 971 1304 1350 1348 1350 1348 1350 1350 1350 1350 1350 1350 1196 406 1103 652 103 176 239 659 1303 1350 1350 1350 1350 1350 1350 1350 1350 1350 1350 1350 1350 1350 1328 1232 1350 1328 1281 834 793 561 1246
1047 1132 666 954 1258 1233 1058 1272 1179 1236 1350 1350 1350 1350 1350 1350 1348 1109 1339 1317 1304 1222 1332 1350 1350 1350 1350 1350 1348 1340 1321 1328 1350 770 139 339 1064 1040 62 331 515 685 992 1167 1348 1330 1350 1350 1350 1350 1350 1350 1350 1350 1350 1350 1071 482 589 1065 1296 559 113 70 698 845 1350 1350 1350 1350 1350 1350 1350 1350 1350 1350 1350 1350 1350 1331 1238 1260 1350 1102 684 990 1152 1346
368 399 829 877 555 560 285 974 1176 1010 1141 1350 1350 1350 1350 1122 1030 935 1348 1350 1350 1350 1350 1350 1350 1350 1350 1350 1332 1350 1350 1319 1348 1095 408 457 665 1133 818 454 897 1057 1228 1340 1350 1350 1350 1338 1318 1350 1350 1350 1350 1260 1127 1310 1103 701 233 1035 1350 1146 587 880 1149 1169 1161 1350 1350 1350 1350 1350 1350 1350 1350 1350 1350 1350 1350 1350 1350 1350 1318 819 425 1171 1269 1350
1189 1037 694 729 133 328 698 682 540 1316 1115 838 1350 1350 1350 562 0 153 1344 1350 1350 1350 1338 1350 1350 1350 1350 1350 1346 1350 1350 1272 942 803 642 250 922 1306 882 934 772 1180 1350 1350 1350 1350 1350 1338 1350 1350 1350 1350 1350 1350 1344 1332 1328 904 75 538 1301 1350 1301 1280 778 1346 1237 964 1350 1350 1350 1350 1350 1350 1350 1350 1350 1350 1350 1350 1350 1318 1221 794 984 1338 1350 1350
1248 1228 522 876 386 548 391 645 979 1308 1148 1142 645 1115 1177 317 0 538 1350 1266 1314 1350 1350 1350 1350 1350 1350 1350 1350 1159 1202 1350 1245 1128 547 834 1227 853 980 1206 1119 1224 1331 1350 1350 1350 1350 1350 1350 1350 1350 1350 1350 1350 1350 1350 1350 1350 1298 1350 1350 1350 1350 1350 1191 1190 1350 1242 989 1283 1350 1350 1350 1350 1350 1350 1350 1350 1350 1350 1350 1313 1113 372 953 1120 1350 1350
874 797 406 215 320 547 210 869 1168 773 1284 1348 731 230 469 0 12 1106 1260 1265 1156 1175 1247 1350 1350 1350 1350 1350 1350 991 1306 1338 1256 1268 1350 1350 1312 1279 778 820 1211 1294 1112 1344 1350 1350 1350 1350 1350 1350 1350 1350 1350 1350 1350 1350 1350 1350 1350 1350 1350 1350 1350 1350 1350 1350 1350 1350 1344 1176 491 1067 1350 1350 1338 1288 1350 1350 1350 1350 1346 1251 1242 574 1178 1199 1350 1350
521 619 757 310 500 884 979 572 472 710 907 934 792 88 0 0 460 1318 956 672 204 705 986 1281 1350 1350 1350 1163 1082 1014 893 1114 965 1144 1181 1167 1322 1338 1220 1116 1315 765 943 624 1156 1350 1350 1350 1350 1350 1350 1350 1350 1350 1348 1350 1350 1350 1350 1350 1350 1350 1350 1265 1340 1328 1340 1350 1350 1316 1000 1018 1239 1160 246 275 1284 1350 1350 1350 1350 1350 768 633 1057 1346 1350 1350
982 802 427 659 973 1128 598 700 251 243 295 513 957 2 0 12 768 1175 1326 852 648 882 926 384 1297 1350 1342 1289 722 788 808 1147 971 1060 795 1259 991 1277 1108 1350 1339 1318 1340 561 222 1281 1350 1350 1350 1350 1338 1271 1239 1157 1267 1350 1350 1350 1350 1350 1350 1350 1338 1323 1350 1350 1350 1350 1350 1328 1349 964 1158 1267 1350 1350 1350 1350 1350 1350 1350 1235 1000 1224 1344 1231 1350 1350
322 502 356 1083 1259 767 212 77 530 498 999 1236 568 0 0 36 1265 577 1103 762 485 510 600 916 1350 1350 1277 1131 441 1101 1339 1348 1346 1323 916 1317 1308 1296 1350 1330 1261 1307 1318 993 773 1350 1350 1255 1350 1251 1163 1033 1127 1006 1304 1244 1011 1261 1145 1184 1277 1350 1329 1350 1315 1330 1350 1350 1350 1350 1350 950 1200 671 1165 1350 1350 1236 1350 1350 1350 750 1348 1350 1350 1350 1350 1350
220 231 470 751 1246 419 582 331 845 885 669 899 344 0 0 571 1101 486 493 296 311 514 1260 1318 1350 1350 1350 1306 1287 1320 1278 1248 807 559 843 1205 1328 1344 1350 1262 1307 1326 1350 1350 1233 1350 1348 1316 1338 1130 1236 944 1071 1350 1350 1320 1302 1164 1040 1306 1324 1167 1189 1350 1350 1349 1338 1224 1336 1340 1289 1129 999 1348 1113 1316 1350 1350 1350 1350 1350 974 1118 1350 1350 1350 1350 1350
195 418 892 591 502 476 930 1117 666 898 761 635 566 865 1097 1211 1195 849 883 745 811 959 1322 1350 1350 1350 1350 1285 1131 1112 1017 806 999 343 291 585 729 622 1350 1293 1239 1281 1255 1185 1220 1348 1317 1340 1292 1256 1079 1249 1338 1350 1350 1350 1287 1227 1224 1272 1183 1018 1293 1350 1348 1312 1330 1350 1338 1344 1135 885 854 1350 1350 1350 1315 1199 965 892 656 1048 559 1168 1350 1350 1350 1328
482 392 546 54 353 663 475 274 333 361 510 626 1305 1350 1337 1350 1350 1350 1346 1348 1327 1251 1350 1350 1350 1350 1350 1217 1053 926 1148 1232 1006 446 401 701 1124 1179 1350 1276 1306 1196 1301 1199 1260 1338 1253 1283 1266 943 899 1192 1304 1350 1350 1350 1327 1327 760 802 1245 1224 1348 1350 1350 1346 1314 1330 1348 1315 1350 951 1050 1184 1350 1350 1350 1350 1350 1350 1294 961 504 175 1092 1326 1350 1303
501 942 477 241 399 353 688 550 300 830 798 1328 1350 1350 1328 1350 1324 1314 1350 1350 1338 1350 1350 1350 1350 1350 1350 1350 1317 1332 1280 1350 959 1326 1106 1008 919 1070 1350 1350 1348 1281 1350 1220 1180 1280 1133 1317 1304 1160 470 522 1179 1350 1350 1350 1330 1338 1199 1153 1350 1258 1299 1350 1350 1350 1350 1350 1350 1195 840 539 498 1191 1350 1331 1350 1350 1350 1350 1350 1350 1187 1187 827 845 1052 1324
1256 1329 1339 1280 1168 1218 1332 643 209 96 99 1054 1350 1350 1350 1350 1350 1350 1350 1350 1350 1328 1350 1350 1350 1318 1350 1329 1342 1338 1350 1350 1293 1283 1157 1224 1182 1350 1350 1350 1340 1350 1319 1350 1350 1328 1318 1249 1321 942 347 882 1330 1350 1210 1016 1130 1278 1350 1348 1240 1294 1341 1350 1350 1328 1304 1085 1101 1273 1220 1013 967 1346 1021 1022 1350 1350 1350 1329 1161 887 1330 1338 1339 1051 332 584
1041 1350 1350 1338 1274 1350 1342 322 176 73 5 8 983 1350 1348 693 1273 1350 1350 1350 1350 1350 1350 1350 1350 1350 1338 1293 1202 1281 1350 1350 1338 1350 1307 1350 1329 1350 1350 1350 1336 1350 1350 1350 1289 1328 1174 944 1095 928 1110 1304 1350 1350 1264 687 164 327 139 188 88 698 1034 1179 953 784 843 1265 1085 1306 1316 1116 1182 1350 1350 1350 1350 1350 1350 981 117 663 1275 1328 1171 1236 183 1207
