data/outputs/Sarzedas de Vasco/2015/resolution_1/CONT_TOTAL_1_65.asc
ncols         23
nrows         23
xllcorner     -8.222016814931
yllcorner      39.947705019877
cellsize       0.000584559040
NODATA_value  -9999
7785 20472 13150 17749 21721 21238 10579 6787 4846 5846 6545 11796 10446 22559 21474 25151 25241 25295 24611 20459 24938 19591 18582
13552 11188 11946 22710 15519 15015 3887 4860 10218 7311 4990 6386 4652 6202 8029 20172 25350 24719 25046 16326 17147 12429 12787
19746 7683 4674 12476 20592 4687 10629 9611 2502 3335 5004 4260 9047 13439 5401 8238 15338 22436 21614 4651 3616 20948 23568
12297 16632 14904 13778 21375 12028 11150 11695 1656 328 1677 7854 16950 3189 8126 11579 18491 21409 8805 8628 17074 20856 18368
9260 15345 14279 10749 7942 7170 10814 17602 5554 1453 730 3801 24690 22761 24618 25253 25350 18725 2598 20766 17429 5862 9605
20789 23548 23384 19406 24479 19909 24134 25332 18519 9915 20278 24953 25070 23214 25261 25166 25129 10786 9373 24226 21439 22346 20451
24927 25072 22126 23331 25328 23312 23695 23046 18705 12870 25350 25350 24433 19901 22769 24408 19045 24581 24767 21786 22922 24977 25350
23004 25184 21109 19392 20906 13641 8191 18612 17607 18544 18103 24658 25350 24369 24128 22910 17883 25326 24962 16190 11517 18831 20779
19220 18629 16432 20419 15688 13134 24511 22601 17668 15788 20019 18773 25224 23579 23915 25124 24680 23903 24730 22273 11468 25078 20759
8684 19889 14834 8078 4811 9538 20355 7805 13307 24293 24977 16959 20524 23144 24019 23533 25350 25046 24730 13924 15338 19879 21671
20235 25264 25276 17381 21333 24060 20165 19768 23711 24884 21882 19262 17968 11392 19902 25261 25205 25291 24988 14463 22499 19681 20189
21804 23691 22842 19592 20374 11073 6960 13855 9307 11169 7913 15045 11217 9361 22155 21411 20936 20731 25350 22744 25296 24951 24763
21990 19407 22243 23160 19343 17140 19021 13317 16891 18251 8419 11175 4114 11950 10699 18214 18919 22854 25350 20756 24751 24369 21694
23395 24468 25131 21485 24701 25338 20315 14265 11661 13660 13017 17646 18960 12913 21480 24474 23805 23619 24458 22264 25296 21453 17578
21711 23524 24912 25203 24753 25105 24821 19182 10426 6323 15767 22306 23951 17998 13541 24621 24806 25350 24719 20379 24024 21445 20629
13209 10819 20231 10714 21551 24888 24239 21933 18721 20584 24846 25344 24992 21404 23416 23901 23385 23449 25131 19495 25196 23461 18693
11457 12305 12630 9659 13112 22006 21028 17745 21199 24250 21771 23359 23684 23582 24426 25095 21701 23735 21746 23515 25215 20286 12819
16721 14005 12108 23929 25198 25296 23659 22271 22472 24756 23559 18874 23441 16998 22046 23141 20389 24673 20430 19408 20438 25206 24014
16707 17747 20959 22454 23193 21709 21215 23329 25029 25255 23408 22176 23548 16964 23229 24782 23702 25350 12328 10711 20421 24664 18808
3672 14830 24489 19761 10706 18252 12245 22310 19842 20739 25316 25350 25192 21551 23414 25328 24805 21062 20614 12161 23216 22925 17820
15301 15271 19057 23505 6722 15643 18646 22986 23900 21952 24830 11177 23971 24234 23806 25338 24587 13381 8455 10641 13172 13782 20037
6242 17590 19192 15530 12859 17515 17831 18481 14923 6815 16789 15112 12086 23970 24575 22883 18052 9234 8888 16345 14118 20026 19853
5283 14872 16171 6122 14879 13655 15402 13868 4297 15640 4978 10543 21876 15796 22340 16336 21891 24694 18562 7543 23942 20152 6332
