data/outputs/Sarzedas de Vasco/2015/resolution_1/CONT_SPEC_1_15.asc
ncols         100
nrows         100
xllcorner     -8.222016814931
yllcorner      39.947705019877
cellsize       0.000134898240
NODATA_value  -9999
[rows 0 to 28 of 100, columns 0 to 65 of 100]
2.682222 3.744444 4.24000 3.926667 4.922222 3.128889 4.517778 5.446667 5.44000 4.862222 5.542222 5.6000 5.6000 5.6000 5.6000 5.155556 2.72000 1.28000 2.946667 5.506667 5.6000 5.6000 5.6000 5.6000 5.56000 4.073333 0.52000 0.94000 4.088889 3.98000 1.231111 0.088888 0.0000 0.0000 0.377777 3.626667 5.348889 1.546667 0.133333 0.0000 0.0000 1.193333 0.993333 1.891111 1.602222 0.391111 0.655555 2.604444 3.835556 4.108889 0.186666 0.306666 0.0000 0.008888 3.593333 5.268889 5.6000 5.6000 5.6000 4.913333 5.182222 5.6000 5.6000 5.6000 5.6000 5.6000
4.337778 2.871111 2.755556 3.784444 2.431111 0.757777 5.071111 5.691111 3.92000 4.446667 5.488889 5.202222 5.997778 5.88000 5.791111 3.335556 3.082222 2.651111 4.293333 4.58000 5.848889 6.0000 5.864444 6.0000 4.666667 2.402222 2.746667 1.091111 0.355555 2.068889 1.564444 1.917778 1.186667 2.264444 0.522222 1.391111 1.517778 0.233333 0.0000 0.348888 3.642222 1.002222 0.204444 1.351111 1.111111 0.233333 0.288888 2.788889 5.593333 5.984444 3.255556 0.0000 0.0000 0.0000 4.637778 2.253333 5.902222 6.0000 6.0000 5.7000 5.417778 6.0000 6.0000 6.0000 6.0000 6.0000
2.908889 1.546667 0.644444 0.057777 1.211111 4.644444 5.177778 6.0000 4.095556 1.924444 1.564444 2.531111 3.88000 2.815556 5.095556 4.8000 4.357778 3.633333 4.157778 4.273333 5.791111 5.982222 4.664444 4.993333 4.813333 4.42000 5.473333 2.062222 0.524444 4.451111 4.208889 4.424444 2.971111 2.422222 0.86000 1.395556 1.717778 0.653333 0.904444 2.697778 3.957778 2.777778 1.122222 0.446666 0.0000 1.357778 4.306667 2.526667 4.453333 3.773333 0.215555 0.775555 0.015555 1.006667 3.171111 1.284444 5.808889 6.0000 6.0000 6.0000 6.0000 5.875556 5.12000 5.906667 6.0000 5.946667
0.024444 0.0000 0.2000 1.177778 3.897778 5.915556 5.577778 5.946667 5.166667 1.368889 0.0000 0.0000 0.006666 0.246666 0.586666 5.42000 5.973333 5.368889 5.648889 5.413333 5.982222 5.208889 5.002222 4.224444 5.308889 5.533333 5.615556 3.435556 1.684444 3.231111 2.855556 0.833333 1.788889 0.802222 2.2000 0.308888 1.075556 0.462222 2.191111 1.653333 0.288888 2.046667 1.52000 0.584444 0.813333 2.284444 4.682222 1.013333 1.382222 4.008889 2.033333 1.095556 1.768889 2.902222 2.526667 2.722222 3.942222 5.022222 5.057778 3.437778 2.26000 1.795556 1.884444 4.484444 6.0000 6.0000
0.524444 0.262222 1.411111 0.34000 4.248889 4.786667 4.811111 4.973333 5.884444 4.504444 3.542222 0.442222 0.115555 1.722222 4.948889 5.94000 6.0000 6.0000 6.0000 5.92000 5.591111 5.557778 5.577778 4.995556 5.193333 4.022222 2.786667 2.94000 0.651111 0.253333 0.275555 0.004444 0.004444 2.7000 3.515556 0.606666 0.051111 0.0000 0.0000 0.0000 0.382222 0.651111 2.595556 1.995556 0.262222 0.193333 5.675556 0.668888 1.131111 1.068889 4.495556 5.675556 5.537778 4.815556 0.386666 3.293333 2.575556 5.22000 5.68000 5.715556 4.462222 4.071111 3.333333 6.0000 5.946667 5.751111
0.228888 2.204444 5.5000 2.786667 0.1000 1.797778 4.111111 4.331111 5.655556 4.54000 3.893333 2.835556 4.72000 5.915556 6.0000 6.0000 6.0000 6.0000 6.0000 5.946667 5.857778 2.988889 5.357778 3.986667 2.406667 4.497778 1.768889 1.853333 0.626666 3.308889 0.731111 0.068888 0.0000 1.2000 0.988888 0.884444 2.015556 0.313333 0.0000 0.0000 0.0000 0.882222 5.491111 3.191111 0.0000 0.0000 2.737778 1.068889 0.408888 1.5000 1.115556 2.373333 1.702222 2.477778 0.528888 2.644444 0.335555 2.515556 3.204444 2.382222 2.191111 2.884444 3.008889 3.5000 5.451111 6.0000
1.753333 4.815556 6.0000 5.48000 1.62000 2.104444 2.64000 1.682222 3.908889 3.722222 0.0000 1.613333 5.593333 5.68000 5.991111 6.0000 5.035556 5.066667 5.804444 5.288889 2.313333 3.733333 5.791111 6.0000 5.302222 3.404444 1.373333 0.317777 0.92000 1.248889 4.357778 2.844444 0.244444 0.417777 0.737777 3.655556 2.246667 4.662222 2.855556 1.34000 0.0000 3.78000 2.908889 2.295556 1.195556 0.011111 0.0000 0.128888 2.575556 5.62000 1.864444 0.486666 0.153333 0.224444 0.12000 0.0000 0.008888 0.06000 0.971111 0.386666 0.06000 1.866667 0.0000 0.013333 2.017778 5.886667
0.191111 3.144444 3.951111 3.337778 1.208889 0.557777 0.922222 2.146667 0.72000 2.197778 2.215556 2.24000 5.275556 3.977778 5.997778 5.975556 5.524444 5.644444 5.086667 0.228888 0.0000 1.071111 5.166667 5.362222 1.233333 0.008888 0.691111 0.28000 0.202222 0.0000 1.6000 2.513333 0.231111 0.0000 0.071111 4.22000 4.38000 3.426667 0.475555 0.031111 0.993333 1.224444 1.942222 1.231111 2.206667 2.326667 0.846666 1.013333 1.617778 3.057778 2.093333 0.804444 0.828888 1.377778 0.0000 0.08000 1.244444 1.008889 0.506666 0.348888 4.762222 3.033333 0.0000 0.057777 1.44000 2.762222
1.068889 5.548889 4.122222 4.451111 3.14000 0.888888 4.457778 5.866667 5.884444 2.208889 1.188889 0.013333 0.686666 5.06000 4.177778 4.644444 3.791111 5.844444 2.584444 0.0000 1.186667 0.044444 2.893333 2.948889 2.4000 0.008888 0.122222 0.653333 0.513333 0.002222 2.484444 1.715556 0.0000 0.571111 2.253333 5.748889 3.46000 1.362222 2.804444 0.393333 1.942222 2.9000 2.064444 1.593333 1.208889 2.035556 0.433333 0.135555 0.0000 0.015555 0.442222 1.364444 2.902222 1.082222 0.0000 0.768888 3.944444 0.253333 0.013333 0.033333 0.12000 0.751111 0.226666 1.173333 0.013333 0.0000
2.884444 5.982222 4.131111 5.86000 5.751111 1.973333 2.026667 2.742222 3.542222 0.953333 0.513333 0.671111 0.0000 0.177777 1.368889 3.293333 3.313333 5.424444 5.866667 3.777778 5.52000 2.6000 0.748888 1.735556 1.944444 1.555556 3.015556 2.175556 1.448889 0.946666 0.975555 0.062222 0.377777 0.08000 3.017778 3.195556 1.635556 1.813333 0.34000 2.491111 1.871111 0.597777 0.013333 0.04000 0.0000 0.117777 2.904444 4.775556 0.8000 0.18000 2.075556 0.691111 1.433333 0.402222 0.1000 3.093333 1.96000 0.66000 0.695555 2.513333 3.708889 0.72000 0.033333 0.0000 0.0000 0.022222
3.795556 6.0000 5.844444 5.295556 5.1000 1.811111 1.593333 0.08000 0.191111 0.877777 2.937778 1.913333 0.664444 0.002222 1.611111 1.9000 1.346667 1.531111 4.026667 3.86000 5.991111 4.513333 0.0000 0.091111 0.128888 0.388888 1.586667 0.895555 2.222222 2.126667 0.457777 2.273333 4.411111 0.0000 0.253333 0.806666 0.104444 0.073333 0.0000 0.406666 0.533333 0.12000 0.724444 1.817778 1.546667 1.1000 2.897778 2.944444 1.146667 0.0000 0.031111 0.886666 0.815555 0.862222 3.402222 0.68000 3.026667 4.991111 3.955556 3.782222 4.68000 1.235556 0.0000 0.273333 0.237777 0.0000
4.066667 6.0000 5.982222 1.437778 1.928889 1.973333 4.313333 0.48000 0.475555 0.628888 1.86000 1.873333 0.34000 1.96000 3.024444 4.66000 5.691111 4.422222 3.395556 2.486667 5.366667 4.675556 1.264444 1.484444 0.313333 0.093333 1.426667 4.157778 4.88000 3.966667 0.482222 0.853333 3.153333 2.624444 0.006666 0.0000 0.0000 0.0000 0.0000 0.0000 0.057777 1.36000 0.728888 2.591111 0.062222 1.191111 0.013333 0.186666 1.017778 0.0000 0.06000 2.513333 1.477778 2.291111 0.977777 2.111111 5.508889 5.386667 5.862222 4.022222 2.853333 1.044444 1.451111 2.964444 0.362222 0.006666
3.762222 6.0000 6.0000 3.18000 0.093333 1.971111 0.851111 0.0000 0.053333 0.0000 0.715555 0.955555 2.562222 1.771111 2.182222 5.904444 5.531111 5.226667 5.911111 5.848889 5.917778 6.0000 1.597778 3.786667 0.0000 0.0000 1.402222 3.695556 5.535556 2.697778 1.955556 5.728889 5.982222 4.78000 2.115556 0.113333 0.324444 0.111111 0.0000 0.135555 0.157777 0.006666 0.382222 2.166667 1.3000 0.186666 0.426666 0.18000 0.977777 2.395556 0.88000 0.837777 4.073333 3.391111 3.346667 4.995556 2.286667 4.328889 4.077778 1.004444 0.033333 2.137778 1.22000 2.242222 2.311111 0.455555
3.302222 6.0000 6.0000 5.897778 5.528889 4.302222 5.857778 2.6000 2.264444 3.217778 2.891111 1.184444 3.868889 1.644444 3.611111 5.917778 6.0000 5.915556 6.0000 5.8000 5.844444 6.0000 2.446667 2.177778 0.111111 0.017777 0.531111 2.186667 4.297778 2.488889 3.08000 5.566667 5.602222 2.364444 0.026666 0.0000 0.568888 2.52000 1.808889 0.0000 0.0000 0.268888 2.235556 3.035556 0.04000 0.542222 2.224444 0.111111 0.537777 0.337777 1.526667 2.051111 0.095555 1.068889 3.666667 1.708889 0.553333 0.764444 2.875556 0.464444 0.0000 0.095555 3.073333 1.562222 4.813333 1.202222
4.748889 5.706667 5.033333 5.213333 6.0000 6.0000 5.391111 1.748889 4.26000 3.106667 4.126667 2.104444 4.635556 3.877778 3.342222 2.666667 4.146667 5.875556 6.0000 6.0000 6.0000 6.0000 4.797778 1.166667 3.522222 5.226667 4.448889 2.606667 3.162222 0.273333 0.784444 5.553333 3.106667 1.062222 0.0000 0.0000 0.0000 0.155555 0.382222 0.0000 0.0000 0.0000 0.0000 0.0000 0.0000 0.428888 3.484444 0.435555 2.662222 3.76000 1.362222 1.697778 1.331111 2.164444 0.62000 0.006666 0.017777 0.393333 0.115555 0.104444 0.557777 0.008888 0.262222 3.1000 4.182222 3.82000
3.677778 3.482222 0.448888 0.793333 5.462222 5.791111 4.213333 0.388888 1.735556 1.215556 0.931111 0.151111 2.171111 1.34000 1.957778 1.948889 1.062222 2.4000 5.891111 6.0000 5.631111 1.477778 2.26000 1.433333 5.28000 5.351111 5.695556 4.853333 5.613333 1.057778 4.697778 4.248889 0.54000 0.0000 1.151111 0.02000 0.0000 0.0000 0.0000 0.0000 0.0000 0.0000 0.0000 0.0000 0.0000 0.0000 0.0000 0.0000 2.482222 5.951111 4.728889 1.753333 5.835556 6.0000 5.915556 5.024444 2.62000 0.226666 0.062222 0.271111 0.102222 0.075555 0.066666 0.171111 2.046667 2.277778
0.795555 0.637777 0.02000 0.033333 3.875556 3.184444 2.075556 3.251111 3.92000 4.36000 4.68000 5.571111 3.48000 0.511111 4.108889 5.16000 4.237778 3.206667 5.424444 6.0000 4.557778 0.042222 1.708889 2.893333 4.942222 2.493333 0.373333 1.262222 2.231111 3.648889 5.226667 5.115556 1.793333 2.186667 3.568889 0.515555 0.0000 0.0000 0.0000 0.0000 0.0000 0.0000 0.0000 0.0000 0.0000 0.0000 0.0000 0.0000 0.431111 2.26000 0.951111 2.255556 6.0000 6.0000 6.0000 6.0000 4.982222 1.153333 0.102222 0.0000 0.0000 0.08000 1.944444 5.068889 3.88000 3.037778
0.0000 0.0000 0.868888 3.313333 4.253333 5.257778 2.024444 3.735556 3.993333 5.031111 6.0000 6.0000 4.197778 4.94000 5.882222 1.266667 2.417778 5.315556 4.613333 3.328889 3.442222 2.333333 1.215556 0.128888 5.124444 1.773333 0.0000 0.488888 1.035556 5.5000 4.893333 1.386667 4.451111 1.38000 0.055555 0.0000 0.0000 0.0000 0.0000 0.0000 0.0000 0.0000 0.0000 0.0000 0.0000 0.0000 0.0000 0.0000 0.0000 0.0000 0.0000 2.944444 5.944444 6.0000 6.0000 6.0000 3.38000 3.244444 1.922222 0.091111 1.306667 4.655556 5.635556 4.72000 2.262222 4.491111
0.024444 0.004444 0.442222 1.695556 3.495556 5.86000 3.726667 2.32000 5.997778 3.828889 5.044444 5.911111 5.404444 4.762222 4.617778 2.968889 1.168889 4.5000 1.104444 0.448888 2.506667 3.826667 5.493333 3.191111 4.444444 0.526666 0.0000 0.715555 1.653333 3.92000 4.615556 5.371111 1.297778 0.0000 0.0000 0.0000 0.0000 0.0000 0.0000 0.0000 0.0000 0.0000 0.0000 0.0000 0.0000 0.0000 0.0000 0.0000 0.0000 0.0000 0.0000 1.593333 5.088889 6.0000 6.0000 5.991111 3.537778 4.406667 5.773333 5.204444 5.695556 5.684444 6.0000 6.0000 5.964444 5.973333
1.951111 2.102222 1.562222 1.457778 0.06000 1.88000 2.966667 2.357778 5.86000 3.537778 4.475556 3.724444 0.691111 0.257777 1.268889 1.953333 1.231111 0.0000 0.013333 0.646666 2.626667 1.091111 2.464444 0.508888 0.0000 0.053333 0.0000 1.142222 5.582222 1.953333 5.091111 5.942222 4.415556 0.266666 0.828888 1.315556 0.0000 0.0000 0.0000 0.0000 0.0000 0.0000 0.0000 0.0000 0.0000 0.0000 0.0000 0.0000 0.0000 0.0000 0.286666 1.88000 4.893333 6.0000 6.0000 6.0000 5.964444 6.0000 6.0000 5.857778 5.242222 5.18000 6.0000 6.0000 6.0000 6.0000
5.075556 4.257778 0.302222 3.062222 1.686667 1.228889 2.142222 2.015556 2.413333 1.115556 0.228888 1.78000 1.857778 2.551111 1.533333 3.366667 2.095556 0.766666 0.0000 0.677777 0.082222 1.175556 1.182222 0.691111 1.526667 0.142222 0.488888 2.315556 5.773333 3.597778 5.891111 5.735556 5.944444 5.751111 5.988889 5.784444 0.728888 0.0000 0.051111 0.277777 0.0000 0.0000 0.0000 0.751111 0.748888 0.0000 0.0000 0.0000 0.0000 0.0000 2.535556 4.895556 5.364444 6.0000 6.0000 6.0000 6.0000 6.0000 6.0000 6.0000 5.253333 5.444444 6.0000 6.0000 6.0000 6.0000
4.786667 5.491111 4.177778 1.146667 3.544444 5.411111 5.782222 5.82000 4.98000 2.54000 2.271111 4.313333 3.837778 0.331111 2.948889 4.111111 4.36000 2.837778 2.135556 3.531111 4.866667 5.362222 0.897777 0.657777 1.973333 0.5000 0.94000 1.695556 4.246667 3.675556 6.0000 6.0000 6.0000 6.0000 6.0000 5.982222 1.46000 1.028889 3.882222 4.953333 1.224444 0.0000 0.0000 0.426666 0.811111 0.031111 0.013333 0.811111 0.953333 0.066666 0.162222 2.944444 6.0000 6.0000 6.0000 6.0000 6.0000 6.0000 6.0000 6.0000 6.0000 5.911111 5.982222 6.0000 6.0000 6.0000
5.24000 5.0000 2.491111 4.193333 4.595556 5.906667 6.0000 6.0000 5.946667 6.0000 6.0000 6.0000 5.951111 1.62000 1.153333 1.904444 3.962222 5.944444 6.0000 6.0000 5.355556 4.108889 5.235556 2.908889 0.193333 0.08000 2.911111 5.877778 5.162222 5.942222 5.742222 6.0000 6.0000 6.0000 6.0000 6.0000 5.175556 3.86000 5.717778 4.815556 3.677778 0.411111 0.0000 0.0000 0.128888 0.608888 3.591111 5.991111 6.0000 5.284444 5.104444 5.846667 6.0000 6.0000 6.0000 5.902222 6.0000 6.0000 6.0000 6.0000 6.0000 5.911111 5.991111 6.0000 5.7000 5.18000
1.506667 3.262222 6.0000 5.782222 6.0000 5.902222 5.635556 5.662222 5.304444 5.097778 5.691111 5.937778 4.275556 3.704444 1.751111 2.762222 4.78000 6.0000 6.0000 5.991111 6.0000 6.0000 6.0000 4.622222 1.848889 3.724444 5.273333 5.853333 5.951111 5.817778 5.982222 6.0000 6.0000 6.0000 6.0000 6.0000 5.448889 1.42000 5.86000 4.853333 0.284444 0.528888 0.564444 2.637778 3.904444 5.16000 6.0000 6.0000 6.0000 6.0000 6.0000 6.0000 6.0000 6.0000 6.0000 5.946667 5.411111 6.0000 6.0000 6.0000 6.0000 6.0000 6.0000 6.0000 6.0000 6.0000
2.497778 5.277778 5.955556 6.0000 6.0000 6.0000 6.0000 6.0000 5.197778 4.222222 5.051111 5.902222 6.0000 6.0000 6.0000 6.0000 6.0000 6.0000 6.0000 5.406667 5.74000 6.0000 6.0000 6.0000 5.76000 5.991111 6.0000 6.0000 6.0000 6.0000 6.0000 6.0000 6.0000 6.0000 6.0000 6.0000 6.0000 2.357778 1.713333 1.271111 0.573333 1.931111 5.875556 6.0000 6.0000 6.0000 6.0000 6.0000 6.0000 6.0000 6.0000 6.0000 6.0000 5.6000 5.991111 5.542222 5.864444 6.0000 5.984444 5.997778 6.0000 6.0000 6.0000 6.0000 6.0000 6.0000
5.6000 6.0000 6.0000 6.0000 6.0000 6.0000 4.462222 3.584444 5.475556 5.546667 4.848889 5.982222 5.893333 6.0000 6.0000 6.0000 6.0000 6.0000 6.0000 5.524444 6.0000 5.946667 6.0000 5.982222 5.711111 6.0000 6.0000 6.0000 6.0000 6.0000 6.0000 6.0000 6.0000 6.0000 6.0000 5.355556 5.848889 2.033333 0.0000 0.0000 0.324444 3.484444 6.0000 6.0000 6.0000 6.0000 6.0000 6.0000 6.0000 6.0000 6.0000 6.0000 6.0000 6.0000 6.0000 5.946667 5.273333 5.3000 3.504444 5.033333 5.697778 6.0000 6.0000 6.0000 6.0000 6.0000
5.6000 6.0000 6.0000 6.0000 6.0000 6.0000 5.477778 3.744444 5.824444 6.0000 5.442222 6.0000 6.0000 6.0000 6.0000 6.0000 6.0000 6.0000 5.902222 6.0000 6.0000 6.0000 6.0000 5.92000 5.991111 5.848889 5.982222 5.88000 6.0000 6.0000 5.955556 5.991111 6.0000 6.0000 6.0000 5.962222 5.977778 2.622222 0.0000 0.0000 2.537778 2.717778 4.602222 6.0000 6.0000 6.0000 6.0000 6.0000 6.0000 6.0000 6.0000 6.0000 6.0000 6.0000 6.0000 4.708889 4.748889 5.493333 3.397778 4.722222 5.837778 6.0000 6.0000 6.0000 6.0000 6.0000
5.6000 6.0000 6.0000 6.0000 6.0000 6.0000 6.0000 6.0000 5.946667 6.0000 5.704444 6.0000 5.982222 6.0000 6.0000 6.0000 6.0000 6.0000 6.0000 6.0000 6.0000 6.0000 6.0000 6.0000 6.0000 6.0000 6.0000 6.0000 6.0000 6.0000 6.0000 5.973333 6.0000 6.0000 6.0000 5.993333 4.422222 0.066666 0.0000 0.0000 0.0000 1.428889 3.326667 6.0000 6.0000 6.0000 6.0000 6.0000 6.0000 6.0000 6.0000 6.0000 6.0000 6.0000 6.0000 5.16000 4.813333 2.52000 5.071111 5.691111 5.711111 5.982222 5.617778 6.0000 6.0000 6.0000
5.6000 6.0000 6.0000 6.0000 6.0000 6.0000 6.0000 6.0000 6.0000 6.0000 6.0000 5.917778 3.553333 2.533333 6.0000 6.0000 6.0000 6.0000 6.0000 6.0000 6.0000 6.0000 6.0000 6.0000 6.0000 6.0000 6.0000 6.0000 6.0000 5.911111 5.931111 4.917778 6.0000 6.0000 6.0000 6.0000 6.0000 3.833333 0.077777 0.0000 0.0000 3.595556 6.0000 6.0000 6.0000 6.0000 6.0000 6.0000 6.0000 6.0000 6.0000 6.0000 6.0000 6.0000 6.0000 5.546667 4.017778 3.211111 4.311111 3.675556 2.895556 4.688889 5.862222 6.0000 6.0000 6.0000
