data/outputs/Sarzedas de Vasco/2015/resolution_1/CONT_NORM_1_55.asc
ncols         27
nrows         27
xllcorner     -8.222016814931
yllcorner      39.947705019877
cellsize       0.000494626880
NODATA_value  -9999
24 68 62 45 77 90 81 45 36 24 15 24 29 51 35 75 77 92 100 99 100 98 83 87 97 77 82
54 35 52 69 96 57 69 18 20 29 22 38 20 28 22 20 35 46 90 100 99 98 90 53 76 40 54
75 52 28 21 59 62 16 33 26 24 14 17 20 12 21 47 37 7 44 69 89 89 72 6 31 87 78
78 66 32 39 75 96 39 55 56 13 8 10 11 34 41 31 10 37 33 54 88 58 47 3 48 97 83
12 59 71 68 54 50 49 25 67 11 0 0 0 10 88 68 45 74 85 100 90 33 16 85 92 56 72
58 56 62 43 47 48 21 48 92 77 36 5 13 33 95 100 96 99 100 100 78 7 65 93 30 20 18
85 95 86 91 93 98 90 98 100 99 35 57 96 100 99 92 94 100 100 95 62 17 89 97 99 98 97
98 100 96 82 99 100 96 96 92 98 39 66 100 100 100 78 83 93 99 70 100 98 96 87 98 100 100
89 99 97 66 74 76 52 21 69 68 89 76 88 100 100 96 94 95 87 67 99 100 70 47 48 74 79
92 92 88 91 96 74 51 79 95 73 46 70 55 74 100 100 98 95 98 91 94 99 99 76 51 97 97
20 59 36 20 37 7 45 91 66 63 47 92 97 83 86 97 84 98 95 100 97 100 75 35 88 96 75
72 97 95 85 44 57 63 90 57 56 91 99 97 48 91 74 78 89 94 100 98 100 80 69 60 62 76
71 100 98 96 53 94 92 80 60 88 86 89 70 79 85 35 41 99 100 99 100 100 63 83 99 83 86
84 90 94 83 82 76 30 28 38 45 28 43 33 50 63 22 55 99 78 80 70 100 91 99 100 98 99
86 84 66 90 95 66 60 67 80 47 81 67 28 42 17 39 32 60 61 77 84 100 91 84 100 100 90
92 98 99 93 85 98 100 83 61 22 82 38 48 61 62 56 53 93 99 90 87 96 92 89 99 82 76
93 95 100 99 96 100 99 98 90 54 27 27 42 75 90 85 64 85 97 96 100 99 97 89 98 88 92
68 60 84 97 75 98 100 100 92 41 54 74 98 100 98 72 68 59 96 100 100 99 82 84 99 78 72
53 44 60 51 39 74 92 94 80 83 82 85 95 100 99 100 100 97 97 87 86 100 76 94 98 88 53
36 54 47 42 59 55 90 86 85 63 91 92 92 91 90 92 90 99 99 83 94 92 78 100 100 80 70
68 65 25 86 96 99 100 96 94 85 95 97 92 72 94 74 73 93 91 75 96 92 79 72 87 99 97
84 86 84 91 86 97 88 87 87 99 100 100 89 82 96 75 58 92 98 91 100 77 19 78 82 97 92
14 23 81 96 55 65 88 47 77 94 58 91 100 99 100 91 85 99 100 96 94 79 47 42 99 95 62
27 80 69 94 79 21 59 52 97 100 98 98 99 78 99 98 83 97 100 100 78 65 29 73 76 63 70
61 45 71 87 75 28 64 83 75 93 73 69 98 28 77 84 99 98 100 93 51 24 22 62 30 78 93
16 58 88 68 29 65 67 69 69 51 45 27 47 71 27 89 98 92 87 60 56 53 46 77 75 67 61
21 49 73 33 33 58 52 53 78 6 48 51 15 38 89 68 61 91 55 93 98 80 43 51 98 82 24
