data/outputs/Sarzedas de Vasco/2015/resolution_1/CONT_SPEC_1_55.asc
ncols         27
nrows         27
xllcorner     -8.222016814931
yllcorner      39.947705019877
cellsize       0.000494626880
NODATA_value  -9999
1.449421 4.062479 3.741488 2.721488 4.603140 5.385785 4.885455 2.675537 2.170744 1.449421 0.917024 1.413884 1.736529 3.032727 2.080826 4.504959 4.648760 5.530744 6.0000 5.963967 5.983140 5.866777 4.965785 5.201653 5.792397 4.607273 4.943967
3.24000 2.078347 3.144959 4.152562 5.739339 3.390248 4.154545 1.070413 1.194876 1.759339 1.328760 2.281818 1.207769 1.697355 1.305950 1.192231 2.091405 2.767273 5.406281 6.0000 5.910909 5.884793 5.397025 3.159008 4.580165 2.398347 3.243802
4.501322 3.093719 1.704959 1.279504 3.568595 3.729917 0.98000 1.995207 1.563967 1.465455 0.810082 1.019835 1.195041 0.696198 1.247438 2.821818 2.197521 0.400661 2.626942 4.112727 5.326116 5.348430 4.349917 0.38000 1.856033 5.244793 4.675041
4.666446 3.963802 1.891901 2.334711 4.506777 5.743802 2.321653 3.290083 3.371736 0.781983 0.455371 0.602148 0.688760 2.021818 2.487438 1.858678 0.578677 2.247273 1.950083 3.215372 5.267603 3.495702 2.828926 0.157851 2.851901 5.791736 4.988595
0.743966 3.519008 4.271570 4.092562 3.251736 3.025455 2.941157 1.502314 4.022149 0.659669 0.0000 0.0000 0.0000 0.609752 5.302479 4.068595 2.715868 4.438843 5.088099 6.0000 5.413388 1.979008 0.988760 5.089587 5.510248 3.385785 4.324298
3.506942 3.363471 3.734215 2.570744 2.811240 2.870083 1.265455 2.899008 5.502975 4.598017 2.133554 0.286942 0.772562 1.984628 5.711901 5.992727 5.76000 5.916694 6.0000 6.0000 4.661653 0.434545 3.888760 5.570413 1.796529 1.190083 1.050744
5.078843 5.698347 5.173719 5.480165 5.552066 5.889256 5.404628 5.880826 5.981157 5.952066 2.118017 3.449752 5.781653 6.0000 5.969587 5.505950 5.630413 6.0000 6.0000 5.679008 3.690248 1.027769 5.334380 5.808264 5.958512 5.859174 5.845950
5.890909 6.0000 5.788595 4.910579 5.921157 6.0000 5.769091 5.743967 5.504298 5.872562 2.325950 3.950413 6.0000 6.0000 5.981818 4.669256 4.965455 5.565289 5.922479 4.209421 5.997355 5.851570 5.741157 5.233058 5.865124 5.981157 6.0000
5.355868 5.963967 5.834711 3.989421 4.458017 4.536529 3.12000 1.279669 4.137851 4.064793 5.359339 4.531405 5.296694 6.0000 6.0000 5.774050 5.632066 5.687273 5.224793 4.006612 5.966942 6.0000 4.181157 2.835702 2.867603 4.449256 4.714380
5.511736 5.526942 5.290909 5.450413 5.755372 4.458017 3.077851 4.754050 5.686612 4.403967 2.749752 4.214380 3.283140 4.428099 6.0000 6.0000 5.904463 5.727934 5.902314 5.446116 5.658678 5.968595 5.964959 4.570248 3.089256 5.831405 5.802479
1.179008 3.525950 2.184298 1.181488 2.235041 0.442809 2.696529 5.433719 3.934545 3.754050 2.844463 5.497190 5.835207 4.952397 5.163471 5.832562 5.049421 5.882975 5.729917 5.977851 5.823967 6.0000 4.483306 2.115372 5.307107 5.745455 4.479339
4.303471 5.830744 5.704463 5.075372 2.662314 3.407107 3.762645 5.412231 3.393554 3.353884 5.439339 5.958347 5.831240 2.897851 5.484793 4.431901 4.676198 5.329256 5.639669 6.0000 5.904463 5.999339 4.795207 4.157025 3.605950 3.712397 4.564132
4.244793 5.991901 5.883306 5.775537 3.179504 5.667934 5.517686 4.810909 3.605455 5.251901 5.187273 5.360992 4.194215 4.712727 5.102479 2.080496 2.450744 5.941157 6.0000 5.967603 5.971901 6.0000 3.787769 4.979669 5.964463 5.001653 5.177851
5.067438 5.417521 5.628264 4.972893 4.932231 4.587107 1.770909 1.659174 2.296694 2.699835 1.669587 2.570083 1.962314 3.019835 3.781983 1.315207 3.288099 5.949421 4.708430 4.819008 4.217190 6.0000 5.458017 5.944793 5.982149 5.868099 5.931570
5.137025 5.057851 3.956529 5.419669 5.674545 3.980992 3.605785 4.026777 4.802975 2.838678 4.834711 3.998347 1.662975 2.535207 1.013554 2.326777 1.897025 3.593554 3.664463 4.606446 5.058182 5.985455 5.483306 5.031405 5.986777 5.971570 5.389256
5.543140 5.857355 5.944463 5.609917 5.127107 5.877025 6.0000 4.995207 3.642645 1.291074 4.915041 2.289091 2.891074 3.666777 3.736364 3.386116 3.152562 5.605950 5.922149 5.411240 5.243967 5.742314 5.509917 5.336860 5.968264 4.901983 4.565950
5.605289 5.714050 5.973223 5.939174 5.738678 5.984793 5.954711 5.870083 5.408099 3.214215 1.592397 1.602975 2.534876 4.526942 5.399339 5.071570 3.845950 5.104463 5.793719 5.774215 6.0000 5.911736 5.815537 5.338512 5.883967 5.268099 5.532893
4.090909 3.613554 5.018017 5.830579 4.495537 5.898182 5.988760 5.988760 5.529256 2.451405 3.233554 4.455207 5.891570 5.986116 5.894545 4.32000 4.070909 3.542645 5.772066 6.0000 6.0000 5.920331 4.947107 5.064628 5.929587 4.701488 4.342810
3.160496 2.643636 3.600661 3.061983 2.336033 4.459669 5.503140 5.635207 4.816364 4.955041 4.929917 5.079669 5.702314 5.996694 5.931901 5.985455 5.996694 5.843471 5.807273 5.195702 5.170248 6.0000 4.566942 5.656860 5.862314 5.306281 3.151074
2.143802 3.212893 2.818182 2.515207 3.561488 3.297025 5.400165 5.143967 5.091240 3.765289 5.481322 5.519008 5.500165 5.447934 5.416529 5.497521 5.421322 5.939339 5.927769 5.009421 5.657025 5.495702 4.687438 5.975868 6.0000 4.774711 4.180165
4.101653 3.887934 1.476198 5.170744 5.735702 5.959669 5.999339 5.788099 5.643140 5.110579 5.723967 5.841653 5.534545 4.335702 5.630579 4.439174 4.372066 5.564298 5.471074 4.528264 5.750413 5.545124 4.760331 4.342479 5.222645 5.952397 5.824959
5.036033 5.153388 5.027107 5.437190 5.172066 5.814050 5.273058 5.22000 5.213554 5.933058 5.977851 5.984463 5.311570 4.938512 5.740331 4.501157 3.476860 5.529256 5.862149 5.472397 6.0000 4.634380 1.168760 4.658512 4.891240 5.795537 5.526777
0.818843 1.394050 4.832562 5.733554 3.298182 3.908099 5.298347 2.808595 4.594215 5.626612 3.475702 5.489917 5.976198 5.934050 6.0000 5.459669 5.070248 5.949421 5.976364 5.784628 5.636033 4.759835 2.798678 2.549587 5.911736 5.72000 3.704793
1.618512 4.791240 4.161322 5.639669 4.752397 1.281322 3.520165 3.108926 5.849917 5.996694 5.889256 5.878678 5.920661 4.682314 5.961983 5.870413 4.967438 5.825289 6.0000 6.0000 4.701488 3.9000 1.766612 4.366281 4.587603 3.802975 4.212231
3.634545 2.724463 4.242810 5.229091 4.475702 1.650413 3.860661 5.004628 4.523636 5.585289 4.399174 4.157355 5.858512 1.667273 4.591570 5.027438 5.958182 5.882149 5.986612 5.568595 3.087603 1.459669 1.302149 3.742645 1.791901 4.692562 5.592397
0.931570 3.487769 5.300826 4.052397 1.738678 3.897851 4.022149 4.161322 4.138347 3.068926 2.701983 1.591405 2.82000 4.260826 1.642810 5.358843 5.880165 5.493554 5.248430 3.571570 3.351074 3.158182 2.757355 4.625950 4.492397 4.038347 3.689917
1.249091 2.935041 4.367603 1.985124 2.007107 3.509587 3.095207 3.208926 4.676860 0.379008 2.907438 3.039504 0.895041 2.292397 5.365785 4.101983 3.667438 5.486446 3.310579 5.592397 5.856033 4.778512 2.551736 3.074711 5.864463 4.9000 1.434215
