data/outputs/Sarzedas de Vasco/2015/resolution_1/CONT_TOTAL_1_10.asc
ncols         150
nrows         150
xllcorner     -8.222016814931
yllcorner      39.947705019877
cellsize       0.000089932160
NODATA_value  -9999
[rows 86 to 128 of 150, columns 0 to 95 of 150]
407 600 600 600 600 600 600 600 600 600 600 600 600 600 600 600 600 571 587 507 493 577 600 600 487 399 563 600 580 588 592 567 541 600 600 600 600 600 600 600 597 186 53 80 187 182 69 468 187 124 4 10 29 251 25 279 491 600 519 598 600 587 115 0 155 586 170 75 170 157 355 574 344 397 485 569 419 411 354 588 384 112 194 363 600 600 521 174 173 528 210 487 588 586 573 598
355 600 600 600 600 600 597 583 570 600 600 600 600 600 600 600 553 598 598 523 557 600 577 600 286 454 533 582 490 600 586 572 600 600 600 600 600 600 600 600 600 597 568 256 185 352 495 590 512 81 4 21 5 40 202 356 513 393 335 600 600 541 456 286 114 163 128 141 93 113 517 369 36 432 508 504 600 600 474 466 346 389 332 578 583 354 90 56 48 81 140 440 588 578 600 590
400 600 600 600 440 365 550 446 564 600 600 600 600 600 600 600 600 600 600 569 588 578 577 575 159 154 587 600 600 600 600 600 600 600 600 600 600 600 600 600 600 600 579 538 517 600 600 600 597 229 252 300 131 556 537 93 287 403 512 600 594 554 261 43 5 251 309 15 284 512 585 130 0 57 325 600 600 600 600 598 581 497 405 570 302 12 39 112 253 458 114 144 600 600 600 600
177 542 600 588 574 600 547 590 600 600 600 600 600 600 600 600 600 600 600 598 536 316 501 462 313 118 481 600 600 600 600 600 600 600 600 600 600 600 600 600 600 600 406 553 561 600 600 600 600 600 572 439 90 264 323 429 466 506 600 456 82 84 129 30 83 453 393 477 201 187 529 244 37 100 572 528 589 582 600 555 444 595 432 287 177 115 21 146 291 133 224 0 404 600 600 600
400 600 600 600 600 600 572 491 474 600 600 600 600 600 600 600 600 600 600 600 600 600 600 572 568 532 559 600 600 600 600 600 600 600 600 600 600 600 600 600 600 600 543 576 600 600 600 600 600 306 237 1 72 48 1 4 178 425 586 369 441 257 53 410 143 474 306 330 169 517 578 291 304 556 600 520 267 482 600 491 157 600 600 600 555 600 531 418 520 555 515 82 56 482 560 514
518 600 600 600 600 578 598 460 354 589 600 600 600 600 600 600 600 600 600 600 600 600 600 600 600 600 600 600 600 600 600 600 600 600 600 588 574 600 600 600 600 600 576 567 598 600 600 545 473 377 402 249 27 0 0 0 47 535 331 207 397 316 181 279 76 465 158 133 308 260 114 580 600 600 588 600 568 557 600 600 600 600 453 529 600 600 600 600 187 187 575 576 499 348 586 600
476 512 587 600 600 600 600 531 600 600 600 600 600 600 600 600 600 600 600 600 600 600 600 600 600 600 600 600 600 600 600 600 600 600 600 600 582 600 600 600 578 527 600 600 600 588 245 258 374 415 600 420 466 456 381 97 10 28 1 0 0 16 42 307 39 364 209 86 205 10 93 186 495 600 516 205 524 600 600 600 576 427 243 421 600 600 600 600 413 71 456 600 599 494 405 578
540 600 546 512 556 600 600 600 600 600 600 600 600 600 566 600 600 600 600 600 600 600 600 600 600 600 600 600 600 600 600 600 600 600 578 600 600 600 600 600 576 600 600 600 600 596 479 546 600 600 590 557 552 600 529 66 11 0 0 0 9 0 10 18 0 0 0 47 458 64 102 428 581 569 122 35 312 535 600 600 316 565 598 583 416 364 591 600 590 424 520 588 584 207 342 268
540 600 600 591 532 471 566 588 600 600 600 600 589 568 596 600 600 600 600 600 600 600 600 600 600 600 600 600 600 600 600 564 590 600 541 600 600 600 600 600 600 600 600 600 559 539 600 596 568 600 269 203 505 396 291 78 89 123 122 0 0 0 72 210 134 108 307 164 87 291 551 580 503 586 482 374 484 600 600 600 598 600 600 596 572 563 228 252 356 513 212 28 162 363 11 360
540 600 600 600 600 600 600 600 600 564 418 455 597 600 600 600 600 600 600 600 600 600 600 600 600 600 600 600 600 578 600 553 579 597 600 600 600 600 600 600 600 600 600 600 453 458 557 357 347 419 135 137 142 178 301 444 261 326 113 0 0 5 288 230 357 578 484 426 598 600 600 600 600 600 600 600 600 600 600 600 600 600 600 600 600 600 587 329 240 569 530 61 58 0 0 57
540 600 565 342 188 505 582 600 593 551 599 547 523 509 600 600 600 600 600 600 600 600 600 600 600 598 600 600 568 588 564 598 474 582 600 600 600 600 600 600 600 600 600 588 600 598 555 596 600 567 313 63 20 249 385 481 493 27 193 115 45 218 202 382 379 543 600 578 600 600 600 600 600 600 600 600 600 600 600 600 600 600 600 600 600 410 302 231 326 571 600 383 147 7 0 0
63 373 210 237 364 505 509 534 384 77 543 431 580 501 424 600 600 600 600 600 600 600 600 600 600 455 273 598 600 600 590 600 600 600 600 600 600 600 600 600 600 600 600 600 600 600 600 598 600 589 233 158 18 161 505 598 359 116 74 44 383 396 515 507 563 577 600 600 600 600 600 588 574 600 600 600 600 600 600 600 600 581 600 600 434 47 187 39 373 496 600 590 331 255 7 294
219 188 189 404 487 294 113 155 138 41 339 463 443 590 433 391 600 600 600 600 600 600 600 372 329 526 441 600 600 600 600 600 600 600 600 600 600 600 600 600 600 600 582 600 600 600 600 571 598 600 464 212 213 250 108 446 528 454 416 228 354 522 521 593 584 600 600 600 600 600 600 600 594 600 600 600 600 600 600 600 510 494 467 596 600 447 331 143 154 589 600 600 502 300 340 447
492 446 479 154 352 170 3 184 130 382 250 418 258 482 600 572 340 558 600 600 600 600 572 47 0 3 90 594 600 600 600 600 600 600 600 600 600 600 600 600 600 600 596 600 600 600 600 523 290 363 236 326 261 91 218 588 588 328 473 391 407 465 598 600 600 600 600 600 600 600 588 600 600 600 600 600 600 600 600 600 600 595 600 582 598 580 181 53 15 223 600 598 600 589 571 540
538 583 546 295 524 557 156 65 275 241 279 268 130 444 590 534 355 173 491 600 600 569 590 154 0 0 174 600 600 600 600 600 600 588 600 600 600 600 600 600 600 600 600 600 600 598 600 600 597 600 483 267 103 95 567 540 429 412 322 445 323 322 527 600 600 600 600 600 600 600 600 600 600 600 600 600 600 600 600 600 600 600 600 600 600 600 573 263 337 570 598 555 600 592 599 592
530 596 492 300 192 278 167 167 251 154 125 301 491 561 588 548 574 590 235 250 483 536 338 0 0 0 424 600 600 516 564 600 600 600 600 600 600 600 600 600 600 600 600 598 411 454 600 600 545 507 498 285 304 543 550 424 407 476 600 556 503 588 562 581 600 600 600 600 600 600 600 600 600 600 600 600 600 600 600 600 600 600 600 600 600 600 600 600 600 600 600 600 600 600 600 600
436 514 452 262 7 38 181 141 325 107 195 537 567 398 402 536 600 598 339 221 142 406 64 0 0 73 596 588 586 572 600 564 588 596 598 600 600 600 600 600 600 600 600 528 313 576 600 600 596 484 588 600 600 600 600 533 559 245 303 491 566 600 588 433 600 600 600 600 600 600 600 600 600 600 600 600 600 600 600 600 600 600 600 600 600 600 600 600 600 600 600 600 600 600 600 600
163 119 97 305 92 183 216 196 290 230 203 214 358 464 362 598 570 586 359 172 0 0 0 0 0 366 600 551 321 586 276 97 383 399 566 600 600 600 600 600 600 600 600 588 597 569 542 590 545 594 588 600 600 600 600 600 600 577 533 138 462 600 362 310 483 416 600 600 600 600 600 600 600 600 600 600 600 600 600 600 600 600 600 600 600 600 600 600 600 600 600 600 600 600 600 600
276 432 323 439 162 201 199 244 462 470 504 172 102 138 333 394 192 400 393 216 0 0 0 0 101 593 568 464 321 166 35 235 463 407 510 589 600 600 600 600 595 418 425 442 345 349 303 524 341 346 552 480 488 479 596 576 588 506 543 598 598 570 240 520 479 181 406 600 600 600 600 600 600 600 600 600 600 600 600 600 600 598 600 600 600 600 600 600 600 600 600 600 600 600 600 515
471 503 276 226 52 296 304 549 442 250 353 280 46 80 152 191 26 320 497 202 0 0 0 0 183 468 598 578 554 267 294 269 492 482 280 121 553 600 600 600 600 595 354 356 302 213 394 464 357 464 376 278 554 542 374 581 527 358 600 600 600 557 600 590 585 250 56 439 600 600 600 600 600 600 600 590 600 598 546 600 534 519 600 600 600 600 600 600 600 600 600 600 600 588 600 573
158 395 258 259 265 503 576 536 500 308 60 123 134 377 94 199 348 404 471 11 0 0 0 32 576 426 361 600 597 444 172 236 340 270 192 257 594 600 600 600 509 525 273 451 479 597 598 590 591 562 570 344 463 569 491 572 600 600 600 582 551 600 579 600 455 61 45 323 600 600 600 600 600 600 568 518 555 416 518 477 387 586 600 574 598 600 600 600 600 538 595 600 600 600 600 600
154 234 160 97 280 548 571 466 184 108 54 52 284 177 178 395 598 563 346 0 0 0 0 16 551 464 159 454 344 207 300 166 257 245 479 501 600 600 600 600 586 424 106 136 597 600 588 600 600 586 596 384 553 600 582 552 594 600 600 598 560 600 579 589 579 503 363 600 600 600 595 511 600 579 554 538 532 458 479 424 565 566 600 520 295 547 532 421 548 524 533 600 600 579 600 600
78 181 80 198 264 461 573 507 158 290 127 72 317 314 347 180 239 504 204 0 0 0 5 385 600 358 270 185 118 183 130 124 304 566 600 568 600 600 600 600 598 600 594 587 575 534 600 600 544 193 269 332 596 578 600 600 600 600 600 555 572 600 600 600 600 600 600 600 600 600 582 585 590 588 501 568 561 312 378 569 600 600 600 570 568 589 468 340 570 556 600 590 550 508 600 600
13 264 15 229 363 287 449 132 133 308 417 331 538 444 472 308 453 488 199 14 44 127 175 397 438 208 35 261 346 134 174 117 239 528 588 600 600 600 600 600 590 528 490 590 596 594 466 442 285 336 144 151 347 375 556 448 502 600 600 555 597 535 574 600 588 598 420 588 600 577 600 600 598 569 518 586 308 592 572 600 600 600 600 600 594 555 576 556 600 600 517 573 439 552 580 600
66 95 273 362 345 197 305 146 241 452 483 481 181 280 401 367 334 93 279 463 574 592 598 600 598 594 532 411 385 396 459 479 569 600 600 600 600 600 600 600 600 575 498 437 483 399 329 386 474 368 96 222 59 266 303 40 375 600 600 545 523 560 592 534 524 496 543 600 600 600 588 590 542 579 531 464 551 566 600 590 600 600 600 600 574 582 477 560 518 542 532 453 439 545 598 600
13 354 94 261 204 4 7 417 163 295 209 87 68 159 253 265 260 171 557 600 600 599 590 600 600 600 600 600 596 598 588 524 566 600 600 600 600 600 600 600 588 531 436 327 328 482 478 563 545 201 66 134 188 290 456 513 583 600 600 573 569 575 586 598 503 514 530 600 588 584 598 584 559 457 456 265 535 564 558 598 600 600 600 600 600 594 588 489 366 247 509 565 495 598 600 600
215 298 169 90 49 4 38 361 257 119 155 163 129 200 257 263 349 538 598 600 600 576 600 600 600 598 600 600 600 600 600 600 600 600 600 600 600 600 600 600 600 548 590 598 582 540 580 584 367 464 532 343 404 426 600 303 547 600 600 553 600 489 513 600 522 568 526 582 600 554 443 578 600 562 436 399 281 488 589 573 600 600 600 600 578 574 588 367 367 492 600 600 600 566 600 600
202 474 499 424 74 209 268 121 137 322 328 309 137 290 331 254 564 600 600 600 600 600 600 600 600 539 600 600 600 600 588 600 600 600 600 600 600 600 600 600 600 600 567 600 600 586 598 600 460 504 600 529 429 474 464 228 599 600 600 600 600 600 600 600 582 585 502 578 552 527 521 598 590 598 416 154 138 261 480 585 600 600 600 600 600 600 600 596 559 432 600 589 520 583 600 600
536 600 579 589 577 564 467 501 550 600 471 297 113 92 41 34 326 600 600 600 600 600 600 600 600 600 600 600 600 600 600 598 580 600 600 600 600 600 600 600 600 590 598 600 588 600 600 600 591 495 597 564 493 549 453 591 600 600 600 600 600 600 600 588 582 600 600 589 589 600 573 518 600 600 334 252 48 503 600 600 600 600 600 600 600 600 600 600 600 598 590 577 593 591 600 600
464 583 600 600 600 588 569 600 600 600 422 76 0 30 30 5 4 197 593 600 600 600 600 594 600 600 600 600 600 600 600 600 600 600 600 600 600 600 568 588 600 544 570 570 600 600 600 600 588 599 596 462 569 600 600 567 600 600 600 600 588 600 600 600 600 600 600 600 600 589 541 552 600 523 283 157 395 514 580 600 600 562 142 86 164 158 302 393 389 446 341 302 545 600 600 600
425 589 600 600 600 588 524 600 600 600 410 163 145 89 15 0 0 0 241 600 600 600 419 128 523 600 600 600 600 600 600 600 600 600 600 600 600 600 600 600 600 588 568 506 564 600 600 600 600 600 600 600 600 600 600 600 600 600 600 600 600 588 600 600 600 600 539 600 578 551 349 412 422 446 478 575 600 600 600 600 600 600 565 422 129 179 168 0 0 0 0 77 297 359 514 440
506 528 600 600 578 600 596 600 600 600 600 574 586 596 489 440 265 362 174 574 600 600 415 19 380 600 600 600 600 600 600 600 600 600 600 600 600 588 600 600 600 600 552 360 366 442 600 600 600 600 600 600 600 600 600 600 600 600 600 600 600 600 600 600 600 600 570 600 600 588 319 220 287 382 488 600 600 598 598 600 600 600 600 600 536 397 490 252 83 101 21 31 365 413 588 564
216 334 527 600 589 547 509 588 600 600 599 600 600 600 600 600 575 598 600 600 600 600 522 4 422 600 600 600 600 600 600 600 600 600 600 596 600 600 600 569 574 495 557 508 496 460 595 600 600 600 600 600 600 600 600 600 600 600 600 600 600 600 588 598 600 600 600 598 570 523 148 220 249 377 454 339 434 453 551 600 600 578 561 541 562 492 529 600 387 287 323 505 534 598 600 529
441 597 460 600 555 439 505 419 519 599 592 600 600 578 600 600 600 588 391 582 600 600 586 274 581 600 600 598 565 600 600 600 600 600 596 370 588 600 600 429 594 600 545 586 568 503 547 600 600 600 600 600 600 600 600 600 600 600 588 600 600 600 600 567 600 600 600 535 524 489 530 532 529 586 578 600 537 563 600 600 600 304 141 37 46 13 87 72 7 8 81 586 600 588 600 600
540 600 578 456 376 396 295 491 521 446 463 596 600 590 496 560 600 600 562 561 600 600 600 600 600 600 600 580 485 600 600 600 600 600 600 553 423 286 409 284 590 600 587 558 540 394 487 539 600 569 600 600 600 600 600 600 600 571 586 600 600 600 600 600 600 600 600 588 598 600 600 600 600 600 600 600 600 600 600 600 600 600 600 594 600 546 415 422 217 50 204 462 553 588 600 600
540 598 558 501 518 576 456 271 586 477 550 396 245 477 511 531 587 600 598 568 600 600 600 599 600 600 582 533 557 596 600 600 600 600 600 598 356 287 137 119 599 600 600 575 539 473 487 568 362 272 588 600 600 600 600 600 600 600 588 600 600 600 600 600 600 600 600 562 578 572 464 493 388 515 600 600 600 600 600 600 600 600 600 600 600 600 580 583 462 322 383 527 549 500 460 598
136 111 171 427 466 297 151 0 251 577 422 97 174 304 95 8 9 280 571 600 600 600 600 357 584 403 544 304 271 325 598 600 600 600 600 600 513 203 162 178 510 600 600 600 516 534 575 514 446 540 588 600 600 600 600 600 600 600 600 600 600 600 600 600 600 600 588 556 600 564 590 505 293 370 503 596 598 600 600 600 600 600 600 600 600 536 600 598 586 540 598 596 567 579 600 600
0 4 44 0 2 0 0 0 0 35 189 397 309 396 510 466 223 457 600 600 600 600 600 372 393 212 427 522 130 453 600 588 586 590 600 600 514 390 194 18 268 484 588 600 549 400 527 552 502 532 582 600 600 600 600 448 491 583 588 588 600 600 600 600 600 600 588 600 600 600 588 600 600 577 600 600 560 600 600 600 600 600 600 600 589 465 548 600 600 600 499 309 489 582 600 600
0 0 23 5 0 0 0 0 3 45 20 376 488 561 599 600 556 600 600 600 600 389 283 580 403 11 188 375 30 487 550 568 588 598 590 600 598 519 288 42 69 7 256 566 417 99 381 495 395 575 531 600 600 600 600 567 403 174 256 307 369 484 600 600 597 600 600 600 600 600 600 600 600 600 600 600 600 600 600 600 600 600 600 600 600 504 400 374 466 528 404 393 584 600 600 600
0 0 78 14 8 18 0 0 6 15 2 61 508 599 600 566 600 600 600 600 600 588 225 86 454 329 44 148 343 534 589 600 567 452 590 600 518 545 496 316 322 30 42 267 388 386 314 330 300 539 576 600 600 600 600 549 455 451 88 41 306 371 573 600 561 588 600 600 600 600 600 600 600 600 600 600 600 600 600 600 600 600 600 600 600 588 517 184 295 459 416 501 596 600 600 600
0 0 140 500 371 462 152 0 0 155 344 431 583 600 600 600 600 600 600 600 600 600 535 309 13 391 405 43 167 76 289 419 461 306 545 600 600 600 398 108 286 278 411 468 453 452 497 532 505 597 598 547 576 412 476 180 10 247 232 261 374 412 503 448 600 600 600 600 600 600 600 600 600 600 600 600 600 600 600 600 600 600 600 600 480 557 554 465 554 535 597 578 425 595 600 600
0 0 3 220 309 354 572 477 359 365 600 600 600 578 600 600 600 600 600 600 600 600 536 340 389 182 265 215 10 371 412 202 471 525 515 565 598 590 118 1 91 198 317 576 464 433 406 574 600 600 600 534 531 553 237 39 17 246 503 311 120 513 587 592 600 600 600 600 600 600 600 600 600 600 600 600 600 600 600 600 600 600 600 600 600 600 566 588 482 556 588 599 363 417 519 581
0 0 0 0 0 344 600 600 598 290 494 600 600 600 600 600 600 600 578 600 600 600 588 589 593 528 144 133 11 353 353 129 178 115 199 273 497 330 3 57 192 57 507 587 558 508 530 537 588 588 600 600 600 600 590 451 549 600 600 568 473 554 600 600 600 600 600 600 600 600 600 600 600 600 600 600 600 600 600 600 600 600 600 554 591 600 600 600 506 541 477 368 308 555 531 590
