data/outputs/Sarzedas de Vasco/2015/resolution_1/CONT_TOTAL_1_35.asc
ncols         42
nrows         42
xllcorner     -8.222016814931
yllcorner      39.947705019877
cellsize       0.000314762560
NODATA_value  -9999
1012 1148 6476 6037 1274 1829 5217 6103 6510 6339 5892 5155 2847 3229 1802 1026 1647 2395 946 2773 3195 3080 2352 2702 6240 5923 4369 6982 7338 7350 7350 7241 7299 7346 6857 5229 5822 7072 7325 6473 4436 5912
2427 3745 3624 5989 3648 4850 7323 7167 6789 6219 5503 2524 1652 1057 1807 2022 858 920 4050 893 1365 2708 3003 1963 2343 3648 3007 5161 7348 7332 7350 7350 7304 7307 7173 5709 2965 4353 5953 3407 1478 3796
3606 4598 2056 3996 1491 4752 6368 6150 1225 3314 2699 489 345 2347 781 4796 2431 1868 1642 2154 913 2031 1806 202 1458 979 1597 1091 2862 7342 7350 7350 6909 7146 7350 7261 5081 4045 5086 3362 4911 3257
5803 6317 2965 1795 1568 589 2785 4349 5720 2050 1032 2546 2134 1866 1082 1556 576 1168 1026 1377 2684 549 1120 2094 3802 4038 1296 215 893 4474 5625 6505 6224 6156 6848 5614 626 776 2111 4759 7098 6330
6013 4587 3277 651 1394 2425 5423 6855 6433 4316 1073 2247 4734 4794 3629 336 231 296 2349 937 541 1398 2744 3641 4210 2772 1855 2696 1247 4187 4327 2582 7312 6322 6803 907 98 20 1263 6211 6892 7350
5347 4932 6764 2980 2738 3504 3509 5455 7265 4485 3982 5016 2930 4591 813 124 660 0 0 851 1591 4383 3172 3538 806 353 196 3599 1431 2341 3338 6794 6859 1908 3147 4592 564 1641 5331 7341 6275 4556
371 2441 4554 4610 6580 4772 4709 5397 4936 2030 4206 533 4228 4737 2011 116 0 0 0 0 97 733 6479 7350 3694 1154 3998 5118 5116 7175 7350 7350 6549 4314 527 1344 5165 7144 7309 5374 3401 6155
2438 1776 2915 4587 4305 2520 2555 945 1133 3095 997 568 4654 6348 2537 1198 0 0 294 32 0 947 5758 7348 6828 7216 6923 7350 7350 7350 7350 7348 5355 1399 0 3012 6926 7306 4330 1206 2476 2577
5850 3483 6571 5998 4659 4140 3677 4707 5164 4100 1356 3166 5998 7333 7350 4947 4633 1901 229 726 3415 2964 7038 7328 7350 7315 7170 7129 7319 7350 7350 7243 4653 1063 406 6817 7290 4917 1178 1627 2012 1035
4733 7301 7246 6778 6306 6430 5455 7286 7061 7350 5593 7044 7295 7350 7350 6711 3359 1246 5245 6787 7350 7350 7300 7194 7144 7182 7350 7350 7350 7350 7350 7015 2262 0 2089 6829 6818 7142 7278 7238 7050 7074
7140 7350 6887 6159 7050 7338 7350 7328 7338 7338 7306 7295 7350 7338 7350 6368 274 1825 6434 7350 7350 7350 7350 6875 5939 5743 7275 7350 7350 6896 5151 6961 5815 3618 7115 7189 7308 7340 7350 7281 7350 7350
7140 7350 7350 7350 6688 5300 7125 7350 7350 7330 7227 7241 6967 6742 7169 7124 2807 2583 7350 7350 7350 7350 7295 7174 5299 5510 5927 6866 7276 7012 4234 7350 7350 7141 7350 7326 7164 6276 7338 7350 7340 7350
6511 7350 7253 7332 5657 4113 4648 7168 7234 4251 2321 2500 2951 3782 6744 6303 7350 5999 6192 7350 7350 7350 7350 7350 6677 7215 6976 6323 6007 6516 5888 7257 7250 7350 7350 3385 2354 2393 4355 3900 6731 6400
6009 7318 7338 7093 7016 6260 5357 6099 6246 2722 6210 1726 2702 7228 2849 5196 4066 5494 4794 4290 5808 7350 7350 7350 7202 6763 7045 6976 6899 6318 2895 7304 7350 7350 7294 6453 5705 3597 3760 5416 6416 5446
6379 7243 6685 7133 6454 6716 7208 7194 5943 2008 3340 6016 6956 7072 4987 6678 2484 4871 5350 4065 4975 6441 7350 7350 7350 7350 7047 7023 7209 6972 6534 7321 7323 7350 7210 7338 7350 2476 2370 7158 7310 7336
3495 5919 4471 3106 2809 3778 4974 6080 1894 3911 5791 7309 7350 7138 6680 5415 3583 3659 6375 6418 5398 4958 6743 7348 7124 5753 6354 7350 7329 7336 7350 6450 6694 7328 6988 6604 5465 2441 6694 7300 7312 5672
2 627 5665 3522 2331 134 785 792 0 0 2801 7152 4130 2288 2863 2067 3991 7055 7350 7327 7062 5460 5860 6432 7346 6796 7255 7089 6548 6819 7350 7338 7316 7350 6924 4742 1552 3767 7060 6806 6851 6280
5014 6323 7301 7338 6906 6510 4356 2515 4195 3214 4151 6393 6443 2859 2327 4924 6805 7270 7304 7307 4068 3469 7029 4704 6515 5931 6389 7073 7012 7193 7350 7245 7198 7350 7328 5682 6114 4635 2852 5298 3784 6024
5104 7190 7330 7294 7350 7240 6110 3378 6778 7350 7298 7000 5997 5579 6579 7212 7279 7274 7344 7350 5017 6842 7237 4737 5477 3150 4870 6470 7293 7340 7350 7238 7307 7348 7350 4877 3672 5092 6935 6853 2377 4047
4296 7320 7350 7296 7061 7208 2188 6046 7119 7095 6122 6841 2948 4792 5193 7287 5339 6945 4737 4351 4201 5996 5811 3682 1664 2502 4401 7350 7350 7350 7326 7327 7338 7350 7350 3548 5875 7338 7350 7350 7136 7328
5656 7210 7336 7350 7218 5918 5529 5472 4979 4290 2366 1855 477 5183 5019 1523 1869 1838 2052 1869 1677 5207 6307 2293 1581 3156 6441 7350 7338 7043 6849 3767 5558 7350 7350 6002 7094 7350 7350 7350 7338 7350
6078 5626 5294 6366 6303 6114 6164 7142 6372 3881 1313 3383 1926 2247 3154 4709 2620 6355 4394 3601 1877 3863 3328 925 3663 1942 4171 6814 4320 2829 5728 4627 6702 7350 7350 6838 7328 7247 7350 7299 7014 7162
6458 6387 6673 2218 6762 7070 6926 6804 4465 3773 4873 6067 6753 6535 1748 5136 6735 6407 3173 2041 1610 3129 1420 625 2791 4692 1888 2973 6362 4531 6334 4703 6616 7306 7350 6620 5372 6624 7347 7320 7350 7330
6995 7350 7338 6813 7301 6624 7186 6760 7112 7235 7350 6465 3869 3501 498 2147 6549 5000 1595 2844 5213 4501 3569 3218 4850 2449 5161 6060 7031 7116 6657 5222 6939 7350 7350 6766 4881 7219 7294 6279 5803 6726
6302 6819 7087 7350 7301 7118 6234 5356 7198 7350 7350 7347 5944 7007 2938 2935 5484 4407 2531 3010 3298 6010 6506 5740 2689 2757 5328 7336 6881 7149 6972 6919 6995 6926 6858 7151 6415 7350 7314 6995 6082 5966
6805 7199 6664 7350 7316 7350 7340 7350 7350 7328 7294 7231 7263 6051 4883 2810 1882 1640 2377 2187 4902 5177 6920 6091 6920 5263 5487 6748 7350 7350 6782 7350 7350 7350 7083 7332 6633 6868 7115 6275 6450 7302
6485 6184 6792 6710 7328 7350 7350 7107 7195 7070 7350 7350 6952 6716 3407 3823 2083 1572 4652 5656 7184 6875 7350 7344 5101 5152 1739 3030 7040 7350 7350 7350 7350 7350 6998 6997 4533 6307 7346 6625 6011 6157
4318 3819 2594 4820 5955 7023 5285 4041 7350 7338 7350 7350 7326 6925 4419 3808 5004 4964 7218 7350 7294 7350 7350 6973 5211 4551 6287 5883 6544 7243 7350 7350 7350 7350 7328 5604 5633 7312 7282 6745 5406 6035
4347 2187 2653 4729 6195 3626 1343 4612 5601 6283 7350 7297 6317 6936 6439 6868 5807 6256 6067 7348 7350 7350 7350 7350 7350 7350 7350 7048 7336 6710 5581 6633 6164 7350 7268 4871 6505 7350 7236 6983 6528 5365
3529 4166 4267 2068 3226 2621 640 5734 3830 4110 6363 6854 4345 6019 5515 6580 6972 7002 5189 6240 7255 6983 6325 6938 6830 6997 7317 7218 7350 7328 6391 5892 6916 7236 7109 5907 7015 7350 7237 6192 4166 1504
1700 3936 3302 3788 3889 3288 4724 4730 3716 5979 7318 7198 6155 5795 2753 4808 6997 6891 6803 7226 7171 6176 6711 7320 6742 6519 6469 7336 7157 7251 5565 6999 7277 6682 5786 4930 7350 7281 7350 7185 5819 6608
4432 2881 4081 2223 3819 7220 7326 7287 7325 7253 7350 7250 6959 6776 5581 5617 7292 7088 6963 7013 6885 4052 6566 7350 7228 6114 7130 7350 7314 6863 4855 6074 6850 7350 7113 5460 5674 5839 7350 7350 7106 7239
6380 7105 7336 3854 2536 5923 5223 7340 7350 7350 7336 7224 6315 7325 7175 7317 7350 7314 7344 7157 4615 5510 7101 6127 3888 2353 4757 5666 5932 6891 6274 7158 7272 7350 2251 5093 5740 4413 4449 7350 7350 7264
6569 5782 6131 6567 7023 7009 6550 7243 7153 7346 5577 5991 6664 6446 6979 7350 7283 7350 7315 6900 6106 6967 7256 5906 4907 2870 6759 7230 7272 6834 6947 7044 7350 7194 2759 589 5346 5922 6035 7350 6865 6997
751 1170 1231 4057 4670 7203 5581 4037 5205 7272 5854 2800 5612 5441 7053 7164 5544 6620 7295 7258 6782 7098 7350 7350 6507 6137 6563 7350 7350 7253 7060 7183 6656 5990 4559 630 1979 4717 7310 7188 7100 4129
458 3596 3528 6487 7316 7328 5696 3296 3278 4570 6007 1956 5562 6017 7114 5400 4101 5134 7177 7350 7350 7350 7350 7304 6975 6306 6035 7251 7350 7223 7243 7350 6903 5084 7224 5824 3556 5938 7350 7264 6499 5818
891 2490 6585 5480 5193 6677 6261 4838 855 2780 5757 3376 5144 7275 7350 7350 7338 7276 7350 7350 6617 6858 7316 7253 7344 6268 6470 7279 7338 7350 7350 7088 4614 5599 2278 1485 6095 5383 5557 3700 5891 4706
4859 6278 4292 3648 5118 6938 7142 4370 1989 2274 5431 6650 4661 6312 7350 7156 6363 5323 7064 7316 3299 1288 7185 7010 7134 7024 6664 7231 7350 7350 7331 7263 4210 273 4280 129 2899 4974 3541 1859 4712 6355
2878 3355 3354 4901 6674 5733 6503 3641 2547 3506 5882 6572 6484 4421 6721 6337 4341 1908 6543 7136 6406 1667 2333 5765 5311 7329 7350 7284 7248 7331 6554 4931 1284 1468 1893 1955 5239 3598 1756 6298 7080 7010
602 2112 5440 6999 5453 4832 4242 1114 4935 4386 5483 5169 3811 5600 4100 3893 3640 638 3222 3609 4779 6345 696 4085 7058 7326 7166 6762 6228 5788 4204 4555 2798 3312 2672 2562 7303 3634 5557 4440 6868 5215
573 1348 4207 7302 4750 4716 1460 3360 4166 3402 4242 4396 3956 6596 3049 554 2795 3010 2967 863 2098 1634 3529 7015 7069 6262 7209 7193 5829 5920 4983 6971 7007 6620 5705 4774 2143 6977 6623 5793 4322 772
2108 2226 3701 3750 6225 1207 189 3927 4729 4190 3850 4855 4669 5346 601 421 4197 5632 3399 421 3950 3415 6682 6483 3539 2691 4818 6966 2332 5247 6736 7128 7067 6797 4358 790 1989 6370 7140 7107 4281 3645
