data/outputs/Sarzedas de Vasco/2015/resolution_1/CONT_NORM_1_5.asc
ncols         300
nrows         300
xllcorner     -8.222016814931
yllcorner      39.947705019877
cellsize       0.000044966080
NODATA_value  -9999
[rows 153 to 203 of 300, columns 96 to 191 of 300]
0 0 6 66 43 19 5 2 39 84 41 0 0 0 3 39 9 0 0 0 0 42 44 10 15 65 82 77 86 32 61 82 83 23 21 63 96 100 100 100 100 83 13 0 0 3 56 49 0 8 80 68 37 81 31 21 66 90 100 99 94 99 51 44 0 0 0 1 4 0 17 0 0 0 2 49 94 100 83 6 45 58 30 23 0 3 30 95 11 27 98 100 100 100 100 100
0 0 0 0 0 0 24 81 100 100 48 0 12 7 3 15 1 0 2 0 0 45 100 96 100 100 100 99 65 89 88 10 1 22 44 38 48 90 85 66 47 67 1 0 27 76 47 23 0 28 99 37 23 40 52 71 61 89 100 100 100 100 96 11 0 0 0 6 0 0 0 0 0 0 0 58 10 13 0 0 5 36 1 3 22 38 29 87 52 0 49 100 100 100 100 100
30 0 0 0 0 0 24 79 70 76 99 84 96 23 1 0 0 0 4 5 18 85 100 100 100 100 100 100 100 92 82 16 22 44 90 76 3 38 48 16 55 51 48 37 95 72 44 3 0 7 63 27 18 1 44 68 87 93 100 100 100 96 76 0 0 0 24 66 5 0 0 0 0 0 0 27 64 69 80 17 0 37 30 0 40 84 97 95 98 26 94 100 100 100 100 100
2 0 17 16 0 38 59 97 88 99 100 100 100 80 7 7 20 58 95 77 25 52 13 21 96 100 100 100 100 100 100 77 11 0 30 98 65 48 97 39 55 33 52 90 67 18 0 6 0 10 63 27 7 0 10 68 99 84 96 100 98 24 12 5 0 0 85 72 19 0 0 0 0 0 10 26 98 100 100 61 21 43 68 19 12 76 78 16 74 99 100 100 100 100 100 100
0 8 83 22 0 78 100 100 100 100 100 100 100 100 96 98 84 53 36 25 14 24 52 14 74 100 100 100 100 100 100 100 70 7 17 65 98 100 100 78 36 2 13 93 58 4 0 0 0 7 96 100 74 13 6 75 66 5 5 32 44 29 0 0 0 30 33 2 0 0 0 0 11 49 98 100 100 100 100 34 7 7 34 42 23 50 32 47 34 87 67 87 100 100 100 100
0 18 90 37 11 16 96 100 100 100 100 100 100 97 68 97 90 1 0 10 44 52 36 82 100 100 100 100 100 100 100 100 69 45 60 32 92 100 99 40 9 0 0 8 10 0 0 0 0 13 93 67 8 4 7 51 91 60 18 0 4 0 0 0 15 63 6 2 2 0 0 0 0 7 89 100 100 100 100 73 13 0 1 0 1 0 0 0 0 25 61 8 72 57 78 100
60 81 68 33 13 0 8 75 100 100 100 100 100 98 43 21 10 3 29 93 100 100 100 100 100 100 100 100 100 42 25 84 100 100 94 79 99 100 64 0 0 0 0 0 0 0 0 0 0 5 21 52 52 48 94 100 100 100 99 77 22 0 0 2 72 49 8 17 73 31 0 0 0 0 10 97 100 100 100 100 75 50 2 0 0 0 0 0 0 0 77 18 11 0 14 79
97 13 24 78 20 0 0 21 59 60 99 88 63 64 98 56 47 2 85 81 99 100 100 100 100 100 100 100 95 11 0 26 36 56 85 92 100 97 42 0 2 16 7 0 0 0 0 0 0 0 0 74 100 100 100 100 100 100 100 100 45 0 0 15 59 29 7 77 93 43 0 0 0 0 1 89 100 100 100 100 99 53 42 0 1 0 24 76 62 4 29 86 25 0 0 0
89 72 20 24 0 0 0 11 11 37 88 27 16 74 100 100 100 95 100 51 97 100 100 100 99 81 100 100 100 84 0 0 3 66 100 100 72 20 0 1 68 100 78 0 0 0 0 0 0 0 1 35 71 100 100 100 100 100 100 95 29 0 0 0 0 0 0 2 14 33 1 0 0 0 0 20 100 100 100 100 85 95 49 70 59 0 18 84 75 0 0 75 86 41 0 0
100 100 48 1 0 2 29 33 28 100 45 9 84 99 100 100 100 100 100 100 100 100 100 100 93 99 100 100 100 93 11 4 42 100 69 25 7 0 0 0 14 83 100 45 0 0 0 6 0 0 0 0 1 36 82 100 100 100 73 11 0 0 0 0 0 0 0 0 0 0 0 0 0 0 0 30 100 100 100 100 100 100 100 100 87 11 0 17 32 1 0 18 81 89 1 0
100 99 37 73 38 23 69 73 43 100 98 95 87 100 100 100 100 100 100 100 100 100 100 92 79 86 80 100 100 100 86 68 78 98 27 0 1 6 0 0 1 81 100 79 5 0 0 34 28 82 30 0 0 0 8 60 65 60 7 0 0 0 0 0 0 0 0 0 0 0 0 0 0 0 0 34 100 100 100 100 100 100 100 100 93 17 0 0 0 0 0 0 42 97 55 10
100 100 71 26 2 0 0 0 45 100 100 94 45 20 38 99 100 100 100 100 100 100 100 99 99 65 71 89 79 100 100 95 75 36 0 38 6 4 0 0 0 16 18 5 2 40 45 5 5 79 43 2 0 0 0 0 6 54 45 0 0 0 0 0 0 0 0 0 0 0 0 0 0 0 4 10 96 100 100 87 92 100 100 100 78 27 0 0 0 0 0 23 74 99 82 9
100 100 56 0 0 0 0 0 2 45 48 97 56 44 16 99 96 97 100 100 100 100 100 100 100 96 18 56 83 100 100 39 30 3 9 39 0 7 44 27 0 2 1 0 12 26 0 18 83 100 67 0 2 1 0 0 0 27 21 0 0 0 11 33 43 35 2 0 0 0 0 0 0 0 1 1 12 56 94 88 67 57 100 67 0 0 0 0 0 0 0 28 100 100 36 0
100 100 94 46 1 0 19 39 0 0 7 68 86 35 42 100 17 26 97 100 100 100 100 100 100 100 47 54 26 99 100 48 25 2 0 1 19 83 89 97 16 9 5 0 0 0 6 71 100 100 83 52 40 11 0 0 0 0 0 0 0 0 85 56 16 14 5 19 20 19 1 2 0 0 0 0 2 7 1 0 12 67 100 23 0 0 0 0 0 0 4 94 99 91 14 0
100 76 74 16 0 0 7 2 0 0 0 10 39 73 90 99 34 1 88 100 100 100 100 100 94 94 60 91 100 100 95 15 0 0 0 0 0 21 19 94 80 70 39 20 0 49 58 50 93 100 100 100 100 96 42 0 0 0 0 0 0 1 16 0 2 23 8 7 22 51 94 72 47 17 7 33 51 76 12 0 0 2 43 43 0 0 0 0 0 0 21 39 17 69 52 31
60 88 44 0 0 0 0 0 0 1 0 6 1 4 65 100 50 33 77 100 100 100 100 100 98 87 8 9 17 32 8 12 0 0 0 0 0 1 0 31 99 100 100 73 36 98 100 89 88 100 97 100 100 98 94 22 0 2 40 36 2 0 0 0 1 29 37 1 90 98 100 100 100 73 25 1 0 0 6 0 40 4 0 0 0 0 26 47 42 34 87 99 88 28 41 72
32 32 14 7 0 3 0 0 0 19 1 0 0 0 74 74 70 45 96 100 100 100 100 100 100 65 10 1 0 0 0 0 0 0 0 25 14 28 45 21 53 73 68 66 99 100 100 100 99 85 36 17 17 9 1 0 38 86 100 100 59 5 0 0 2 1 0 0 52 100 100 100 100 100 85 13 0 10 86 79 91 50 12 0 1 53 84 87 57 82 99 93 76 41 65 94
15 35 25 20 0 28 0 0 0 0 0 0 0 20 92 90 100 100 100 100 100 100 100 100 100 85 79 71 32 0 0 0 0 0 0 63 100 52 7 8 0 0 66 100 100 100 91 52 13 8 37 53 49 53 24 44 36 60 100 100 100 48 64 59 53 8 1 0 15 82 100 100 94 99 69 11 35 89 100 100 84 1 34 46 0 8 57 99 93 100 76 50 42 21 96 99
12 0 0 0 0 0 0 0 0 0 0 0 5 9 69 100 100 100 100 100 100 100 100 100 100 100 100 94 38 1 0 0 0 0 3 55 86 5 0 0 5 67 100 100 73 36 14 49 68 86 100 99 100 100 100 100 89 50 28 74 91 57 97 61 14 1 2 7 5 26 81 100 99 100 100 64 90 100 100 100 40 0 8 96 24 42 89 75 99 100 47 97 48 95 92 100
23 5 70 9 0 0 0 0 0 15 93 39 0 0 42 89 100 100 100 100 100 100 100 100 100 100 100 92 38 0 0 0 4 32 90 100 66 0 0 33 43 69 48 32 15 49 82 100 95 44 80 45 73 73 79 100 88 56 64 26 69 71 100 100 69 14 29 9 42 57 50 53 100 100 100 100 100 100 82 23 48 57 77 100 60 7 83 70 100 92 91 100 84 97 100 100
72 25 4 0 0 3 7 0 0 4 32 2 0 17 29 26 77 50 100 100 93 53 99 100 100 100 100 99 37 2 0 0 5 62 100 100 29 19 17 0 0 1 1 24 74 99 100 100 42 48 44 96 100 78 100 100 67 68 100 84 47 48 92 100 100 73 32 4 15 14 42 96 100 100 100 100 99 49 11 0 0 11 78 97 73 0 72 100 100 100 100 100 100 100 99 100
99 46 2 1 0 2 14 0 0 0 0 0 2 62 98 65 100 73 94 58 52 74 100 100 100 100 100 85 73 65 35 0 0 53 70 36 4 13 46 46 36 26 31 14 54 97 100 67 2 11 75 100 100 94 54 81 100 100 100 100 80 35 61 92 93 60 28 70 91 34 88 100 100 100 98 64 45 6 2 12 3 0 0 15 49 7 58 100 100 93 99 87 100 100 94 99
99 97 50 0 0 0 0 0 0 3 0 27 13 58 46 28 68 100 86 24 8 89 100 100 100 100 100 76 66 100 91 64 17 5 1 2 45 24 2 0 0 0 0 29 93 100 76 3 0 10 79 35 56 89 100 100 100 100 100 100 100 100 87 71 5 72 84 77 28 68 97 100 100 89 63 11 7 2 19 5 29 0 2 36 26 12 35 100 100 99 100 100 100 100 100 100
100 98 16 0 0 12 23 1 0 18 74 100 96 63 20 14 21 69 95 35 42 100 100 100 100 100 100 100 58 50 12 0 0 0 2 45 95 13 6 0 15 69 80 85 100 100 67 1 0 0 1 9 1 84 100 100 100 100 100 100 100 100 99 99 87 100 100 77 40 87 100 100 98 46 7 1 13 13 24 46 4 61 95 100 61 6 0 72 100 100 100 100 100 100 100 100
100 100 81 55 73 82 100 76 30 39 97 100 100 99 28 0 14 88 70 69 100 100 100 100 97 99 89 80 63 2 0 17 3 0 21 100 84 14 4 0 23 82 95 81 99 91 18 1 0 0 9 19 32 100 100 100 100 100 100 100 100 100 100 100 100 100 100 54 60 82 90 90 57 0 0 0 0 0 2 2 29 74 61 50 9 0 0 23 100 100 100 100 100 100 100 100
100 100 100 100 100 100 100 99 47 12 39 98 73 70 83 60 50 87 100 96 100 100 100 94 28 10 0 37 31 24 1 11 18 0 49 100 75 14 76 68 56 9 5 40 99 99 20 3 17 0 0 6 81 100 98 57 97 100 100 100 100 100 100 100 100 100 100 96 58 29 17 1 0 0 0 7 0 0 7 8 52 64 3 6 21 9 0 0 64 100 100 100 100 100 100 100
100 100 100 100 100 81 66 28 0 0 0 39 37 35 75 68 76 98 69 72 100 100 76 34 14 3 7 11 28 3 0 8 37 0 53 100 86 87 94 80 52 16 20 59 97 58 81 58 7 0 2 58 100 100 100 98 100 95 88 100 100 100 100 70 39 57 100 100 100 100 88 85 91 27 43 27 0 14 34 48 53 25 44 36 76 44 0 0 21 84 100 100 100 100 100 100
100 100 73 54 57 26 1 0 8 12 4 0 1 0 0 3 20 36 15 77 100 97 59 17 16 82 53 32 11 0 50 48 10 0 69 99 73 89 100 83 17 26 79 100 93 92 47 52 4 43 71 100 100 100 100 99 52 13 81 100 100 100 100 50 0 16 100 100 100 100 100 100 79 91 100 100 93 61 54 32 74 100 100 100 100 51 0 0 0 25 92 100 100 100 100 97
100 100 74 3 50 25 0 0 2 26 28 0 0 0 0 0 0 62 94 97 100 93 99 71 97 99 72 15 5 19 83 93 81 4 79 69 7 34 28 9 17 52 67 98 100 100 63 32 55 100 100 100 100 100 97 51 80 33 42 99 100 100 100 77 29 60 100 100 100 100 100 100 100 100 100 100 100 100 100 93 90 82 77 93 100 92 38 16 12 0 30 100 82 92 85 61
100 100 95 44 23 85 36 2 0 0 0 0 0 0 0 0 0 2 69 100 98 90 69 65 59 93 69 23 0 28 54 68 13 10 99 66 12 0 0 23 99 63 79 64 17 28 93 100 100 100 100 100 100 92 100 100 100 89 82 100 100 100 100 100 100 100 100 100 92 66 100 100 100 100 100 100 100 100 100 100 81 3 12 77 92 100 100 99 94 39 12 82 100 100 100 100
84 32 15 98 80 80 85 42 5 13 0 0 0 0 0 0 0 30 98 90 32 1 0 5 49 63 45 74 64 29 0 65 8 20 100 45 40 53 27 38 39 5 27 4 0 32 94 100 100 100 100 100 100 100 100 100 93 96 89 100 100 100 100 100 100 100 100 100 52 91 68 84 100 100 100 100 100 100 100 100 39 2 2 33 91 100 100 85 100 100 97 41 90 100 100 100
57 14 20 67 100 100 69 38 74 96 53 51 21 34 0 0 0 7 17 2 0 0 0 0 0 0 9 1 0 0 12 78 7 18 94 54 79 53 13 1 1 0 0 0 12 49 48 38 99 100 100 100 100 91 76 42 63 100 100 100 100 100 100 100 100 100 100 51 22 31 11 71 100 100 100 100 100 100 100 100 84 5 0 17 83 100 100 100 100 100 100 91 38 98 100 100
78 100 89 100 100 100 100 73 43 98 100 100 100 99 49 15 0 0 0 0 0 1 0 0 0 0 0 0 1 26 61 54 1 0 50 44 8 0 5 38 65 70 5 2 1 0 0 38 41 91 100 100 100 53 0 19 86 100 100 100 100 100 100 100 100 84 99 35 36 72 99 100 100 100 100 100 100 100 100 100 100 86 25 5 29 92 100 100 100 99 61 77 86 48 85 100
100 100 100 100 100 100 100 97 96 100 100 100 100 99 39 5 0 0 0 0 0 0 0 0 6 0 0 0 0 6 0 12 0 0 0 0 0 0 2 24 90 73 36 0 0 1 55 46 88 100 100 100 67 8 0 19 74 87 78 100 100 100 100 100 86 32 87 96 99 100 100 100 97 54 79 79 100 100 100 100 100 100 83 26 97 100 100 100 100 100 35 5 71 87 15 87
100 100 100 100 100 93 74 100 78 94 100 100 100 54 0 0 7 0 0 0 0 0 0 0 0 0 0 0 0 0 0 0 0 0 0 0 0 0 0 5 84 58 5 2 13 53 89 95 99 100 100 80 6 0 0 4 8 39 78 100 100 100 100 100 52 40 94 100 100 100 100 89 43 83 54 30 94 100 100 100 94 99 100 74 66 83 96 96 91 99 94 5 0 70 58 18
100 100 100 100 86 39 15 74 95 77 99 99 72 6 0 0 3 1 0 0 0 0 0 0 0 0 0 0 0 0 0 23 13 28 0 0 7 29 21 2 4 0 0 25 78 89 100 87 41 96 100 91 51 70 25 24 37 87 100 100 100 100 100 100 100 99 100 100 100 100 100 97 81 100 100 75 19 27 57 77 86 90 100 90 37 60 11 5 17 68 100 24 0 7 84 35
98 80 100 100 54 0 17 30 67 97 37 29 29 86 48 4 2 53 21 61 74 8 0 0 0 0 0 0 0 48 35 82 13 35 28 44 89 79 58 27 13 41 72 97 100 100 100 100 99 100 100 100 100 100 100 100 99 100 100 100 100 100 100 100 100 100 100 100 100 100 100 100 100 100 100 100 85 21 0 34 2 60 100 52 31 13 3 1 0 23 79 38 0 0 24 97
32 47 94 56 22 1 0 1 10 61 33 46 17 53 91 61 64 80 95 93 60 14 0 0 0 0 0 3 24 97 67 34 14 74 100 99 89 34 17 67 99 100 100 100 100 100 100 100 100 100 100 100 100 100 100 100 100 100 100 100 100 100 100 100 100 100 100 100 100 100 100 100 100 100 100 100 100 98 60 37 0 81 100 79 97 58 1 1 38 1 0 0 0 0 2 36
80 72 90 39 27 39 72 18 20 3 6 32 60 71 51 93 17 13 10 20 0 0 0 0 0 0 0 0 0 71 51 1 61 89 99 88 100 100 100 100 100 100 100 100 100 100 100 100 100 100 100 100 100 100 100 100 100 100 100 100 100 100 100 100 100 100 100 100 100 100 100 100 100 100 100 100 100 93 81 41 16 63 100 100 100 98 33 5 0 0 0 0 0 0 0 0
100 100 100 100 100 70 35 7 0 13 51 72 83 98 71 50 86 93 18 0 2 9 2 0 0 0 32 0 0 35 73 11 16 92 97 99 100 100 99 87 100 100 100 100 100 100 100 100 100 100 100 100 100 100 100 100 100 100 100 100 100 100 100 100 100 100 100 100 100 100 100 100 100 100 100 96 85 92 39 85 57 18 92 100 100 100 66 8 33 25 0 0 0 0 0 0
100 100 100 78 24 15 0 0 0 0 16 27 0 75 100 100 92 58 0 0 21 96 75 0 2 27 58 55 49 51 85 85 91 54 66 100 100 100 100 100 100 100 100 100 100 100 100 100 100 100 100 100 100 100 100 100 100 100 100 100 100 100 100 100 100 100 100 100 100 100 100 100 100 100 72 5 0 24 19 11 85 58 88 100 100 100 99 82 34 6 4 1 0 0 0 0
100 100 100 93 27 7 41 10 0 0 4 43 82 100 100 100 98 16 0 0 0 11 23 5 70 92 61 67 100 100 100 100 100 85 85 100 100 100 100 100 100 100 100 100 100 100 100 100 100 100 100 100 100 100 100 100 100 100 100 100 100 100 100 100 100 100 100 100 100 100 100 100 91 41 10 1 0 18 11 5 82 100 63 90 100 100 100 93 65 26 54 17 0 0 15 32
100 100 100 100 87 34 39 16 9 2 33 27 56 99 99 100 99 25 31 46 36 2 0 1 59 34 75 60 96 47 38 100 96 93 100 100 100 100 100 100 100 100 100 100 100 100 99 93 84 99 100 100 100 100 100 100 100 100 100 100 100 100 100 100 100 100 99 89 100 100 100 100 92 65 8 12 52 55 8 2 15 52 99 78 100 100 100 100 89 41 58 41 4 0 49 100
100 100 100 100 99 46 36 41 5 25 14 3 3 34 54 79 97 96 99 96 100 60 29 15 48 99 95 54 63 84 96 99 89 100 100 100 100 100 100 100 100 100 100 100 100 100 100 100 96 100 100 100 100 100 100 100 100 100 100 100 100 100 100 100 100 78 97 89 86 82 100 100 100 100 71 42 96 88 20 29 10 61 100 100 100 100 100 100 100 54 48 50 43 40 28 84
99 100 100 100 90 75 36 28 61 51 96 53 23 12 64 100 89 70 66 42 30 87 85 23 22 67 99 100 100 100 100 100 100 100 100 100 100 100 100 100 100 100 100 100 100 100 100 100 100 100 100 100 100 100 100 100 100 100 100 100 100 100 100 100 100 62 92 51 49 94 100 98 100 100 99 86 35 1 38 9 24 8 93 100 100 100 100 100 100 80 68 35 45 99 100 86
51 47 53 55 38 62 39 47 40 89 25 34 24 18 92 100 100 92 98 20 40 86 71 37 55 85 100 87 99 100 100 100 100 100 100 100 100 100 100 100 100 100 100 100 100 92 100 100 100 100 100 100 100 100 100 100 100 100 100 100 100 100 100 100 100 100 100 97 100 100 99 89 100 100 100 100 21 0 15 4 8 2 21 86 100 100 100 100 100 100 99 96 89 99 100 97
41 54 84 50 33 24 69 62 31 13 0 2 17 86 100 100 100 100 67 34 90 99 96 57 72 59 44 79 100 100 100 100 100 100 100 100 100 100 100 100 100 100 100 100 100 100 100 100 100 100 100 100 100 100 100 100 100 100 100 100 100 100 100 100 100 100 100 100 100 100 100 100 100 99 87 100 81 18 16 1 0 0 0 41 100 100 99 100 100 100 100 98 93 100 100 62
98 100 100 100 100 73 44 79 17 1 0 2 78 100 100 96 84 99 68 95 76 75 87 15 13 68 19 33 96 93 100 100 100 100 100 100 100 100 100 100 100 100 100 100 100 100 100 100 100 100 100 100 100 100 100 100 100 100 100 100 100 100 100 100 100 100 100 100 100 100 100 100 100 100 100 100 100 82 5 0 2 28 80 100 100 99 70 100 100 100 100 94 99 100 100 95
100 100 100 100 72 77 42 13 40 10 0 61 100 100 100 63 35 69 50 62 24 39 97 97 95 39 77 86 77 85 100 100 100 100 100 100 100 100 100 100 100 100 100 100 100 100 100 100 100 100 100 100 100 100 100 100 100 100 100 100 100 100 100 100 100 100 100 100 100 100 100 100 100 100 100 100 100 100 82 89 95 100 100 100 100 100 100 100 100 100 100 100 100 100 100 100
100 92 100 100 91 42 4 53 11 25 64 97 100 96 97 66 48 50 82 93 100 100 100 94 85 73 99 93 89 87 100 100 100 100 100 100 100 100 100 100 100 100 100 100 100 100 100 100 100 100 100 100 100 100 100 100 100 100 100 100 100 100 100 100 100 100 100 100 100 100 100 100 100 100 100 100 100 100 100 100 100 100 100 100 100 100 100 100 100 100 100 100 100 100 100 100
89 82 67 71 100 99 74 59 68 99 100 100 100 70 55 65 96 77 73 70 100 100 100 77 83 94 100 100 100 98 87 100 100 100 100 100 100 100 100 100 100 100 100 100 100 100 100 100 100 100 100 100 100 100 100 100 100 100 100 100 100 100 100 100 100 100 100 100 100 100 100 100 100 100 100 100 100 100 100 100 100 100 100 100 100 100 100 100 100 100 100 100 100 100 100 100
