data/outputs/Sarzedas de Vasco/2015/resolution_1/CONT_TOTAL_1_5.asc
ncols         300
nrows         300
xllcorner     -8.222016814931
yllcorner      39.947705019877
cellsize       0.000044966080
NODATA_value  -9999
[rows 0 to 47 of 300, columns 96 to 191 of 300]
0 0 0 0 0 0 0 0 8 110 116 86 118 120 120 39 0 0 0 0 2 0 0 0 0 0 0 7 96 120 97 2 42 49 17 3 0 21 107 6 0 0 0 0 0 0 0 3 16 18 120 120 111 66 6 0 0 0 0 0 0 0 0 0 0 0 9 2 0 52 120 120 120 120 120 120 120 120 120 120 120 120 120 120 120 120 120 120 120 120 120 120 120 120 120 120
0 0 0 0 0 0 0 22 20 92 36 75 148 150 126 27 5 3 7 0 0 0 0 0 0 0 0 0 3 43 19 1 64 148 64 37 0 3 31 0 0 0 0 0 67 33 42 132 104 135 150 150 116 0 0 0 0 0 11 3 0 0 0 0 0 2 110 141 140 144 150 150 150 150 150 150 150 150 150 150 150 150 150 150 150 150 150 150 150 150 150 150 150 150 150 150
0 0 0 0 0 0 0 0 36 33 136 135 148 150 124 49 121 106 22 0 0 0 0 0 0 0 0 0 0 0 0 0 1 55 54 0 7 78 115 83 0 0 0 2 79 102 128 148 107 87 128 150 150 63 16 0 20 4 45 7 0 0 0 0 0 0 108 150 150 150 150 150 150 150 150 150 150 150 150 150 150 150 103 43 72 139 146 150 150 150 150 150 150 150 150 150
2 7 0 0 0 0 0 0 0 34 73 29 84 116 54 8 30 15 0 0 0 0 0 12 73 91 54 0 0 22 0 0 0 20 55 101 94 97 60 7 0 0 0 0 1 68 104 145 97 127 150 150 150 147 137 90 35 0 0 0 0 0 0 0 0 0 65 150 133 121 134 150 150 150 150 150 150 150 150 150 150 150 125 110 93 110 133 150 150 150 150 150 150 150 150 150
2 12 5 5 23 70 14 0 0 27 63 85 13 42 0 0 0 0 0 0 0 0 0 62 150 63 36 77 3 0 0 0 0 44 49 16 0 0 0 0 0 0 0 0 0 40 60 44 136 150 150 150 150 150 150 131 17 0 0 0 0 0 0 0 0 0 114 150 142 10 0 42 146 150 150 150 150 150 150 150 150 150 150 149 134 150 150 150 150 150 150 150 150 150 150 150
91 60 89 116 147 150 94 6 4 0 4 0 20 15 0 0 0 0 0 0 0 0 0 5 69 138 148 117 7 0 0 3 43 20 0 0 0 0 0 0 0 46 35 7 23 33 70 65 150 150 150 150 150 150 139 35 0 0 0 0 0 0 0 0 0 0 6 143 142 15 0 37 132 150 150 150 150 150 150 150 150 150 150 150 150 150 150 150 150 150 150 150 150 150 150 150
150 107 56 68 135 129 37 37 79 53 4 1 0 52 6 0 0 0 0 0 0 0 0 0 0 91 63 87 2 0 0 16 134 21 0 0 0 0 0 0 0 110 136 112 144 52 102 148 150 150 150 150 150 145 49 0 0 1 0 0 0 0 0 0 0 0 0 86 148 41 1 40 150 150 150 150 150 150 150 150 150 150 150 150 150 150 150 150 150 150 150 150 150 150 150 150
114 17 52 19 13 0 0 0 29 67 12 15 11 17 50 0 0 0 0 0 40 89 31 38 60 131 107 51 15 31 31 0 26 64 7 0 0 0 0 0 0 27 85 61 18 0 34 148 136 67 133 150 124 32 0 0 0 20 28 11 0 0 0 0 0 0 30 106 144 56 6 13 144 150 150 150 150 150 150 150 150 150 150 150 150 150 150 150 150 150 150 148 150 150 150 150
49 76 49 47 68 68 5 1 7 0 18 146 145 85 24 14 102 32 0 16 148 150 150 150 150 141 150 150 144 146 48 0 0 7 3 0 0 0 0 0 57 112 134 140 141 58 0 27 48 44 126 90 9 0 0 0 0 0 27 89 4 0 0 74 86 68 91 42 69 100 2 32 113 150 150 150 150 150 150 150 150 150 150 150 150 150 150 150 133 140 95 85 75 129 150 150
67 12 0 6 94 82 67 0 0 0 0 68 96 110 37 0 62 43 0 64 148 146 121 78 46 0 19 77 149 145 77 0 0 0 0 0 0 0 0 0 90 150 150 150 150 88 0 1 0 0 30 67 60 7 0 0 0 0 0 0 0 39 73 70 150 139 116 150 150 130 22 50 102 150 150 150 150 150 150 137 110 103 65 51 50 43 54 51 0 0 2 55 47 55 44 148
137 123 7 0 0 0 12 20 19 0 0 0 0 0 0 0 0 0 89 107 73 27 0 0 0 0 0 0 31 51 31 0 16 21 0 0 0 0 11 0 33 148 150 146 105 53 39 3 0 27 125 148 150 143 83 12 0 0 0 0 0 30 11 0 19 31 50 50 37 28 137 133 18 39 40 49 40 150 150 90 60 80 77 20 47 18 23 0 2 25 38 22 54 40 122 150
3 50 5 0 0 0 90 150 138 2 0 0 0 0 0 0 0 0 14 0 0 0 0 0 0 0 0 0 0 8 0 74 146 111 0 0 0 38 135 35 0 59 91 43 70 22 17 7 48 79 2 55 123 150 150 139 74 65 80 102 74 78 95 110 90 45 17 0 0 0 11 103 99 140 150 150 143 150 150 150 141 141 150 88 90 89 96 108 102 116 14 46 148 150 150 150
0 0 0 0 0 0 22 144 54 0 0 0 0 0 0 0 0 0 0 0 0 0 0 0 2 66 19 2 0 0 0 27 51 43 0 0 0 1 59 12 0 17 139 148 150 71 0 11 87 132 10 0 17 143 128 150 150 150 118 150 150 150 150 150 150 97 0 0 26 43 25 46 0 61 140 119 91 105 150 150 148 144 94 150 150 140 90 25 72 99 3 28 128 150 150 150
0 0 1 63 114 107 109 126 107 0 0 0 0 0 0 0 0 0 0 0 0 0 0 0 0 0 0 0 0 32 85 55 22 22 94 47 0 0 0 0 0 2 122 150 135 21 0 0 0 0 0 1 2 68 121 127 150 150 150 147 150 150 150 136 150 121 2 0 57 145 150 134 54 20 83 147 142 138 150 150 150 150 148 150 138 133 0 93 124 105 90 7 132 150 150 150
0 0 0 28 146 150 148 73 9 31 49 57 12 0 0 0 0 0 0 0 0 0 0 0 0 0 0 0 0 113 150 104 92 109 85 50 0 0 0 0 0 13 135 150 150 49 0 0 9 11 7 10 1 0 0 45 141 150 147 116 149 141 58 15 122 143 3 0 0 26 92 82 74 60 90 150 150 134 84 146 150 150 150 150 113 127 116 125 141 133 145 86 133 150 150 150
0 0 0 0 114 137 87 0 15 68 17 4 10 0 0 0 0 0 0 0 0 0 0 0 0 0 0 0 0 87 147 150 150 146 30 0 0 0 0 0 0 0 79 146 150 71 0 0 0 17 7 0 1 4 11 80 67 126 146 150 150 113 0 0 81 150 36 0 9 20 139 138 10 0 48 148 133 135 58 37 65 119 126 146 134 147 150 150 150 150 140 148 150 150 150 106
0 0 0 0 0 6 0 0 27 71 4 0 0 47 37 0 0 0 0 0 0 0 0 0 0 0 0 0 0 0 93 150 150 146 23 3 0 0 0 0 0 0 15 69 138 111 43 0 0 0 0 0 50 29 35 59 0 18 16 79 79 33 9 0 74 64 14 0 61 110 110 80 0 0 3 34 0 81 98 111 140 56 0 10 0 32 31 21 94 85 54 66 120 103 55 102
0 0 0 8 5 0 0 61 33 28 6 3 87 126 147 71 0 0 0 0 0 0 0 0 0 0 0 0 27 85 141 150 106 146 148 77 0 0 0 0 0 0 1 11 9 2 2 12 0 16 53 84 63 108 0 0 0 0 0 0 0 0 0 14 124 54 0 0 0 0 0 0 0 1 15 0 0 36 28 38 148 81 0 0 0 0 0 0 0 0 0 0 0 0 0 122
17 15 0 0 10 0 0 26 13 3 27 116 109 45 96 150 100 4 0 0 70 84 0 0 0 0 0 17 124 150 150 145 52 81 103 65 17 0 0 0 0 0 0 0 0 0 0 23 11 110 150 150 122 143 9 18 0 0 3 59 33 0 0 0 19 3 0 6 0 0 0 0 0 0 2 0 0 8 26 25 124 61 0 13 0 0 0 0 0 0 0 0 0 0 0 3
0 20 4 0 0 42 41 0 0 33 143 144 13 30 96 150 150 82 21 100 140 95 13 0 0 0 0 12 145 129 131 120 36 42 69 108 68 2 0 0 0 0 0 0 0 0 0 0 0 0 63 133 148 150 110 30 0 0 11 37 0 0 0 0 0 0 15 7 0 0 0 0 0 0 0 0 0 0 10 15 9 7 0 7 0 0 0 41 31 2 0 0 0 0 0 0
0 0 0 0 0 42 10 0 78 145 148 65 31 62 27 117 148 150 138 62 113 109 1 0 0 0 0 14 137 123 6 0 16 0 0 51 29 79 76 3 0 0 0 0 0 0 0 6 120 53 74 133 140 148 130 96 27 0 0 0 0 1 1 15 15 0 0 0 0 0 0 0 0 0 0 6 0 0 0 6 6 0 0 0 0 6 8 121 150 77 0 0 0 0 0 0
15 0 0 0 0 0 0 0 16 85 145 134 89 36 24 0 75 136 21 0 0 7 0 0 0 0 0 0 32 81 32 11 43 30 4 12 0 76 136 22 0 0 0 0 35 52 0 0 7 30 112 142 138 150 140 148 89 0 0 19 18 4 0 26 46 1 0 0 0 0 18 0 4 54 102 141 17 0 0 45 69 0 0 0 49 143 144 150 150 110 0 0 0 0 5 0
17 0 0 0 0 0 0 0 0 0 92 150 149 138 142 8 77 121 65 0 0 0 0 0 2 24 12 5 0 0 0 6 105 127 30 0 0 0 83 39 12 11 24 2 4 101 27 8 3 21 101 8 96 87 43 51 0 36 45 6 2 0 0 14 47 2 0 0 0 0 0 0 10 42 50 65 5 0 0 0 0 0 0 51 147 150 150 144 70 41 0 0 0 0 0 0
20 0 0 0 0 0 0 0 0 47 148 150 141 127 143 117 137 102 22 0 0 0 0 0 19 93 75 54 40 65 70 93 80 59 17 0 0 53 150 148 146 146 128 0 0 4 38 0 0 0 93 46 22 0 0 0 2 17 21 39 27 36 101 131 38 9 0 0 0 0 0 0 0 19 0 0 0 0 0 0 0 0 0 28 148 107 36 16 1 1 0 0 0 0 6 2
0 0 0 0 0 0 0 0 28 143 150 150 114 63 32 30 42 3 27 96 70 2 0 0 42 64 136 120 65 3 11 107 139 112 48 31 0 25 106 149 129 106 98 0 0 0 0 0 0 0 0 0 0 0 0 0 23 27 67 123 88 141 150 150 46 0 0 0 0 0 0 47 81 116 7 0 0 0 0 0 0 0 0 0 17 0 0 0 0 0 29 0 0 4 120 89
0 0 0 9 2 0 0 22 138 150 150 150 150 78 72 37 4 53 63 139 149 28 0 2 69 115 13 90 104 5 0 104 84 30 67 15 4 51 88 65 11 0 0 0 0 0 0 0 0 0 0 0 0 0 0 0 0 3 42 27 0 76 109 36 0 0 0 0 0 0 0 42 147 138 13 0 0 0 0 0 0 0 0 0 1 0 0 1 0 0 22 0 0 5 45 2
0 0 0 0 24 95 70 101 150 150 105 146 150 97 26 5 11 124 33 3 53 40 15 4 0 0 0 112 137 19 2 18 0 0 36 23 0 0 0 0 0 0 0 0 0 0 31 0 0 0 0 2 2 0 3 47 28 14 6 0 8 21 62 13 0 0 0 0 0 0 0 85 150 150 87 55 2 0 0 0 3 8 0 0 0 0 10 79 83 7 0 0 0 0 0 0
0 0 0 0 0 18 46 150 150 146 57 72 145 45 13 87 9 17 37 0 0 15 50 80 4 0 58 109 26 0 0 0 0 0 0 0 0 0 0 0 0 0 0 0 35 86 143 32 0 0 1 30 11 0 50 84 6 0 0 34 40 110 96 35 0 0 0 0 0 8 134 148 135 94 146 89 0 0 0 0 9 8 0 0 26 34 19 60 51 10 0 0 0 0 0 0
0 0 0 0 0 0 31 95 148 102 21 33 31 3 14 42 6 0 0 16 8 57 105 128 12 27 23 0 0 0 0 0 0 0 0 0 0 0 0 0 0 7 72 72 68 150 150 66 2 0 0 0 0 0 57 2 126 0 0 21 0 0 0 0 0 0 0 0 0 14 137 127 4 3 43 22 0 0 0 0 33 22 29 94 139 150 38 0 0 0 0 0 0 0 0 0
32 47 7 0 0 0 0 0 60 150 98 42 0 28 91 119 120 10 0 11 5 0 27 101 145 144 10 0 0 0 0 0 3 9 0 0 0 0 0 0 0 20 117 141 150 150 150 149 135 43 0 0 0 0 22 0 122 26 7 68 66 11 0 0 4 52 23 0 0 0 75 55 18 0 0 0 10 29 31 20 65 131 133 150 150 150 131 6 3 34 8 0 0 0 0 0
150 150 72 0 0 0 0 0 57 141 39 0 0 3 21 17 0 0 0 0 0 2 84 6 71 42 0 0 0 0 0 0 77 134 25 32 66 3 0 13 0 26 120 137 69 62 133 150 141 43 0 0 0 0 0 0 7 8 66 126 101 22 0 0 54 122 128 24 0 0 21 58 108 3 33 84 145 150 118 56 121 150 150 150 148 149 141 78 61 65 0 0 0 0 0 0
150 148 43 0 0 0 0 0 0 2 0 0 0 0 0 0 0 0 0 0 0 0 0 0 6 2 0 0 0 0 0 35 52 44 72 97 144 20 12 24 0 46 125 106 0 12 92 150 71 0 0 0 0 0 0 0 0 0 0 0 0 0 33 0 0 2 79 122 20 0 0 35 36 47 148 148 96 67 93 19 59 108 84 148 93 123 148 60 11 0 0 0 0 0 13 8
126 144 11 0 0 0 0 0 0 0 0 0 0 0 0 0 0 0 0 0 0 0 0 0 0 0 0 17 10 0 0 0 0 0 0 6 19 2 83 102 38 0 8 48 40 0 4 61 4 0 0 0 0 0 0 0 0 0 0 0 1 27 0 0 0 17 112 142 141 38 0 2 21 138 150 150 146 139 129 149 150 46 0 16 32 98 123 4 0 0 0 0 0 2 1 39
0 89 130 61 7 0 0 0 0 0 0 0 0 0 0 0 0 0 0 0 0 0 0 0 0 0 13 23 102 14 0 0 5 65 52 85 7 0 2 12 25 0 0 0 0 0 18 18 57 52 2 0 0 0 0 0 0 0 81 82 6 0 0 33 0 0 7 41 131 49 0 37 139 150 150 150 150 150 150 150 133 85 117 67 83 21 30 43 0 0 0 44 134 33 0 0
0 103 148 77 61 84 2 0 0 0 0 0 0 0 0 0 0 0 0 0 0 0 0 0 0 0 0 16 67 27 0 0 42 116 84 20 2 0 0 2 115 41 0 0 0 0 0 0 59 59 0 0 0 0 0 0 14 89 109 132 22 24 63 82 16 0 0 0 22 14 0 106 150 150 150 150 150 150 150 138 148 126 78 30 116 149 88 13 4 30 15 28 79 145 91 65
25 69 148 150 132 21 0 0 0 0 0 0 0 0 0 0 0 0 0 0 0 0 0 0 0 0 0 0 0 59 13 6 99 105 58 0 0 0 3 1 47 26 3 1 0 0 6 0 0 0 0 0 0 0 0 0 0 68 6 0 0 77 142 150 146 89 20 0 0 13 107 150 142 134 75 112 61 140 150 150 150 133 139 132 56 43 58 94 12 40 22 0 7 85 150 101
150 147 150 126 28 67 94 60 0 0 0 0 0 0 0 0 0 0 0 0 0 0 0 0 0 0 0 0 0 1 2 2 9 117 12 0 0 8 37 16 0 0 0 2 0 13 10 0 0 0 0 22 49 8 0 0 0 3 14 4 70 132 140 148 150 150 86 4 55 130 150 150 130 140 101 118 144 113 106 150 150 94 73 45 5 3 0 35 91 0 0 0 0 24 63 0
150 150 150 145 142 148 72 117 106 9 14 0 0 8 65 25 0 0 0 0 0 0 0 0 0 0 0 0 0 0 0 2 12 15 7 11 23 82 107 27 0 0 0 31 0 7 0 0 43 47 50 95 150 105 0 0 0 0 17 114 110 74 25 93 122 54 19 68 148 150 148 73 10 4 120 150 150 150 150 78 28 15 0 0 0 0 0 9 123 90 25 0 39 14 48 12
150 150 150 150 150 121 17 5 6 3 0 0 0 0 0 0 0 0 0 0 0 0 0 31 36 0 0 0 0 1 56 2 2 109 128 92 24 0 14 0 0 0 27 37 0 0 0 11 9 24 48 25 60 27 6 69 124 7 0 32 145 120 102 42 3 2 89 149 138 110 147 68 10 0 0 24 31 95 150 92 14 0 0 0 0 0 0 0 5 130 85 26 101 117 143 86
150 150 150 150 140 42 0 5 0 0 0 0 0 0 0 0 0 12 45 2 0 0 0 0 0 0 0 0 7 54 138 107 45 117 150 114 0 0 0 0 0 2 93 40 0 0 0 12 67 18 21 21 23 0 9 10 134 52 0 0 19 3 0 22 42 4 143 122 32 33 117 86 0 19 2 0 0 30 146 148 67 0 0 0 0 0 0 0 0 20 114 150 145 71 21 65
150 150 150 138 33 0 0 0 0 0 0 0 0 2 108 104 79 26 7 16 47 0 0 0 0 0 0 0 0 0 39 66 109 115 120 69 0 0 4 0 1 40 80 58 10 13 0 0 0 15 2 1 0 32 13 0 41 148 28 0 0 0 0 10 2 53 150 150 19 1 35 98 18 21 5 0 6 125 82 84 110 34 0 0 0 0 0 0 0 0 31 86 68 2 28 7
150 146 65 31 0 0 1 0 0 0 0 0 0 0 19 101 103 144 143 102 48 0 0 0 0 0 0 0 0 0 0 0 0 0 0 0 0 0 6 16 20 44 49 111 61 0 0 0 0 0 0 0 0 0 5 36 98 148 87 0 0 0 0 0 11 98 100 95 17 2 3 12 39 21 0 0 4 8 0 0 11 65 4 3 0 0 0 0 2 0 0 19 81 60 10 91
150 150 129 61 3 0 0 0 0 0 0 0 0 0 0 0 0 32 73 14 0 0 0 0 0 0 0 0 0 0 0 0 0 0 0 0 0 0 0 0 8 74 150 150 109 7 0 0 0 11 60 54 9 84 25 6 111 140 37 0 65 63 0 0 0 0 3 3 0 0 0 0 0 0 0 19 65 0 0 0 10 0 4 1 0 0 0 0 0 2 0 2 55 140 146 150
122 56 90 120 10 0 0 0 0 0 0 0 0 0 0 0 0 4 0 0 0 0 0 0 0 0 0 0 0 0 0 0 0 0 0 0 0 0 0 0 0 16 85 125 146 76 0 0 0 94 150 146 116 102 21 0 76 143 20 0 22 39 0 22 22 20 0 0 0 0 0 0 0 0 0 4 0 0 0 0 0 0 0 4 71 18 0 0 0 0 0 0 1 68 128 54
3 0 0 36 10 0 0 0 0 0 0 0 0 0 0 0 0 0 0 0 0 0 0 0 0 0 0 0 0 0 0 0 0 0 0 0 0 0 0 0 0 0 0 0 20 16 0 0 2 133 150 150 148 39 0 21 49 43 0 0 0 22 90 137 146 141 90 38 7 0 0 2 0 0 4 1 0 0 0 0 16 0 1 14 0 36 2 0 0 0 0 0 2 0 13 0
0 0 0 0 0 0 0 0 0 0 0 0 0 0 0 0 0 0 0 0 0 0 0 0 0 0 0 0 0 0 0 0 0 0 0 0 0 0 0 0 0 0 0 0 0 0 0 0 0 76 150 150 150 139 41 73 105 64 0 18 126 138 150 150 150 150 150 150 131 95 103 35 7 65 109 22 0 0 0 0 0 25 0 18 23 0 0 0 1 7 0 6 5 5 0 8
0 0 0 0 0 0 0 2 0 0 0 0 0 0 0 0 0 0 0 0 0 0 0 0 0 0 0 0 0 0 0 0 0 0 0 0 0 0 0 0 0 0 0 0 0 0 0 0 0 38 150 150 150 150 148 148 150 132 0 68 150 150 150 150 150 150 150 150 150 150 150 148 113 6 30 13 0 2 1 3 0 12 7 0 0 0 0 5 0 2 0 4 0 5 0 8
80 42 0 0 0 0 25 141 92 5 0 0 0 0 0 0 0 0 0 0 0 0 0 0 0 0 0 0 0 0 0 0 0 0 0 0 0 0 0 0 0 0 0 0 0 0 0 0 0 3 142 150 150 150 150 150 100 21 0 94 150 150 150 150 150 150 150 150 150 150 150 150 150 85 27 3 9 3 0 0 10 0 0 0 0 0 0 0 2 0 0 0 0 0 0 13
