data/outputs/Sarzedas de Vasco/2015/resolution_1/CONT_NORM_1_10.asc
ncols         150
nrows         150
xllcorner     -8.222016814931
yllcorner      39.947705019877
cellsize       0.000089932160
NODATA_value  -9999
[rows 0 to 50 of 150, columns 0 to 95 of 150]
17 62 79 69 85 70 89 53 73 69 69 90 86 86 71 90 90 90 90 90 90 90 88 75 29 16 8 25 67 90 90 90 90 90 90 90 90 88 52 5 1 31 78 77 74 35 2 1 0 0 0 4 38 52 89 52 1 1 0 0 0 1 44 20 50 20 4 24 0 0 17 29 45 90 49 1 0 2 0 0 0 43 56 90 90 90 90 90 90 90 90 90 90 90 90 90
82 30 9 31 76 53 100 21 42 93 96 98 98 99 92 97 92 100 100 100 100 100 100 94 95 41 50 89 80 98 100 100 100 100 100 100 96 64 48 32 9 1 25 32 59 33 8 2 1 0 0 0 17 62 83 39 45 4 0 2 27 9 4 0 13 35 46 44 0 0 42 87 69 96 85 40 10 9 0 0 0 79 92 97 100 100 100 100 100 63 69 97 100 100 100 100
85 78 69 20 87 61 31 0 13 69 100 93 55 34 79 97 85 78 100 98 97 98 72 28 30 48 47 53 69 79 95 100 100 97 98 100 91 45 53 78 7 35 4 6 39 25 22 53 27 36 65 19 5 25 15 0 0 0 0 11 70 63 2 1 18 11 0 0 8 7 16 40 98 100 100 76 3 0 0 0 0 69 52 13 96 100 100 100 100 100 97 100 100 100 100 100
65 47 35 16 9 1 1 17 87 81 88 100 79 26 59 29 49 70 74 82 64 96 87 76 61 45 56 57 51 59 92 100 99 78 77 91 90 69 73 94 69 11 8 13 93 78 70 91 65 32 46 12 38 5 13 9 0 0 21 11 47 51 8 8 41 1 0 0 23 66 36 72 84 97 75 8 3 6 0 0 0 37 65 10 99 100 100 100 100 100 100 100 100 100 100 100
21 0 0 0 5 3 39 100 97 84 100 100 94 44 4 0 0 5 23 8 7 34 64 98 100 97 78 100 98 100 100 100 98 96 70 75 94 68 85 94 96 19 7 76 58 47 77 40 34 17 52 12 1 39 72 12 40 13 99 83 56 66 97 21 1 0 0 0 68 96 73 5 15 52 13 0 0 19 7 36 74 66 75 18 86 100 100 98 86 69 65 67 45 39 51 82
0 0 0 0 20 25 46 100 100 100 100 98 95 58 12 0 0 0 0 0 2 3 39 100 100 95 94 96 91 80 99 100 72 81 68 72 91 85 99 86 96 57 14 59 43 35 22 3 52 2 0 45 27 0 0 0 0 35 17 0 0 0 15 17 49 0 6 30 40 72 41 11 26 55 94 64 23 30 30 36 31 19 11 64 49 65 80 90 70 56 41 38 41 20 65 95
9 0 0 5 3 3 77 100 100 100 98 91 96 85 68 48 17 4 0 2 20 64 95 100 100 100 100 100 100 97 87 100 91 99 92 69 84 92 63 32 62 62 24 0 6 6 1 0 0 11 37 67 27 0 0 0 0 0 0 0 11 4 5 28 23 23 0 12 3 93 63 2 36 2 38 88 100 94 100 98 86 0 45 59 22 81 79 100 99 90 93 35 67 21 93 100
16 2 32 89 22 14 24 24 14 61 72 85 100 100 88 99 72 10 24 57 82 99 100 100 100 100 100 100 100 100 100 98 78 81 100 87 76 75 80 76 6 60 8 30 16 4 1 0 0 5 91 51 20 21 4 0 0 0 0 0 0 0 33 92 83 28 0 0 2 85 70 0 6 4 1 23 81 93 92 12 82 6 9 75 24 73 92 54 81 95 87 90 96 86 97 93
2 9 52 100 100 41 2 28 41 54 75 48 87 99 49 39 59 55 83 100 100 100 100 100 100 100 100 100 100 98 100 70 26 82 99 39 22 34 79 36 1 14 0 42 57 20 9 0 0 1 2 10 26 2 43 42 0 0 0 0 0 0 19 89 91 42 0 0 0 16 43 10 3 23 42 16 3 16 19 4 52 2 28 32 0 9 19 46 71 2 5 9 30 20 37 46
23 37 78 100 100 100 19 60 24 26 63 19 89 100 63 0 0 31 85 100 92 100 100 100 100 80 97 93 100 98 55 59 90 100 100 100 99 99 71 25 23 0 1 50 20 74 88 17 9 1 9 11 8 72 33 82 56 20 65 2 0 5 91 91 35 57 14 0 0 0 0 4 20 83 94 28 0 18 5 0 4 5 0 0 0 0 1 13 33 3 0 7 5 0 0 1
11 70 84 71 50 35 19 11 21 32 22 0 0 41 22 0 0 72 100 98 90 100 100 100 100 56 79 100 82 26 4 16 32 80 100 85 40 16 3 8 12 8 5 6 3 40 80 39 3 0 7 2 54 82 36 28 85 37 38 0 0 2 62 8 15 11 30 39 0 0 14 1 35 77 96 86 19 3 4 7 10 0 0 3 10 41 3 8 12 0 33 70 81 0 0 1
0 15 55 78 93 76 33 2 17 12 56 47 24 15 40 67 16 42 90 62 54 100 99 100 94 92 100 92 25 0 0 0 11 81 100 92 28 17 0 6 15 2 4 0 0 16 17 55 6 0 0 0 8 90 92 68 73 14 0 0 23 24 17 28 62 8 9 70 52 25 18 12 4 41 34 16 9 18 11 41 16 0 0 0 12 19 1 0 0 13 92 58 19 0 0 1
15 58 88 92 66 95 59 10 0 58 99 96 100 76 13 28 14 0 0 61 100 99 85 78 61 99 94 33 0 0 7 0 0 56 75 57 42 4 0 0 1 0 0 0 0 12 39 31 0 1 0 4 76 100 67 28 17 54 41 0 48 60 29 37 61 27 13 68 41 16 0 0 0 0 0 0 9 43 51 74 8 0 0 15 80 3 0 0 0 0 3 0 0 9 1 43
2 90 95 15 45 97 98 37 63 72 100 100 100 96 15 3 0 0 0 24 31 19 69 81 61 89 100 99 39 0 65 31 1 18 12 71 78 5 2 10 21 64 53 0 0 65 49 0 0 0 23 61 99 63 73 22 27 12 18 25 1 46 30 3 0 10 0 0 0 0 20 34 0 5 2 30 8 7 30 34 0 0 1 61 88 63 0 0 5 0 10 28 25 0 0 0
35 98 100 86 100 100 93 78 3 7 15 20 27 44 0 19 0 25 0 6 1 3 28 42 32 68 85 100 97 90 99 94 53 9 0 16 22 24 45 70 26 33 19 3 34 0 0 1 13 1 0 21 77 32 10 44 23 5 12 60 54 6 0 0 2 0 0 0 4 67 86 86 30 0 0 13 46 16 13 0 9 4 2 66 4 11 6 8 42 68 98 29 6 1 0 0
40 100 100 100 75 96 99 91 11 11 3 0 0 8 5 60 52 27 8 8 0 16 23 52 17 11 36 91 97 83 100 100 67 0 0 3 5 0 15 17 6 7 21 21 2 0 0 67 100 19 0 0 33 7 1 6 0 0 0 15 20 0 0 6 51 38 39 8 12 81 24 87 42 0 0 0 3 32 20 6 30 59 3 19 32 69 76 47 73 89 85 71 23 0 0 3
50 100 100 100 84 67 58 23 29 87 25 12 1 0 33 50 0 37 9 8 9 47 32 47 58 61 29 17 23 32 100 100 48 0 0 0 0 0 3 59 27 64 83 68 53 15 10 26 60 33 1 0 0 0 0 0 0 0 0 0 0 9 21 0 12 24 5 33 10 9 7 17 19 0 0 0 0 27 6 6 3 50 60 6 75 100 97 96 69 33 39 33 0 7 28 7
54 100 100 100 59 15 35 7 53 91 13 0 17 0 19 42 24 29 3 10 55 80 31 92 98 100 78 80 48 46 76 100 80 47 3 54 12 0 1 0 24 98 93 70 85 15 2 17 33 87 50 0 0 0 0 0 0 0 0 0 0 3 25 3 60 27 0 1 38 1 0 1 20 0 0 0 28 41 20 73 42 3 8 60 96 81 83 98 93 63 60 42 14 11 52 68
61 100 100 100 100 38 0 6 68 25 0 0 0 0 0 10 24 23 39 15 13 28 85 98 88 85 83 98 98 95 97 100 100 53 32 67 0 0 0 20 44 62 93 65 49 23 68 100 99 95 64 57 19 2 1 15 0 0 0 0 0 0 0 1 25 5 19 31 0 5 3 2 15 28 52 0 1 25 64 68 79 29 80 87 47 81 93 81 48 20 1 7 50 4 13 20
10 84 100 100 100 53 40 24 14 55 31 0 3 6 0 0 0 7 74 48 46 42 58 100 100 98 100 100 100 99 99 100 100 35 22 35 3 1 0 0 49 61 91 78 29 32 89 100 100 100 75 5 2 0 0 0 2 8 0 5 6 0 10 51 45 81 4 2 0 33 0 4 20 19 18 16 53 5 48 28 8 84 52 69 5 4 26 89 14 0 0 0 26 62 72 52
59 100 100 100 100 100 100 99 94 100 99 39 52 64 83 86 22 43 74 24 35 52 97 100 100 97 100 100 100 93 95 100 100 60 33 39 0 1 0 8 5 44 79 56 23 29 72 100 99 64 5 0 0 0 0 55 59 44 16 0 0 0 0 17 37 31 0 4 17 50 14 0 2 0 5 9 72 19 0 2 27 82 7 25 17 1 24 28 36 1 0 0 0 23 35 22
71 93 96 98 89 85 100 100 100 100 55 31 77 77 41 77 55 41 79 38 57 46 42 73 94 89 100 100 100 100 100 100 100 100 71 17 43 76 88 91 20 47 58 15 3 4 71 100 80 67 2 0 0 0 0 0 6 14 0 0 0 0 0 0 0 0 0 0 16 85 56 0 17 68 52 9 78 9 31 4 7 1 0 0 0 4 11 0 2 1 15 0 0 0 44 80
69 98 53 17 49 74 100 100 100 91 21 23 60 34 40 20 45 11 91 84 55 46 17 5 2 72 90 100 100 100 100 98 80 45 19 0 75 95 100 80 84 57 94 37 0 11 75 56 1 6 2 0 0 0 0 0 0 0 0 0 0 0 0 0 0 0 0 0 0 0 6 0 35 100 79 22 43 3 47 88 98 71 39 23 12 23 0 0 7 6 10 0 1 1 2 3
38 83 60 15 0 5 80 100 92 87 31 1 19 18 20 23 0 3 16 9 21 41 53 49 32 6 21 96 100 100 100 39 0 19 70 23 88 77 87 100 87 97 100 51 20 91 100 65 20 0 0 28 16 0 0 0 0 0 0 0 0 0 0 0 0 0 0 0 0 0 0 0 7 99 100 99 67 27 100 100 100 100 100 100 59 12 2 1 4 1 0 1 1 1 1 4
15 14 6 0 0 0 47 83 53 62 15 45 58 37 69 64 79 91 36 36 12 57 89 99 90 60 53 79 100 100 100 23 0 18 95 50 85 49 24 6 20 35 65 24 82 96 80 97 45 27 25 80 64 0 0 0 0 0 0 0 0 0 0 0 0 0 0 0 0 0 0 0 0 40 61 36 0 52 100 100 100 100 100 100 95 51 2 3 1 0 0 1 1 3 44 86
4 14 1 20 7 26 84 86 33 0 34 90 74 94 98 100 100 100 99 49 42 84 57 34 33 53 78 100 100 93 93 17 9 0 1 12 99 100 31 0 0 0 3 10 95 84 75 50 50 60 47 10 1 0 0 0 0 0 0 0 0 0 0 0 0 0 0 0 0 0 0 0 0 0 0 0 0 65 100 100 100 100 100 100 95 23 48 0 0 0 3 2 33 80 94 74
0 0 0 2 19 86 42 98 96 41 83 45 59 77 83 100 100 100 61 72 86 100 86 10 13 99 91 70 50 35 61 61 26 33 13 1 68 79 2 0 0 18 8 80 100 93 35 13 74 32 7 0 0 0 0 0 0 0 0 0 0 0 0 0 0 0 0 0 0 0 0 0 0 0 0 0 1 77 98 100 100 100 100 100 78 18 70 61 12 2 12 79 96 90 96 84
0 0 0 0 49 31 61 100 100 66 50 27 100 81 48 87 100 100 90 93 98 89 87 62 12 70 98 29 0 17 53 19 67 98 68 54 98 68 1 0 0 11 7 39 88 63 96 95 49 0 0 0 0 0 0 0 0 0 0 0 0 0 0 0 0 0 0 0 0 0 0 0 0 0 0 0 1 47 75 100 100 100 100 100 82 22 80 92 98 73 90 91 96 100 100 100
24 24 26 5 11 0 4 45 97 85 42 55 100 100 90 79 96 97 70 36 28 35 3 11 0 5 28 13 0 16 50 64 49 80 66 11 13 6 0 0 0 34 78 69 36 95 79 87 24 1 0 0 0 0 0 0 0 0 0 0 0 0 0 0 0 0 0 0 0 0 0 0 0 0 0 0 0 13 71 86 100 100 100 100 82 80 100 100 100 100 100 100 100 100 100 100
10 43 26 25 47 25 2 0 14 29 17 56 98 56 48 63 39 59 2 0 1 42 17 57 45 1 0 1 0 8 32 42 1 40 21 0 0 2 0 0 0 25 87 69 20 77 96 100 100 50 0 14 42 24 0 0 0 0 0 0 0 0 0 0 0 0 0 0 0 0 0 0 0 0 0 0 26 55 93 100 100 100 100 100 100 100 100 100 100 95 89 55 96 100 100 100
74 91 59 3 39 48 58 5 4 25 0 40 59 63 11 1 36 37 2 26 18 28 27 49 9 15 0 0 0 0 0 5 28 15 1 3 14 0 0 0 2 28 98 84 51 96 100 90 98 99 92 100 100 92 8 0 0 0 0 0 0 0 0 0 0 26 28 0 0 0 0 0 0 0 0 32 100 83 79 98 100 100 100 100 100 100 100 100 100 100 94 86 100 100 100 100
84 100 75 22 58 25 1 39 88 85 85 60 28 19 19 1 2 17 49 50 39 33 61 94 85 55 6 0 2 64 28 31 57 38 2 43 68 3 18 30 22 76 91 79 70 100 100 100 100 100 100 100 100 99 46 1 0 17 57 50 3 0 0 0 0 14 2 0 0 0 0 0 0 0 0 4 21 72 99 100 100 100 100 100 100 100 100 100 100 100 94 84 90 99 100 100
65 100 87 83 36 12 72 91 88 96 100 100 100 76 40 42 88 98 97 34 7 39 53 65 93 30 85 64 33 76 99 89 95 22 0 5 47 0 6 3 15 28 49 57 71 100 100 100 100 100 100 100 100 100 26 3 38 91 35 94 43 0 0 0 0 4 28 1 0 0 5 26 25 14 0 5 3 77 100 100 100 100 100 100 100 100 100 100 100 100 100 100 100 100 100 100
89 94 91 25 35 76 51 93 100 100 100 100 98 100 100 100 100 100 100 91 7 24 8 48 82 71 100 100 100 100 100 37 69 85 70 44 7 0 3 37 69 99 76 91 100 100 100 100 100 100 100 100 100 100 91 34 64 99 86 60 66 17 0 0 0 0 1 0 3 32 78 100 100 99 74 78 83 100 100 100 100 100 100 100 100 100 100 100 100 100 100 100 99 100 100 100
64 53 59 85 83 94 100 100 99 100 100 100 99 100 100 100 100 100 91 42 12 0 21 19 34 99 100 100 100 100 100 100 99 100 100 21 0 0 12 53 100 94 98 100 93 90 100 100 100 100 100 100 100 100 100 82 89 100 100 96 59 20 2 0 0 1 29 25 62 100 100 100 100 100 100 100 100 100 100 100 100 100 100 96 98 100 100 100 100 100 100 100 97 100 100 100
28 5 80 100 99 97 100 100 97 95 86 93 84 83 73 90 98 98 65 90 85 49 35 80 90 100 100 100 100 100 100 100 100 100 100 84 41 64 91 97 100 98 100 100 100 100 100 100 100 100 100 100 100 100 100 32 5 95 100 61 0 13 7 6 36 76 85 63 100 100 100 100 100 100 100 100 100 100 100 100 100 100 100 98 90 90 100 100 100 100 100 100 100 100 100 100
17 47 84 98 100 100 100 100 100 100 100 100 97 67 70 94 100 97 100 100 100 100 100 100 100 100 100 100 100 97 92 100 100 100 100 100 99 93 100 100 100 100 100 100 100 100 100 100 100 100 100 100 100 100 100 92 7 38 44 30 0 30 26 95 100 100 100 100 100 100 100 100 100 100 100 100 100 100 100 100 99 100 98 89 96 99 100 100 100 100 100 100 100 100 100 100
90 99 100 100 100 100 100 100 100 100 93 99 97 97 63 59 83 100 98 100 100 100 100 100 100 100 100 100 100 65 98 100 100 100 100 100 91 99 100 100 100 100 100 100 100 100 100 100 100 100 100 100 99 88 100 100 36 0 0 0 0 4 76 100 100 100 100 100 100 100 100 100 100 100 100 100 100 100 100 100 86 100 99 97 100 100 93 91 81 100 100 100 100 100 100 100
90 100 100 100 100 100 100 100 100 67 38 55 89 89 98 94 90 100 100 98 100 100 100 100 100 100 100 100 100 98 100 100 98 100 100 99 100 98 100 100 100 100 100 100 100 100 100 100 100 100 100 100 99 89 100 70 3 0 0 0 0 12 89 100 100 100 100 100 100 100 100 100 100 100 100 100 100 100 100 100 100 100 100 98 96 73 85 62 53 82 89 100 100 100 100 100
90 100 100 100 100 100 100 100 100 95 78 30 93 100 100 96 100 100 100 100 100 100 100 100 100 100 100 96 100 100 100 100 100 100 100 97 100 98 98 100 95 100 100 100 100 100 98 100 100 100 100 100 100 100 100 90 39 0 0 0 24 51 96 95 100 100 100 100 100 100 100 100 100 100 100 100 100 100 100 100 100 100 100 92 82 62 99 65 34 77 98 100 100 100 100 100
90 100 100 100 100 100 100 100 100 100 100 92 98 100 100 72 100 100 100 100 100 100 100 100 100 100 100 100 100 100 100 100 100 100 100 100 100 100 98 100 100 100 100 100 100 100 100 100 100 100 100 100 100 98 98 48 4 0 0 0 13 11 3 4 97 100 100 100 100 100 100 100 100 100 100 100 100 100 100 100 100 100 94 41 96 93 70 63 99 100 94 100 100 97 100 100
90 100 100 100 100 100 100 100 100 100 100 100 100 100 100 100 100 100 100 100 100 100 100 100 100 100 100 100 100 100 100 100 100 100 100 100 100 100 100 100 100 100 100 100 100 100 100 99 100 100 100 100 100 100 93 20 0 0 0 0 0 0 54 57 95 100 100 100 100 100 100 100 100 100 100 100 100 100 100 100 100 100 100 93 75 41 43 82 100 89 91 100 99 89 100 100
90 100 100 100 100 100 100 100 100 100 100 100 100 100 100 100 100 100 83 45 64 100 100 100 100 100 100 100 100 100 100 100 100 100 100 100 100 100 100 100 100 100 100 100 100 100 100 63 100 100 100 100 100 100 100 95 29 0 0 0 0 0 92 100 100 100 100 100 100 100 100 100 100 100 100 100 100 100 100 100 100 100 100 83 51 63 41 57 75 73 35 80 79 97 100 100
90 100 100 100 100 100 100 100 100 100 100 100 100 100 100 100 100 81 61 25 39 87 100 96 100 100 100 100 100 100 100 100 100 100 100 100 100 100 92 100 100 100 100 96 96 95 96 97 100 100 100 100 100 100 100 100 95 26 0 0 0 0 87 100 100 100 100 100 100 100 100 100 100 100 100 100 100 100 100 100 100 100 100 100 96 88 70 86 85 50 49 55 49 74 92 100
90 100 100 100 100 100 100 100 100 100 100 100 100 100 100 97 47 58 91 67 89 87 93 100 100 100 100 100 100 100 100 100 100 100 97 80 100 100 93 98 100 100 67 94 100 67 71 95 100 100 70 100 100 98 100 100 100 98 84 65 71 29 76 100 100 100 100 100 100 100 100 100 100 100 100 100 100 100 91 100 100 100 100 90 96 92 98 68 88 100 99 82 66 92 93 60
85 100 100 100 100 100 100 100 100 100 100 100 100 100 100 77 27 48 46 33 87 93 55 84 98 100 100 100 100 100 100 100 100 100 49 1 35 42 73 99 77 54 15 96 97 9 4 38 84 91 83 100 100 100 100 100 100 100 100 100 100 62 60 100 100 100 100 100 100 100 100 100 100 100 100 100 100 100 100 100 100 100 100 100 79 77 78 79 93 100 100 95 81 91 94 98
61 90 100 100 100 100 100 100 100 100 100 100 100 100 100 100 73 12 36 20 85 82 19 81 95 100 100 100 100 100 100 100 81 54 12 6 12 6 3 29 20 1 15 64 91 40 23 30 81 69 96 100 100 99 100 100 100 100 100 100 100 73 13 91 100 95 100 100 100 100 100 100 100 100 100 100 100 100 100 100 100 100 100 100 100 100 80 86 100 100 100 96 82 97 100 96
64 98 100 100 100 100 100 100 100 100 100 100 100 100 100 96 67 67 50 51 93 66 4 80 92 98 100 95 100 100 100 64 23 9 86 93 65 2 5 46 11 17 7 7 47 12 61 65 83 96 100 100 85 31 78 100 100 100 100 100 100 100 67 21 54 98 100 100 100 100 100 100 100 100 100 100 100 100 100 100 100 100 100 100 99 100 100 100 100 100 100 100 100 100 100 93
24 78 100 100 100 100 100 100 90 94 99 100 91 92 100 100 85 28 20 67 93 68 35 47 57 81 86 86 94 95 96 24 0 37 100 100 79 5 20 9 21 5 1 5 2 53 97 81 98 100 99 79 8 30 95 98 100 100 100 100 100 100 100 99 87 62 64 88 100 100 100 100 100 100 100 100 100 100 100 100 100 100 100 100 100 100 79 98 98 88 95 98 96 100 100 100
68 40 99 100 100 100 100 100 100 100 100 100 100 71 100 100 97 58 61 76 92 73 59 46 58 67 72 96 90 98 82 10 0 18 99 100 98 58 29 18 27 0 0 1 27 81 100 100 100 69 28 17 3 55 100 94 93 82 94 100 100 100 100 90 99 100 91 44 36 72 100 100 100 100 100 100 100 100 100 100 100 100 100 100 100 100 96 98 100 77 50 70 94 100 100 100
83 92 98 89 100 100 100 100 100 100 100 100 100 100 100 100 100 100 100 100 98 85 68 83 81 79 90 100 98 93 75 44 1 17 100 100 100 82 37 29 19 1 25 62 58 99 100 100 100 49 10 9 29 70 100 93 53 15 10 52 84 18 43 4 28 68 99 100 91 45 28 88 100 100 100 100 100 100 100 100 100 100 100 100 100 100 100 100 100 93 100 100 96 93 98 100
