data/outputs/Sarzedas de Vasco/2015/resolution_1/CONT_SPEC_1_25.asc
ncols         60
nrows         60
xllcorner     -8.222016814931
yllcorner      39.947705019877
cellsize       0.000224830400
NODATA_value  -9999
[rows 0 to 30 of 60, columns 0 to 59 of 60]
3.152800 3.358400 3.734400 3.19600 5.297600 5.107200 5.627200 5.76000 5.685600 4.182400 2.227200 4.742400 5.711200 5.76000 5.379200 2.62800 1.131200 3.014400 1.007200 0.063200 0.305600 3.54000 1.362400 0.120800 1.040800 1.157600 1.60800 0.155200 2.641600 4.854400 1.057600 0.014400 2.500800 4.922400 5.76000 5.404800 5.4000 5.76000 5.76000 5.76000 5.44800 5.76000 5.76000 5.76000 5.76000 5.76000 5.76000 5.76000 5.76000 5.76000 5.569600 5.76000 5.76000 5.76000 5.69200 4.306400 4.02800 3.182400 3.138400 1.088800
2.617600 1.204800 1.634400 4.37600 5.842400 2.37200 2.003200 3.295200 3.778400 4.327200 4.000800 4.403200 5.919200 5.17200 5.096800 4.785600 2.063200 2.7000 3.735200 2.821600 1.996800 1.493600 0.585600 2.195200 3.37200 1.292800 0.014400 2.557600 2.852800 3.890400 0.475200 0.572800 2.977600 3.09200 6.0000 5.54400 5.086400 4.686400 5.827200 5.980800 6.0000 6.0000 6.0000 6.0000 6.0000 5.996800 5.915200 5.94400 5.372800 4.46000 3.297600 5.78800 5.997600 6.0000 6.0000 6.0000 5.803200 3.083200 6.0000 5.740800
0.188800 0.80400 2.799200 5.285600 5.40800 4.176800 1.424800 0.143200 2.450400 5.779200 5.892800 5.649600 5.758400 4.956800 4.92800 4.431200 3.080800 1.13200 0.655200 0.684800 2.777600 0.24000 0.16400 0.329600 0.190400 2.172800 0.82800 2.54400 1.66800 2.24000 3.964800 3.932800 1.93200 2.744800 4.864800 5.082400 3.452800 3.501600 5.93600 5.910400 6.0000 6.0000 6.0000 5.825600 6.0000 6.0000 6.0000 5.93600 5.90800 5.442400 5.357600 2.40400 4.610400 5.626400 4.15600 2.736800 1.761600 2.233600 6.0000 5.76000
1.092800 5.561600 1.865600 2.35200 3.909600 5.105600 2.099200 4.811200 5.892800 6.0000 5.757600 5.909600 4.386400 5.317600 3.975200 3.652800 0.963200 2.024800 1.997600 0.10800 0.984800 1.807200 1.76000 0.802400 0.518400 4.607200 1.135200 0.511200 0.912800 2.553600 1.179200 1.204800 1.138400 0.968800 1.375200 2.13200 1.565600 1.866400 3.423200 5.964800 5.971200 6.0000 6.0000 6.0000 5.996800 5.929600 5.980800 6.0000 5.716800 4.627200 3.63200 1.354400 3.784800 5.641600 4.508800 3.255200 1.982400 0.986400 3.863200 5.081600
2.104800 4.591200 2.335200 1.074400 2.485600 1.776800 1.464800 4.354400 5.448800 5.769600 5.214400 2.19600 0.3000 4.58000 3.074400 0.20800 0.436800 0.096800 2.410400 0.332800 0.27600 4.312800 3.03600 0.734400 1.487200 2.101600 1.600800 1.854400 0.641600 2.54400 1.533600 1.737600 0.321600 0.623200 0.627200 0.325600 3.044800 0.416800 1.003200 2.84400 4.42000 6.0000 6.0000 6.0000 5.996800 5.64800 5.84000 5.884800 6.0000 5.964800 5.874400 3.8000 4.114400 5.326400 3.224800 1.927200 3.645600 3.310400 2.926400 2.621600
3.719200 4.104800 5.319200 2.102400 4.055200 2.90800 0.423200 0.728800 2.067200 3.29200 5.22800 3.16400 3.207200 0.96400 2.488800 1.332800 1.890400 0.534400 1.537600 0.194400 2.074400 3.671200 1.578400 1.64800 1.910400 0.43600 0.449600 0.80400 2.390400 0.14000 1.024800 1.327200 0.124800 2.653600 0.839200 1.123200 1.801600 0.135200 0.075200 0.00800 2.912800 5.605600 5.99200 6.0000 6.0000 5.486400 5.779200 5.980800 6.0000 5.824800 4.293600 0.299200 0.598400 3.106400 2.503200 3.651200 5.956800 4.50400 2.450400 3.04400
4.71200 5.392800 4.140800 2.482400 0.610400 0.595200 2.11200 0.841600 1.66800 2.965600 2.898400 3.513600 5.854400 0.308800 0.434400 0.899200 2.28800 2.807200 0.557600 3.165600 0.335200 0.295200 0.059200 0.146400 0.586400 0.97200 1.329600 1.57600 1.822400 0.248800 0.596800 1.201600 1.880800 2.077600 5.26800 3.956800 2.897600 0.91600 0.548800 0.10400 1.773600 2.609600 3.102400 2.963200 5.254400 4.739200 3.92000 4.97600 5.284800 4.106400 0.89600 0.030400 0.17200 1.291200 1.225600 5.629600 5.48800 5.881600 6.0000 5.76000
4.413600 5.815200 1.555200 2.353600 0.332800 0.122400 0.923200 1.973600 2.289600 5.701600 5.4000 5.337600 5.795200 2.998400 1.286400 0.197600 3.763200 4.016800 3.224800 5.435200 2.352800 0.053600 0.234400 0.051200 0.06800 1.709600 1.38400 0.558400 0.283200 1.262400 0.823200 2.816800 2.927200 3.544800 3.704800 2.648800 0.849600 2.079200 2.564800 0.18400 2.772800 4.089600 4.679200 1.698400 3.893600 5.970400 5.838400 5.075200 5.637600 0.663200 0.0000 0.0000 0.030400 0.087200 2.326400 5.845600 5.54400 5.950400 6.0000 5.439200
5.157600 5.421600 5.841600 5.93600 3.22400 3.800800 3.023200 3.700800 3.505600 4.25200 5.779200 5.935200 5.949600 4.081600 1.802400 3.195200 2.692800 1.853600 3.135200 4.105600 0.088800 0.002400 1.501600 0.36000 0.0000 0.52400 0.315200 1.637600 0.732800 2.386400 2.06400 0.748800 1.85600 0.400800 0.514400 0.572800 0.20400 0.980800 3.61200 1.95600 2.135200 1.173600 1.152800 3.869600 4.687200 5.98400 4.790400 1.77200 5.492800 3.811200 0.003200 0.133600 0.04400 0.779200 5.96400 6.0000 6.0000 5.400800 4.491200 3.73200
2.632800 0.444800 3.148800 4.766400 1.443200 2.2000 2.218400 2.079200 2.064800 3.26400 3.032800 5.944800 3.586400 2.340800 3.661600 3.805600 3.937600 3.065600 5.228800 1.499200 1.85600 0.192800 0.0000 0.0000 0.0000 0.0000 0.0000 0.0000 0.0000 4.004800 2.437600 5.473600 5.969600 4.839200 0.875200 0.126400 0.05600 0.508800 2.818400 1.56000 1.469600 4.521600 4.90400 5.909600 5.980800 5.322400 1.445600 0.0000 0.388800 3.947200 3.795200 0.714400 4.181600 5.792800 6.0000 5.092800 3.51200 2.154400 4.118400 3.959200
0.177600 0.780800 3.814400 3.659200 3.57200 5.001600 5.993600 4.717600 5.06800 1.919200 5.094400 3.569600 2.80400 1.346400 3.541600 1.225600 0.287200 3.58800 3.906400 2.987200 0.628800 0.0000 0.0000 0.0000 0.0000 0.0000 0.0000 0.0000 0.0000 0.0000 0.618400 5.669600 6.0000 5.591200 2.48000 1.315200 2.547200 5.325600 3.712800 4.818400 5.704800 6.0000 6.0000 6.0000 6.0000 5.438400 5.398400 2.494400 0.029600 0.0000 2.834400 5.259200 6.0000 6.0000 5.354400 4.309600 3.49600 3.99600 5.794400 5.114400
1.178400 1.285600 1.101600 3.420800 3.15600 4.645600 4.579200 2.851200 2.136800 1.749600 1.173600 0.283200 2.661600 3.388800 1.373600 0.060800 1.365600 3.156800 5.39600 2.865600 0.300800 0.473600 0.0000 0.0000 0.0000 0.0000 0.0000 0.0000 0.0000 0.0000 0.518400 4.778400 6.0000 5.792800 5.36800 5.945600 5.352800 6.0000 6.0000 6.0000 6.0000 6.0000 6.0000 6.0000 5.949600 4.35200 1.306400 0.834400 0.0000 1.465600 4.06800 5.889600 5.996800 5.49200 2.37200 1.28400 2.563200 3.010400 3.046400 4.048800
5.090400 2.6000 1.881600 3.26800 3.391200 2.288800 1.751200 2.08400 1.960800 3.670400 1.185600 0.981600 2.114400 1.298400 1.54400 0.52400 2.355200 4.453600 5.960800 5.87600 5.915200 4.161600 0.593600 2.193600 0.15600 0.0000 0.928800 0.003200 0.0000 0.0000 2.23200 5.603200 6.0000 6.0000 6.0000 6.0000 5.547200 5.945600 6.0000 6.0000 6.0000 6.0000 6.0000 6.0000 6.0000 5.373600 2.133600 0.449600 0.019200 4.07600 6.0000 6.0000 5.596800 1.797600 0.178400 0.035200 0.092800 0.208800 0.399200 1.152800
4.623200 3.564800 4.821600 5.863200 5.996800 5.571200 5.6000 5.005600 0.866400 2.652800 5.495200 5.76800 5.01600 4.707200 0.896800 1.036800 4.667200 5.216800 5.900800 6.0000 6.0000 5.558400 3.843200 4.826400 1.857600 0.0000 0.441600 2.052800 4.962400 4.82800 4.71200 6.0000 6.0000 5.945600 6.0000 6.0000 6.0000 5.964800 5.89200 5.704800 6.0000 6.0000 6.0000 6.0000 5.232800 2.234400 0.0000 0.0000 0.940800 5.902400 5.980800 5.504800 3.586400 1.950400 2.839200 3.020800 3.58000 2.748800 1.51200 2.247200
2.77200 5.878400 5.96800 5.921600 5.726400 4.569600 5.49600 5.560800 5.04400 5.411200 6.0000 5.783200 5.906400 6.0000 4.984800 5.749600 5.982400 6.0000 6.0000 6.0000 6.0000 6.0000 2.466400 2.98800 0.606400 3.729600 5.412800 5.857600 6.0000 6.0000 6.0000 6.0000 5.852800 5.676800 5.897600 5.993600 6.0000 6.0000 6.0000 6.0000 6.0000 6.0000 6.0000 6.0000 5.705600 1.709600 0.0000 0.0000 1.97600 5.596800 5.255200 5.75600 5.996800 6.0000 5.996800 5.974400 5.52000 5.684800 6.0000 5.491200
5.76000 6.0000 6.0000 5.63200 3.955200 5.64800 5.54400 5.961600 6.0000 6.0000 6.0000 5.793600 5.996800 5.98400 5.857600 5.964800 5.950400 6.0000 5.980800 6.0000 6.0000 5.76800 2.630400 0.0000 1.822400 5.94000 6.0000 6.0000 6.0000 6.0000 6.0000 6.0000 6.0000 5.693600 4.983200 3.726400 5.86800 6.0000 6.0000 6.0000 6.0000 5.840800 4.906400 5.699200 5.694400 4.087200 0.10800 2.582400 5.853600 5.913600 5.996800 6.0000 6.0000 6.0000 5.948800 5.82400 6.0000 6.0000 6.0000 5.76000
5.76000 6.0000 6.0000 6.0000 5.926400 5.980800 5.72800 5.9000 6.0000 6.0000 6.0000 6.0000 6.0000 6.0000 6.0000 5.980800 6.0000 6.0000 5.78000 5.872800 6.0000 5.893600 1.147200 0.0000 0.72000 3.891200 6.0000 6.0000 6.0000 6.0000 6.0000 6.0000 6.0000 4.52400 3.792800 5.339200 5.367200 5.824800 6.0000 6.0000 5.943200 5.112800 1.990400 5.665600 6.0000 5.996800 5.756800 5.524800 6.0000 5.950400 5.81600 5.980800 6.0000 6.0000 6.0000 5.963200 6.0000 6.0000 6.0000 5.76000
5.76000 6.0000 6.0000 6.0000 6.0000 6.0000 4.940800 3.858400 4.66000 5.940800 6.0000 6.0000 6.0000 5.967200 5.802400 5.831200 5.828800 5.719200 5.252800 5.953600 5.709600 5.98400 5.228800 1.905600 1.745600 6.0000 6.0000 6.0000 6.0000 6.0000 6.0000 5.91200 6.0000 5.690400 4.663200 4.548800 3.90800 5.169600 5.389600 5.78800 6.0000 5.83600 3.396800 5.271200 6.0000 6.0000 6.0000 5.990400 6.0000 5.996800 5.871200 5.509600 4.66800 5.879200 6.0000 6.0000 5.98400 6.0000 6.0000 5.76000
5.179200 6.0000 6.0000 6.0000 6.0000 6.0000 3.788800 2.361600 4.480800 4.622400 6.0000 6.0000 5.82000 3.285600 1.55200 2.579200 1.720800 3.92000 1.33600 4.531200 5.792800 5.483200 6.0000 6.0000 4.446400 4.83200 5.950400 6.0000 6.0000 6.0000 6.0000 6.0000 6.0000 5.798400 5.14400 5.83200 5.720800 5.661600 4.923200 4.354400 4.679200 5.731200 4.761600 5.976800 6.0000 5.878400 5.961600 6.0000 6.0000 3.347200 1.420800 1.813600 1.412800 2.472800 3.818400 3.433600 5.175200 5.900800 5.642400 5.76000
4.02000 6.0000 6.0000 5.835200 5.987200 5.563200 4.967200 3.227200 4.395200 3.19200 4.903200 5.721600 2.731200 2.997600 4.681600 1.094400 0.661600 0.475200 4.455200 5.64400 3.331200 3.477600 5.791200 5.833600 6.0000 5.034400 4.889600 4.765600 5.996800 6.0000 6.0000 6.0000 6.0000 5.98400 5.76000 5.604800 5.128800 5.944800 5.980800 6.0000 5.973600 4.020800 1.853600 4.818400 6.0000 6.0000 6.0000 6.0000 5.908800 4.403200 3.014400 2.39600 2.65600 2.509600 3.660800 4.374400 5.977600 5.214400 3.916800 5.198400
5.350400 5.547200 6.0000 6.0000 6.0000 5.964800 6.0000 5.964800 5.611200 5.000800 5.28400 5.87600 3.623200 2.420800 5.982400 3.957600 1.628800 3.615200 5.994400 4.469600 1.643200 3.599200 3.815200 0.598400 3.81600 3.275200 2.94800 2.322400 2.563200 5.860800 6.0000 6.0000 6.0000 6.0000 6.0000 5.93600 5.999200 5.871200 5.235200 5.670400 5.516800 5.322400 2.325600 5.792800 6.0000 6.0000 6.0000 6.0000 6.0000 5.94000 5.84000 5.9000 2.524800 3.587200 4.140800 4.20400 4.644800 5.55600 3.552800 4.955200
4.95200 5.82400 5.994400 5.695200 5.991200 5.498400 5.52800 5.815200 5.403200 5.977600 5.980800 5.439200 3.790400 0.38400 1.397600 2.857600 5.964800 5.883200 5.630400 5.707200 3.67600 5.821600 3.097600 2.071200 4.131200 3.51600 4.23600 3.62800 5.230400 3.57600 6.0000 6.0000 6.0000 6.0000 6.0000 6.0000 5.92800 5.500800 5.868800 5.745600 5.948800 5.717600 5.537600 5.913600 6.0000 6.0000 6.0000 5.999200 5.818400 5.980800 6.0000 5.976800 1.574400 0.054400 3.46800 6.0000 6.0000 6.0000 5.964800 5.76000
4.705600 5.97600 5.80800 4.265600 4.400800 3.874400 3.384800 5.118400 5.695200 5.878400 5.48000 3.431200 3.385600 4.324800 4.56000 5.848800 6.0000 6.0000 5.978400 5.760800 5.39600 5.82800 2.56000 3.64000 2.30400 5.91600 3.951200 5.081600 3.558400 2.845600 4.686400 6.0000 6.0000 5.88400 5.969600 5.945600 5.605600 5.880800 6.0000 6.0000 6.0000 6.0000 6.0000 5.87600 4.080800 5.580800 6.0000 5.903200 5.976800 5.921600 5.96800 5.860800 1.449600 4.844800 5.812800 6.0000 5.929600 6.0000 5.757600 2.931200
0.0000 0.743200 3.995200 2.798400 0.166400 2.022400 0.215200 0.105600 1.023200 1.877600 3.154400 0.482400 0.065600 1.135200 2.86800 5.908800 5.759200 5.894400 5.865600 4.214400 5.78000 3.850400 4.223200 1.470400 4.791200 6.0000 6.0000 6.0000 5.993600 5.660800 4.257600 4.550400 6.0000 5.968800 5.806400 3.910400 4.07200 5.347200 5.780800 5.931200 5.835200 5.848800 6.0000 5.997600 5.980800 5.927200 6.0000 6.0000 5.010400 4.297600 2.98000 0.986400 2.548800 4.12800 6.0000 6.0000 5.801600 4.194400 2.562400 4.002400
0.003200 0.0000 1.231200 5.204800 4.080800 3.337600 1.640800 0.213600 0.083200 0.42000 0.612800 0.015200 0.0000 0.0000 0.757600 5.575200 5.564800 2.274400 0.70400 0.840800 1.674400 0.852800 1.501600 5.045600 5.585600 6.0000 6.0000 5.963200 5.88000 4.848800 4.364800 5.108800 4.032800 6.0000 6.0000 6.0000 6.0000 5.95200 5.916800 5.767200 4.516800 5.893600 6.0000 6.0000 5.980800 5.945600 6.0000 6.0000 5.771200 4.392800 2.26400 1.773600 2.937600 5.47600 6.0000 5.129600 5.620800 5.77200 5.952800 5.157600
3.419200 3.753600 5.68000 5.929600 5.980800 5.94800 5.341600 5.455200 4.18400 2.447200 1.410400 3.097600 1.610400 1.38400 1.614400 5.590400 5.009600 5.446400 2.945600 0.324800 1.14400 3.044800 4.662400 5.64800 5.875200 5.942400 6.0000 5.934400 4.603200 1.998400 2.630400 6.0000 4.943200 3.488800 5.198400 5.328800 5.453600 5.337600 5.990400 5.74400 5.498400 6.0000 6.0000 6.0000 5.646400 5.990400 6.0000 6.0000 5.964800 5.509600 3.337600 5.909600 2.86800 0.576800 4.590400 3.670400 2.75200 4.131200 5.588800 4.75200
5.64400 5.851200 5.970400 6.0000 5.95600 5.980800 6.0000 6.0000 5.670400 4.190400 2.477600 4.548800 5.83600 5.999200 5.538400 5.518400 5.473600 5.716800 5.088800 4.549600 5.279200 5.773600 5.964800 5.862400 5.996800 6.0000 5.980800 5.996800 3.984800 2.446400 6.0000 5.708800 5.825600 3.488800 4.727200 3.946400 2.853600 4.221600 4.76000 5.924800 5.932800 6.0000 6.0000 6.0000 5.950400 6.0000 5.947200 6.0000 6.0000 5.857600 2.600800 4.07600 3.84400 4.144800 5.04400 5.442400 2.651200 2.515200 4.440800 5.370400
2.405600 4.75200 6.0000 6.0000 5.906400 6.0000 6.0000 6.0000 5.958400 3.11600 2.905600 4.859200 6.0000 6.0000 5.930400 5.796800 5.905600 4.412800 1.959200 5.996800 4.98800 5.835200 5.920800 5.921600 6.0000 5.88000 6.0000 6.0000 4.534400 5.418400 5.72400 5.681600 5.385600 1.961600 4.220800 1.849600 2.988800 5.753600 5.92000 6.0000 6.0000 6.0000 6.0000 5.918400 5.899200 5.98400 6.0000 6.0000 6.0000 3.440800 1.82400 4.407200 4.885600 6.0000 5.92400 5.49600 2.551200 3.112800 4.752800 4.81600
2.810400 5.73600 6.0000 6.0000 6.0000 5.838400 5.929600 6.0000 3.778400 0.779200 5.856800 5.718400 5.85600 5.674400 4.644800 5.476800 4.917600 1.890400 2.50400 4.508800 4.684800 5.981600 5.022400 4.6000 5.958400 5.101600 2.23600 4.060800 2.853600 4.18400 4.860800 4.386400 5.11600 0.096800 1.101600 2.411200 0.911200 5.011200 6.0000 6.0000 6.0000 6.0000 6.0000 5.924800 6.0000 5.980800 6.0000 6.0000 6.0000 4.210400 2.193600 5.96400 6.0000 5.980800 6.0000 6.0000 5.952800 5.901600 6.0000 5.730400
4.608800 5.865600 6.0000 6.0000 6.0000 6.0000 5.506400 5.15600 5.182400 2.820800 3.967200 4.335200 4.021600 4.032800 3.967200 3.678400 0.789600 1.168800 3.148800 5.76800 4.523200 1.763200 4.505600 0.329600 2.253600 2.21600 0.763200 1.043200 1.46400 3.547200 5.681600 5.525600 4.310400 1.254400 1.747200 2.90800 3.601600 5.884800 6.0000 6.0000 6.0000 5.964800 5.390400 5.488800 5.258400 5.765600 6.0000 6.0000 6.0000 4.448800 4.685600 5.91200 6.0000 6.0000 6.0000 6.0000 6.0000 6.0000 6.0000 5.76000
4.72400 5.162400 5.184800 5.787200 6.0000 5.980800 5.98400 5.232800 4.871200 5.8000 5.701600 4.735200 5.093600 2.257600 0.0000 0.96000 2.761600 0.861600 1.316800 2.431200 2.591200 1.522400 0.177600 1.630400 2.827200 2.249600 3.442400 2.212800 1.398400 3.259200 3.109600 4.678400 1.220800 0.046400 2.265600 1.172800 3.353600 5.384800 5.935200 5.76400 4.81600 4.62800 5.95200 2.585600 0.66800 4.038400 6.0000 6.0000 6.0000 5.624800 6.0000 6.0000 6.0000 6.0000 6.0000 5.996800 5.48000 5.948800 5.923200 4.708800
