data/outputs/Sarzedas de Vasco/2015/resolution_1/CONT_TOTAL_1_5.asc
ncols         300
nrows         300
xllcorner     -8.222016814931
yllcorner      39.947705019877
cellsize       0.000044966080
NODATA_value  -9999
[rows 144 to 191 of 300, columns 96 to 191 of 300]
150 63 14 74 150 125 31 70 78 150 150 150 150 150 150 150 150 150 32 5 51 144 51 29 124 150 150 150 150 150 144 14 15 11 8 0 1 0 0 0 0 0 0 0 0 52 150 150 120 144 100 108 100 112 121 124 111 81 103 49 104 107 126 150 150 150 150 69 15 29 0 0 0 7 3 0 119 150 150 140 147 150 65 0 0 0 0 5 2 4 90 150 150 150 150 150
150 145 88 81 150 148 73 25 20 149 150 150 150 142 148 150 150 150 101 1 0 47 3 0 53 150 150 150 150 150 150 130 148 146 95 14 1 0 0 0 0 0 0 0 0 31 138 150 150 147 138 91 44 38 139 150 132 116 146 83 104 100 136 150 150 150 139 46 110 148 26 0 99 143 129 29 88 91 65 124 69 145 137 60 0 2 11 8 41 78 150 150 150 150 150 150
150 150 146 146 150 150 150 135 4 43 81 139 52 3 84 150 150 150 138 7 0 3 22 0 0 83 133 150 150 146 133 104 102 52 0 0 0 0 0 4 104 96 15 0 0 0 97 145 141 126 149 150 148 146 150 150 140 148 140 144 109 91 139 150 150 150 75 46 150 146 22 0 16 38 87 3 19 102 68 17 54 90 150 148 127 59 92 80 106 150 150 150 150 150 150 150
150 150 150 150 150 150 146 114 10 0 0 0 0 0 105 150 150 150 150 25 0 0 0 0 0 1 86 84 66 16 0 0 0 0 0 0 0 0 9 2 110 143 35 4 7 0 6 7 3 33 82 140 150 138 138 150 150 150 150 150 150 150 150 150 150 114 0 12 146 101 0 0 7 22 25 24 12 62 59 51 18 0 82 97 132 150 138 106 146 150 150 150 150 150 150 150
150 150 150 150 150 150 150 144 22 0 0 0 0 0 41 114 139 150 150 87 0 0 0 0 0 0 0 0 0 0 0 0 44 49 35 78 2 0 4 2 0 10 0 20 43 0 0 0 0 0 33 105 146 150 150 150 150 150 150 150 150 150 150 150 150 97 43 51 118 12 0 3 2 0 0 0 0 11 131 150 49 0 4 101 149 125 102 109 116 150 150 150 150 150 150 150
150 150 150 150 150 150 136 71 132 40 5 0 0 0 0 0 16 66 67 12 0 0 0 0 0 0 4 0 0 5 0 0 5 8 101 114 25 2 0 15 75 22 0 0 0 0 0 0 0 2 17 0 11 38 100 107 146 150 150 150 150 150 150 150 132 147 150 150 71 0 0 0 0 0 0 5 0 33 55 145 93 36 0 4 122 48 8 129 150 150 150 150 150 150 150 150
150 150 123 126 100 88 85 72 92 150 116 94 5 0 0 0 0 0 0 0 0 24 47 54 17 0 5 0 0 0 0 0 0 1 21 33 21 67 43 35 7 0 0 0 0 0 81 0 0 0 46 101 140 81 6 0 18 62 90 147 150 150 150 150 145 134 129 82 17 0 0 2 0 0 0 8 66 132 48 40 12 0 0 0 41 148 144 150 150 150 150 149 142 150 150 150
150 117 3 0 0 0 112 140 136 106 42 2 0 0 0 0 0 0 0 0 26 39 65 141 51 0 4 52 84 39 0 0 54 110 75 135 89 95 84 26 58 99 9 10 0 0 131 43 0 4 133 150 146 42 44 111 132 69 24 40 87 133 146 150 104 105 22 0 0 0 0 0 0 0 0 0 7 134 87 73 6 2 3 31 92 138 150 102 141 150 150 150 149 150 150 150
120 16 0 13 31 65 139 70 23 0 0 0 0 0 4 0 0 0 0 0 15 3 20 81 86 41 3 96 148 18 47 107 150 146 116 94 8 100 150 150 150 86 36 0 0 8 140 51 0 26 132 148 83 58 64 68 30 58 150 142 106 42 20 121 10 0 0 0 1 1 0 0 0 0 26 66 97 111 25 12 57 21 52 118 70 49 92 54 26 116 150 150 150 150 150 150
0 0 9 99 65 29 7 3 59 126 61 0 0 0 5 58 14 0 0 0 0 63 66 15 23 98 124 116 130 48 92 124 125 34 32 94 144 150 150 150 150 125 20 0 0 5 85 73 0 12 121 102 55 122 47 31 100 135 150 149 142 148 77 66 0 0 0 2 6 1 26 0 0 0 4 73 141 150 125 9 67 88 45 34 0 5 46 142 17 41 147 150 150 150 150 150
0 0 0 0 0 0 36 122 150 150 73 0 18 10 4 23 2 0 3 0 0 68 150 145 150 150 150 148 97 134 132 15 2 33 66 57 72 135 127 100 71 101 2 0 41 114 70 35 0 42 148 56 34 60 78 106 92 133 150 150 150 150 145 16 0 0 0 9 0 0 0 0 0 0 0 88 15 19 0 0 7 54 1 4 34 58 43 130 79 0 74 150 150 150 150 150
45 0 0 0 0 0 36 118 105 114 148 126 144 35 1 0 0 0 6 7 27 128 150 150 150 150 150 150 150 138 124 25 34 66 136 114 4 57 73 25 82 76 72 56 142 108 66 5 0 11 95 41 28 2 67 103 131 140 150 150 150 145 114 0 0 0 37 100 8 0 0 0 0 0 0 41 96 103 120 26 0 56 46 0 60 126 146 142 147 39 141 150 150 150 150 150
4 0 26 24 0 58 88 146 132 148 150 150 150 120 11 11 30 87 142 115 38 79 19 31 144 150 150 150 150 150 150 116 17 1 46 147 98 73 146 59 82 49 78 135 101 27 0 10 0 15 95 41 11 0 15 103 149 126 144 150 147 36 19 8 0 0 128 109 29 0 0 0 0 0 15 40 147 150 150 91 32 65 102 29 19 114 118 24 111 148 150 150 150 150 150 150
0 12 124 33 0 118 150 150 150 150 150 150 150 150 144 147 126 80 54 38 21 36 78 21 111 150 150 150 150 150 150 150 106 11 26 98 147 150 150 117 54 4 19 140 87 6 0 0 0 11 145 150 111 19 10 112 100 8 7 48 67 43 0 0 0 45 49 4 0 0 0 0 17 73 147 150 150 150 150 52 11 11 52 63 35 76 48 70 51 131 101 131 150 150 150 150
0 28 136 56 17 25 145 150 150 150 150 150 150 146 103 146 135 2 0 15 66 79 54 123 150 150 150 150 150 150 150 150 104 67 90 48 138 150 148 61 14 0 0 12 15 0 0 0 0 20 139 101 12 6 11 77 137 90 27 0 6 0 0 0 23 95 9 3 4 0 0 0 0 11 134 150 150 150 150 110 20 0 2 0 1 0 0 0 0 38 92 12 108 86 117 150
91 122 102 49 20 0 12 113 150 150 150 150 150 147 65 32 15 4 43 139 150 150 150 150 150 150 150 150 150 64 38 126 150 150 141 118 149 150 96 0 0 0 0 0 0 0 0 0 0 8 31 79 78 73 141 150 150 150 148 115 33 0 0 3 108 74 12 25 109 47 0 0 0 0 15 146 150 150 150 150 113 76 4 0 0 0 0 0 0 0 116 27 17 0 21 118
146 20 36 117 31 0 0 32 88 90 148 133 95 96 147 84 71 4 128 121 148 150 150 150 150 150 150 150 143 17 0 39 55 85 128 138 150 146 63 0 3 24 11 0 0 0 0 0 0 0 0 111 150 150 150 150 150 150 150 150 67 0 0 23 89 44 10 115 140 65 0 0 0 0 2 134 150 150 150 150 149 80 64 0 2 0 37 114 94 6 44 129 38 0 0 0
133 109 30 36 0 0 0 17 17 55 133 41 25 111 150 150 150 143 150 77 146 150 150 150 148 121 150 150 150 126 0 0 4 100 150 150 109 31 0 2 102 150 118 0 0 0 0 0 0 0 1 52 107 150 150 150 150 150 150 143 43 0 0 0 0 0 0 3 21 50 2 0 0 0 0 30 150 150 150 150 128 143 74 105 88 0 27 126 113 0 0 113 130 62 0 0
150 150 72 2 0 3 43 50 43 150 67 13 126 148 150 150 150 150 150 150 150 150 150 150 140 148 150 150 150 139 16 6 64 150 103 37 11 0 0 0 21 125 150 68 0 0 0 10 0 0 0 0 2 54 123 150 150 150 110 17 0 0 0 0 0 0 0 0 0 0 0 0 0 0 0 46 150 150 150 150 150 150 150 150 131 17 0 25 49 2 0 27 122 134 2 0
150 149 55 110 58 35 103 110 65 150 147 142 131 150 150 150 150 150 150 150 150 150 150 138 119 129 121 150 150 150 130 102 117 147 41 0 2 9 0 0 2 121 150 119 7 0 0 51 42 124 46 0 0 0 12 90 97 90 11 0 0 0 0 0 0 0 0 0 0 0 0 0 0 0 0 51 150 150 150 150 150 150 150 150 140 26 0 0 0 0 0 0 63 146 83 16
150 150 107 39 3 0 0 0 67 150 150 142 68 30 58 148 150 150 150 150 150 150 150 149 149 98 107 134 119 150 150 143 112 54 0 57 9 6 0 0 0 24 27 7 3 60 68 8 7 119 65 4 0 0 0 0 9 81 68 0 0 0 0 0 0 0 0 0 0 0 0 0 0 0 6 16 145 150 150 130 138 150 150 150 117 41 0 0 0 0 0 35 111 149 124 14
150 150 85 0 0 0 0 0 3 68 72 146 85 66 24 148 144 146 150 150 150 150 150 150 150 145 27 84 124 150 150 59 45 5 14 58 0 10 66 41 0 4 1 0 19 40 0 28 125 150 101 1 4 2 0 0 0 41 32 0 0 0 17 50 65 53 3 0 0 0 0 0 0 0 1 2 19 85 141 133 101 85 150 101 0 0 0 0 0 0 0 42 150 150 54 0
150 150 141 69 2 0 29 58 0 0 11 102 130 52 64 150 25 39 146 150 150 150 150 150 150 150 71 81 39 148 150 73 38 3 0 2 29 124 133 146 25 14 7 0 0 0 9 107 150 150 125 78 60 16 0 0 0 0 0 0 0 0 128 84 25 21 8 29 31 29 1 3 1 0 0 0 3 11 2 0 19 101 150 35 0 0 0 0 0 0 6 142 148 137 21 0
150 114 111 24 0 0 10 3 0 0 0 16 59 110 135 149 51 2 132 150 150 150 150 150 141 141 91 137 150 150 143 22 0 0 0 0 0 32 29 141 120 106 59 30 0 74 88 75 139 150 150 150 150 145 63 0 0 0 0 0 0 2 24 0 3 35 12 10 33 77 141 108 71 25 11 50 77 114 18 0 0 3 65 64 0 0 0 0 0 0 32 58 26 103 78 46
91 132 66 0 0 0 0 0 0 2 0 9 1 6 98 150 75 50 116 150 150 150 150 150 147 130 12 14 25 49 12 18 0 0 0 0 0 2 0 47 148 150 150 109 54 147 150 134 132 150 146 150 150 148 141 33 0 3 60 54 3 0 0 0 2 44 55 2 135 147 150 150 150 110 38 2 0 1 10 0 61 6 0 0 0 0 40 71 64 51 130 149 132 42 61 108
48 48 21 11 0 5 0 0 0 28 2 0 0 0 111 112 105 68 145 150 150 150 150 150 150 98 16 2 0 0 0 0 0 0 0 38 21 42 68 32 80 110 102 99 148 150 150 150 148 127 55 26 25 13 2 0 58 129 150 150 88 8 0 0 3 1 0 0 79 150 150 150 150 150 127 20 0 15 129 119 137 75 19 0 2 80 126 131 86 124 148 139 114 62 98 142
23 53 38 31 0 42 0 0 0 0 0 0 0 31 138 136 150 150 150 150 150 150 150 150 150 128 119 107 48 0 0 0 0 0 0 94 150 78 11 12 0 0 99 150 150 150 137 78 20 12 55 80 74 80 36 66 54 90 150 150 150 72 96 89 80 13 1 0 22 124 150 150 142 149 104 17 53 133 150 150 127 2 51 69 0 12 86 149 140 150 114 75 63 31 144 149
18 0 0 0 0 0 0 0 0 0 0 0 8 14 104 150 150 150 150 150 150 150 150 150 150 150 150 141 58 2 0 0 0 0 5 82 129 7 0 0 8 100 150 150 110 54 21 73 103 130 150 149 150 150 150 150 133 75 43 111 137 85 146 91 21 1 4 11 7 40 121 150 149 150 150 96 135 150 150 150 61 0 12 144 37 63 134 113 149 150 70 146 72 143 138 150
34 7 105 13 0 0 0 0 0 23 140 59 0 0 64 133 150 150 150 150 150 150 150 150 150 150 150 139 57 0 0 0 7 49 136 150 99 0 0 49 65 103 72 48 23 74 124 150 143 67 120 67 110 109 119 150 133 84 96 39 104 107 150 150 104 21 44 14 64 86 75 80 150 150 150 150 150 150 123 34 72 85 116 150 90 11 124 105 150 138 136 150 127 146 150 150
109 37 6 0 0 4 10 0 0 7 49 4 0 25 43 39 115 76 150 150 139 80 148 150 150 150 150 148 55 3 0 0 7 93 150 150 44 28 26 0 0 2 2 36 111 148 150 150 63 72 66 145 150 117 150 150 101 102 150 127 71 72 138 150 150 110 49 6 23 22 64 145 150 150 150 150 148 73 17 0 0 16 117 146 110 0 108 150 150 150 150 150 150 150 149 150
149 69 4 2 0 3 21 0 0 0 0 0 3 93 148 97 150 110 141 87 78 111 150 150 150 150 150 127 110 98 53 0 0 80 105 54 6 19 69 69 54 39 47 22 81 146 150 101 3 17 112 150 150 142 82 122 150 150 150 150 121 53 91 138 140 91 42 106 137 52 132 150 150 150 147 97 68 9 3 18 5 0 0 23 73 11 88 150 150 140 148 130 150 150 142 149
149 146 75 0 1 0 0 0 0 5 0 40 19 87 69 43 103 150 130 36 12 134 150 150 150 150 150 114 99 150 137 96 26 8 1 4 68 36 3 0 0 0 1 44 140 150 114 5 0 16 118 52 84 133 150 150 150 150 150 150 150 150 131 107 8 108 127 116 42 102 146 150 150 133 95 16 10 4 28 7 43 0 3 55 39 18 53 150 150 148 150 150 150 150 150 150
150 147 24 0 1 18 35 1 0 27 111 150 144 95 31 21 31 104 143 52 63 150 150 150 150 150 150 150 87 76 18 0 0 0 3 68 142 20 9 0 23 103 121 128 150 150 101 1 0 0 2 14 2 126 150 150 150 150 150 150 150 150 149 149 131 150 150 116 61 131 150 150 148 69 10 2 19 20 37 69 7 92 142 150 92 9 0 109 150 150 150 150 150 150 150 150
150 150 122 83 110 123 150 114 45 59 146 150 150 148 42 0 21 132 105 104 150 150 150 150 146 148 134 120 95 4 0 25 5 0 31 150 126 21 6 0 35 124 142 122 148 137 27 2 0 0 13 28 49 150 150 150 150 150 150 150 150 150 150 150 150 150 150 81 90 123 135 135 85 0 0 0 0 0 3 3 44 111 92 75 14 0 0 35 150 150 150 150 150 150 150 150
150 150 150 150 150 150 150 148 71 19 59 147 110 105 125 90 75 131 150 145 150 150 150 142 42 15 1 56 46 37 2 17 27 0 73 150 112 21 115 102 85 14 8 61 148 148 31 5 26 0 0 9 122 150 147 86 146 150 150 150 150 150 150 150 150 150 150 145 88 44 26 2 0 0 0 10 0 0 10 13 78 97 5 9 32 13 0 0 97 150 150 150 150 150 150 150
150 150 150 150 150 122 99 42 0 0 0 59 56 52 113 103 114 147 103 109 150 150 114 51 21 4 10 17 42 5 0 12 56 0 80 150 129 131 141 120 79 24 31 89 146 87 122 88 11 0 4 87 150 150 150 147 150 143 132 150 150 150 150 105 59 85 150 150 150 150 133 127 137 41 65 41 0 21 52 72 79 38 66 54 114 66 0 0 32 126 150 150 150 150 150 150
150 150 109 81 85 39 1 0 12 18 6 0 1 0 0 4 31 55 22 116 150 146 89 26 24 124 79 49 16 0 75 72 16 0 104 149 110 133 150 124 26 40 119 150 140 138 71 79 7 65 107 150 150 150 150 148 78 20 121 150 150 150 150 75 0 24 150 150 150 150 150 150 119 136 150 150 139 92 82 48 111 150 150 150 150 77 0 0 0 38 138 150 150 150 150 146
150 150 111 5 75 38 0 0 3 39 42 0 0 0 0 0 0 93 141 146 150 140 148 106 146 148 108 22 8 29 125 139 122 6 119 104 11 52 42 14 25 78 101 147 150 150 94 48 83 150 150 150 150 150 146 76 120 50 63 148 150 150 150 116 44 90 150 150 150 150 150 150 150 150 150 150 150 150 150 139 135 124 115 140 150 139 57 25 18 0 45 150 123 138 127 91
150 150 143 66 34 128 54 3 0 0 0 0 0 0 0 0 0 3 103 150 147 135 103 97 89 140 103 35 0 42 81 102 19 15 148 100 18 0 0 35 148 94 119 96 25 42 139 150 150 150 150 150 150 138 150 150 150 133 124 150 150 150 150 150 150 150 150 150 139 100 150 150 150 150 150 150 150 150 150 150 121 5 19 116 139 150 150 148 141 58 18 123 150 150 150 150
126 48 23 147 120 120 128 64 7 20 0 0 0 0 0 0 0 45 147 135 48 2 0 7 74 95 67 111 96 44 0 97 12 30 150 68 60 80 41 57 59 7 40 6 0 48 141 150 150 150 150 150 150 150 150 150 140 145 133 150 150 150 150 150 150 150 150 150 78 137 103 126 150 150 150 150 150 150 150 150 59 3 4 49 137 150 150 128 150 150 146 62 136 150 150 150
85 22 31 101 150 150 104 57 111 144 79 77 32 52 1 0 0 10 25 3 0 0 0 0 0 0 14 2 0 1 19 117 11 27 141 81 119 79 20 2 1 1 0 0 19 74 72 58 148 150 150 150 150 137 114 63 94 150 150 150 150 150 150 150 150 150 150 77 34 47 17 106 150 150 150 150 150 150 150 150 126 8 0 26 124 150 150 150 150 150 150 137 57 147 150 150
118 150 134 150 150 150 150 109 65 147 150 150 150 148 74 23 0 0 0 0 0 1 0 0 0 0 0 0 2 40 91 81 2 0 76 67 12 0 7 57 98 106 7 3 1 0 0 57 61 136 150 150 150 79 0 28 130 150 150 150 150 150 150 150 150 126 148 53 54 108 148 150 150 150 150 150 150 150 150 150 150 130 38 7 44 138 150 150 150 149 92 115 129 72 128 150
150 150 150 150 150 150 150 146 144 150 150 150 150 148 59 7 0 0 0 0 0 0 0 0 9 1 0 0 0 10 0 18 0 0 0 0 0 0 3 36 136 110 54 0 0 2 83 69 132 150 150 150 100 12 0 29 111 130 118 150 150 150 150 150 130 48 131 144 148 150 150 150 145 82 119 119 150 150 150 150 150 150 124 39 146 150 150 150 150 150 53 7 107 131 22 131
150 150 150 150 150 140 111 150 117 141 150 150 150 81 0 0 10 1 0 0 0 0 0 0 0 0 0 0 0 0 0 0 0 0 0 0 0 0 0 8 126 87 7 3 20 80 133 143 149 150 150 120 10 0 0 6 12 59 118 150 150 150 150 150 78 60 141 150 150 150 150 133 65 125 82 45 141 150 150 150 142 149 150 111 99 125 144 145 136 148 141 7 0 105 88 28
150 150 150 150 130 59 22 112 142 116 148 149 109 9 0 0 5 2 0 0 0 0 0 0 0 0 0 0 0 0 0 35 20 42 0 0 11 43 32 4 6 0 0 37 118 134 150 130 61 144 150 136 77 105 38 36 55 131 150 150 150 150 150 150 150 148 150 150 150 150 150 146 122 150 150 113 29 40 85 115 129 135 150 136 56 90 16 7 25 102 150 37 0 11 126 52
148 120 150 150 81 0 25 45 101 146 56 43 44 130 72 7 4 79 32 92 111 12 0 0 0 0 0 0 0 72 53 123 20 53 42 67 134 119 87 41 20 61 108 146 150 150 150 150 148 150 150 150 150 150 150 150 148 150 150 150 150 150 150 150 150 150 150 150 150 150 150 150 150 150 150 150 128 32 0 52 3 90 150 78 47 20 4 1 0 35 119 57 0 0 36 146
49 70 141 84 33 2 0 2 15 92 50 70 26 79 137 91 96 121 142 140 91 22 0 0 0 0 0 5 36 146 100 51 21 111 150 148 133 51 25 101 148 150 150 150 150 150 150 150 150 150 150 150 150 150 150 150 150 150 150 150 150 150 150 150 150 150 150 150 150 150 150 150 150 150 150 150 150 147 91 55 0 122 150 119 146 88 2 2 57 1 0 0 0 0 3 55
121 108 136 59 41 59 108 27 30 5 10 49 90 107 77 139 26 19 15 30 1 0 0 0 0 0 0 0 1 107 77 2 91 134 149 132 150 150 150 150 150 150 150 150 150 150 150 150 150 150 150 150 150 150 150 150 150 150 150 150 150 150 150 150 150 150 150 150 150 150 150 150 150 150 150 150 150 140 121 62 24 95 150 150 150 147 50 8 0 0 0 0 0 0 0 0
