data/outputs/Sarzedas de Vasco/2015/resolution_1/CONT_SPEC_1_20.asc
ncols         75
nrows         75
xllcorner     -8.222016814931
yllcorner      39.947705019877
cellsize       0.000179864320
NODATA_value  -9999
[rows 0 to 28 of 75, columns 0 to 65 of 75]
2.863750 2.81000 4.262500 3.938750 4.162500 5.288750 5.54000 5.247500 5.57500 5.7000 5.7000 5.358750 2.722500 2.59000 5.016250 5.69500 5.7000 5.7000 5.068750 2.051250 0.628750 3.178750 3.008750 0.19500 0.021250 0.05500 2.533750 3.94500 0.766250 0.03500 0.56000 1.001250 1.77000 1.763750 0.00500 2.621250 4.513750 2.623750 0.308750 0.0000 1.837500 5.03000 5.7000 5.7000 5.148750 5.178750 5.7000 5.7000 5.7000 5.7000 5.212500 5.7000 5.7000 5.7000 5.7000 5.7000 5.7000 5.7000 5.7000 5.7000 5.7000 5.7000 5.668750 5.7000 5.7000 5.7000
4.126250 2.098750 2.36000 0.736250 3.756250 5.71500 2.916250 3.951250 4.236250 5.316250 5.331250 3.948750 2.742500 3.206250 3.858750 5.802500 5.60500 5.49000 4.427500 4.457500 1.842500 0.456250 3.522500 3.532500 2.4000 2.13000 1.101250 0.557500 0.0000 0.658750 3.461250 0.266250 1.052500 0.0000 1.54000 2.451250 5.676250 3.882500 0.19000 0.0000 1.582500 2.088750 5.93000 6.0000 5.996250 5.958750 5.99500 6.0000 6.0000 5.97000 6.0000 6.0000 6.0000 6.0000 6.0000 6.0000 6.0000 5.892500 6.0000 6.0000 6.0000 5.99000 3.78000 4.432500 6.0000 6.0000
0.321250 0.0000 0.79000 4.282500 5.71500 5.97000 4.366250 0.24000 0.076250 0.47500 0.673750 4.51500 5.868750 5.516250 5.54000 5.99000 5.208750 4.287500 5.05500 5.456250 4.01000 2.333750 2.747500 2.123750 1.57000 1.637500 0.992500 1.271250 1.312500 2.976250 1.828750 2.253750 0.756250 0.543750 4.128750 1.942500 2.22000 2.562500 1.09000 1.637500 2.848750 2.502500 4.49500 5.522500 4.211250 3.167500 2.178750 4.40500 6.0000 6.0000 6.0000 6.0000 6.0000 6.0000 5.776250 6.0000 6.0000 5.97000 6.0000 5.89000 4.977500 4.953750 3.57500 4.593750 5.33000 5.882500
0.402500 1.887500 0.623750 3.378750 4.133750 5.187500 5.71500 4.528750 1.53500 1.246250 3.99000 5.917500 6.0000 6.0000 5.95500 5.77000 5.23500 5.212500 4.901250 3.77500 2.853750 0.931250 0.468750 0.038750 0.23000 3.69000 1.022500 0.053750 0.0000 0.0000 0.22000 2.368750 2.348750 0.176250 2.748750 2.012500 0.72000 2.241250 5.516250 4.52500 2.632500 2.82000 3.0000 4.877500 5.471250 4.566250 4.046250 5.747500 5.657500 5.99500 6.0000 6.0000 6.0000 6.0000 5.951250 6.0000 6.0000 6.0000 5.917500 6.0000 6.0000 5.74500 5.117500 4.346250 0.27000 2.616250
1.053750 4.936250 5.108750 1.623750 2.16500 3.07000 5.633750 2.26000 2.17500 5.508750 5.88000 6.0000 5.697500 5.84500 5.937500 4.271250 4.46000 5.06500 3.808750 3.16000 0.578750 1.387500 2.547500 1.707500 0.157500 0.47500 1.621250 2.998750 1.14000 1.003750 0.072500 4.34500 3.376250 0.21500 0.237500 0.848750 1.92000 2.676250 0.553750 0.41500 0.94000 0.9000 0.136250 1.182500 1.633750 0.311250 0.823750 1.261250 4.502500 6.0000 6.0000 5.95500 6.0000 6.0000 6.0000 6.0000 5.94000 5.94500 5.97500 6.0000 5.557500 5.923750 3.10500 3.371250 1.541250 4.077500
1.431250 4.32500 3.817500 0.983750 1.236250 1.87000 1.216250 1.941250 1.947500 5.24000 5.15000 5.98500 5.127500 5.567500 1.99000 0.297500 3.057500 5.641250 1.518750 0.25500 0.568750 0.22000 0.878750 2.848750 0.13000 0.128750 3.501250 3.363750 3.127500 0.573750 0.74000 1.732500 1.426250 2.227500 1.167500 0.68000 2.346250 3.468750 0.74500 0.931250 0.387500 0.04500 1.228750 0.18000 0.382500 3.79000 1.496250 0.032500 2.026250 3.423750 4.202500 5.99000 6.0000 6.0000 6.0000 6.0000 5.892500 5.75000 5.91000 5.83500 6.0000 5.996250 5.998750 5.861250 4.307500 4.581250
2.467500 4.353750 4.542500 3.05000 2.886250 5.92500 5.583750 0.89500 0.208750 1.27000 3.74000 4.707500 4.64000 4.898750 0.59000 1.543750 1.123750 3.21000 1.92500 0.187500 1.277500 0.79000 1.153750 1.776250 0.021250 1.31500 5.082500 2.843750 1.642500 1.261250 2.321250 1.496250 1.453750 1.212500 0.856250 0.813750 0.081250 0.486250 0.993750 2.827500 0.11500 1.156250 3.51500 0.00500 0.067500 0.61000 0.501250 0.66000 0.02000 0.0000 3.083750 5.84500 6.0000 6.0000 6.0000 6.0000 5.348750 5.62500 5.94000 5.97000 6.0000 5.888750 5.853750 4.16000 0.072500 0.591250
4.106250 5.788750 5.567500 5.421250 0.48500 0.552500 1.181250 1.26500 1.56500 0.333750 0.302500 2.173750 1.918750 4.68500 5.502500 5.907500 1.92500 0.293750 0.766250 2.202500 1.068750 0.972500 0.536250 1.018750 1.992500 0.312500 2.227500 0.917500 0.406250 1.301250 1.198750 0.087500 1.357500 0.70500 2.467500 4.248750 1.082500 0.201250 1.438750 0.581250 1.517500 1.35000 1.732500 2.073750 4.058750 4.252500 0.45000 0.05000 0.0000 0.0000 0.9000 5.212500 3.692500 5.991250 6.0000 6.0000 4.826250 5.066250 5.673750 5.803750 5.437500 5.08500 4.28000 0.56000 0.29000 0.081250
4.566250 6.0000 3.372500 1.838750 3.911250 0.751250 0.267500 2.15000 1.358750 0.463750 2.863750 3.028750 4.752500 3.04500 2.233750 5.638750 2.61500 0.841250 0.178750 0.928750 3.202500 4.697500 2.507500 0.841250 3.192500 0.762500 0.0000 0.0000 0.0000 0.0000 0.171250 0.74000 1.836250 0.583750 0.871250 0.36500 0.582500 0.0000 1.447500 1.562500 1.472500 2.017500 5.272500 5.62500 3.867500 2.618750 0.48500 2.317500 0.341250 0.162500 2.523750 2.283750 1.027500 2.46000 0.62500 4.328750 5.86000 5.06500 3.343750 4.942500 5.89000 4.04500 1.063750 0.407500 0.04500 0.05000
3.836250 6.0000 4.356250 1.062500 2.432500 0.457500 0.122500 0.153750 0.807500 2.641250 1.938750 5.12000 5.561250 5.71000 5.883750 5.94500 4.311250 2.338750 0.06000 0.302500 3.226250 4.901250 1.99000 5.353750 5.91500 3.01500 0.343750 0.24500 0.14500 0.076250 0.088750 0.926250 2.338750 0.836250 0.576250 0.131250 1.216250 1.28500 1.242500 3.107500 3.006250 4.326250 2.06500 4.331250 1.212500 0.127500 2.14000 2.358750 2.562500 0.0000 2.33000 4.59500 5.056250 4.673750 1.6000 3.248750 5.97500 6.0000 5.491250 4.921250 6.0000 2.062500 0.12500 0.0000 0.0000 0.02000
4.833750 5.91500 5.597500 5.986250 5.913750 3.361250 4.066250 4.307500 2.413750 3.23500 2.86500 4.686250 5.693750 6.0000 5.898750 5.921250 5.397500 2.39000 1.786250 2.798750 1.742500 3.121250 0.886250 5.153750 4.638750 0.113750 0.0000 0.83000 1.846250 0.236250 0.0000 0.261250 1.027500 0.062500 2.518750 1.051250 1.328750 1.111250 2.68500 0.548750 1.758750 0.46500 0.316250 0.931250 0.608750 0.221250 0.351250 2.711250 4.78500 1.242500 2.50500 1.821250 0.892500 1.598750 4.08500 3.95000 5.99500 5.936250 4.68500 1.938750 5.656250 5.093750 0.63000 0.0000 0.208750 0.068750
4.321250 2.171250 1.92000 5.697500 5.55500 1.146250 1.958750 1.548750 0.88500 3.006250 2.45000 1.846250 1.68000 4.602500 6.0000 5.052500 2.152500 1.668750 5.002500 5.5000 4.853750 4.243750 1.832500 4.43500 0.401250 0.442500 0.241250 0.0000 0.0000 0.0000 0.0000 0.0000 0.0000 0.0000 0.0000 0.088750 3.607500 4.513750 2.102500 5.028750 5.533750 3.92500 1.58000 0.043750 0.25500 0.162500 0.05500 0.146250 2.771250 0.848750 0.412500 2.221250 3.91000 2.972500 5.923750 5.97000 5.96500 3.638750 0.043750 0.003750 1.201250 4.586250 4.046250 1.41000 0.0000 1.82500
0.713750 0.393750 0.49500 4.487500 2.228750 2.77000 3.942500 4.958750 5.55500 3.292500 2.916250 4.18000 3.533750 4.64000 5.887500 3.477500 0.402500 2.37000 4.986250 0.92000 0.831250 1.513750 5.361250 4.526250 2.733750 2.428750 0.986250 0.0000 0.0000 0.0000 0.0000 0.0000 0.0000 0.0000 0.0000 0.0000 0.602500 1.446250 1.75000 6.0000 6.0000 6.0000 3.95000 0.792500 0.012500 0.082500 1.742500 4.477500 3.12500 2.701250 3.471250 6.0000 6.0000 6.0000 6.0000 6.0000 5.99500 4.35000 3.391250 0.85000 0.013750 0.21500 3.14500 5.166250 2.286250 5.993750
0.002500 0.023750 2.76500 4.51500 4.537500 3.076250 4.75500 4.762500 5.99500 4.732500 5.597500 3.688750 2.903750 4.31500 1.532500 2.92000 3.356250 2.037500 4.713750 0.042500 0.437500 1.998750 5.153750 3.586250 2.318750 0.11000 0.0000 0.0000 0.0000 0.0000 0.0000 0.0000 0.0000 0.0000 0.0000 0.0000 0.0000 0.0000 1.882500 5.592500 6.0000 6.0000 2.993750 4.543750 2.767500 4.076250 5.738750 5.702500 4.537500 5.803750 6.0000 6.0000 6.0000 6.0000 6.0000 6.0000 5.97000 5.133750 4.491250 2.243750 0.032500 0.0000 0.0000 4.19500 5.98000 6.0000
1.517500 1.233750 1.241250 0.772500 3.361250 2.558750 5.31000 4.2000 4.36000 1.62500 1.583750 1.336250 0.77000 0.611250 0.363750 2.821250 2.541250 1.466250 0.31000 0.00500 0.882500 4.537500 3.43000 5.423750 2.63000 0.217500 0.992500 0.0000 0.0000 0.0000 0.0000 0.0000 0.0000 0.0000 0.0000 0.0000 0.0000 0.0000 1.407500 5.241250 6.0000 5.99500 5.431250 6.0000 5.92000 5.167500 5.94500 6.0000 6.0000 6.0000 6.0000 6.0000 6.0000 6.0000 6.0000 5.99500 5.622500 1.493750 0.63500 0.196250 0.0000 0.742500 3.251250 5.426250 5.827500 5.99500
5.241250 2.387500 2.53000 1.536250 3.043750 2.77000 2.523750 0.491250 1.387500 1.903750 1.767500 3.448750 2.457500 0.09000 0.988750 0.94500 2.072500 0.73000 1.27000 0.717500 1.926250 5.27500 4.746250 5.851250 5.95500 5.867500 5.87000 0.82500 0.248750 1.608750 0.048750 0.0000 0.606250 0.451250 0.00500 0.0000 0.0000 0.53000 4.118750 5.642500 6.0000 6.0000 6.0000 6.0000 6.0000 5.362500 5.84500 6.0000 6.0000 6.0000 6.0000 6.0000 6.0000 6.0000 6.0000 6.0000 5.642500 4.378750 2.053750 0.126250 0.0000 1.603750 6.0000 6.0000 6.0000 5.931250
5.227500 4.297500 2.387500 4.591250 5.758750 6.0000 5.613750 4.228750 5.778750 4.822500 1.17500 2.61000 4.12500 5.233750 4.62500 4.872500 4.061250 1.77500 0.807500 0.743750 3.158750 4.08500 5.56000 6.0000 6.0000 6.0000 5.998750 2.302500 4.36500 4.122500 1.886250 0.0000 0.056250 0.451250 0.532500 3.126250 3.56000 2.357500 3.942500 6.0000 6.0000 6.0000 6.0000 6.0000 6.0000 6.0000 5.99000 6.0000 5.466250 5.923750 6.0000 6.0000 6.0000 6.0000 6.0000 5.99500 5.431250 0.59000 0.033750 0.171250 0.0000 4.93000 6.0000 5.97000 6.0000 4.186250
2.242500 4.851250 5.583750 6.0000 5.867500 5.682500 5.49500 5.452500 5.94000 4.327500 2.192500 2.311250 4.843750 6.0000 5.99500 6.0000 5.98500 4.578750 1.582500 3.798750 5.876250 5.968750 5.742500 6.0000 6.0000 6.0000 6.0000 4.71000 4.32500 5.35500 1.37500 0.226250 1.711250 3.022500 5.423750 6.0000 6.0000 6.0000 6.0000 6.0000 6.0000 5.91500 5.668750 6.0000 6.0000 6.0000 5.95500 6.0000 5.981250 5.998750 6.0000 6.0000 6.0000 6.0000 6.0000 5.071250 1.75500 0.0000 0.0000 0.0000 0.708750 4.988750 5.617500 5.446250 4.913750 4.797500
3.783750 5.74000 6.0000 6.0000 6.0000 5.887500 5.371250 4.296250 5.69000 5.97000 6.0000 6.0000 6.0000 6.0000 5.428750 5.853750 6.0000 6.0000 5.722500 6.0000 6.0000 6.0000 6.0000 6.0000 6.0000 6.0000 5.808750 5.882500 1.227500 1.103750 0.50500 4.466250 6.0000 6.0000 6.0000 6.0000 6.0000 6.0000 6.0000 6.0000 5.77500 5.737500 5.923750 5.756250 5.71500 6.0000 6.0000 6.0000 6.0000 6.0000 6.0000 6.0000 6.0000 6.0000 6.0000 5.828750 4.657500 0.038750 0.0000 0.0000 2.393750 5.943750 5.7000 5.881250 6.0000 6.0000
5.7000 6.0000 6.0000 6.0000 5.42500 3.016250 5.566250 5.826250 5.848750 5.97000 6.0000 6.0000 6.0000 5.94500 5.97000 6.0000 5.97000 5.94500 5.94500 5.97000 5.922500 6.0000 6.0000 5.97000 6.0000 6.0000 5.828750 5.39500 0.631250 0.0000 1.303750 5.693750 5.998750 6.0000 6.0000 6.0000 6.0000 6.0000 6.0000 6.0000 6.0000 5.856250 4.692500 4.653750 3.696250 5.793750 6.0000 6.0000 6.0000 6.0000 6.0000 6.0000 4.786250 5.256250 5.53000 5.91000 5.252500 1.446250 0.357500 3.808750 5.998750 6.0000 5.86000 6.0000 6.0000 6.0000
5.7000 6.0000 6.0000 6.0000 6.0000 5.88500 5.97000 5.57500 6.0000 5.99000 6.0000 6.0000 6.0000 6.0000 6.0000 6.0000 6.0000 6.0000 6.0000 5.97000 6.0000 6.0000 6.0000 5.98500 6.0000 6.0000 5.97500 3.882500 0.053750 0.0000 0.356250 1.752500 5.87500 6.0000 6.0000 6.0000 6.0000 6.0000 6.0000 6.0000 6.0000 4.91500 4.562500 3.858750 5.812500 5.782500 5.77500 6.0000 6.0000 6.0000 6.0000 5.62500 2.93000 3.372500 5.477500 6.0000 6.0000 5.95500 5.498750 5.753750 6.0000 5.968750 5.767500 5.898750 5.97000 6.0000
5.7000 6.0000 6.0000 6.0000 6.0000 6.0000 6.0000 6.0000 5.718750 3.226250 4.343750 5.942500 6.0000 6.0000 6.0000 6.0000 6.0000 6.0000 6.0000 5.87500 6.0000 5.94500 5.87000 5.322500 6.0000 6.0000 6.0000 5.921250 2.243750 0.0000 0.0000 5.672500 6.0000 6.0000 6.0000 6.0000 6.0000 6.0000 6.0000 6.0000 6.0000 5.74500 4.471250 3.801250 4.23500 3.28500 4.46500 5.886250 6.0000 6.0000 6.0000 6.0000 3.102500 2.173750 5.593750 6.0000 6.0000 6.0000 6.0000 5.65000 6.0000 6.0000 6.0000 6.0000 6.0000 6.0000
5.617500 6.0000 6.0000 6.0000 6.0000 6.0000 6.0000 5.607500 2.697500 3.566250 5.336250 4.973750 5.97000 6.0000 6.0000 6.0000 6.0000 3.40500 4.15500 5.44500 4.951250 4.081250 4.101250 3.097500 5.622500 5.287500 5.97000 6.0000 5.96500 5.232500 3.937500 5.046250 6.0000 6.0000 6.0000 6.0000 6.0000 6.0000 6.0000 5.862500 6.0000 5.85500 5.152500 4.836250 5.722500 5.642500 4.937500 5.17000 4.018750 5.097500 5.53500 6.0000 5.54000 6.0000 6.0000 6.0000 6.0000 5.81000 6.0000 6.0000 6.0000 5.991250 3.63000 3.262500 2.74000 1.96000
4.701250 6.0000 6.0000 6.0000 6.0000 6.0000 6.0000 5.94000 3.27000 2.35000 4.891250 2.751250 5.76500 5.918750 6.0000 5.461250 2.496250 2.957500 1.27000 1.25000 0.727500 1.39000 2.85500 2.658750 4.943750 5.93500 4.718750 5.672500 6.0000 6.0000 5.593750 2.868750 5.2000 6.0000 6.0000 6.0000 6.0000 6.0000 6.0000 6.0000 6.0000 6.0000 5.97000 5.49500 6.0000 5.94000 5.682500 5.826250 5.212500 4.916250 4.703750 4.997500 4.782500 5.012500 5.84500 6.0000 6.0000 5.94000 6.0000 6.0000 6.0000 4.44500 1.173750 2.633750 2.363750 1.682500
3.16500 5.99000 6.0000 5.99500 5.747500 5.98500 5.312500 6.0000 4.027500 3.362500 4.881250 2.793750 3.93000 5.091250 5.65500 3.18000 0.831250 5.98500 3.592500 1.131250 0.77500 0.09500 2.457500 5.662500 5.507500 3.34000 1.428750 5.811250 5.626250 5.902500 6.0000 5.842500 5.232500 4.316250 4.611250 5.99500 6.0000 6.0000 6.0000 6.0000 6.0000 6.0000 5.99500 5.57000 5.442500 4.697500 5.85500 6.0000 6.0000 6.0000 5.99500 5.03500 1.426250 1.897500 5.316250 6.0000 6.0000 6.0000 6.0000 6.0000 6.0000 5.356250 3.328750 3.16500 2.162500 3.082500
5.261250 5.582500 6.0000 6.0000 6.0000 6.0000 6.0000 6.0000 6.0000 5.97500 5.751250 5.022500 4.70500 5.646250 5.84500 4.138750 0.43000 5.881250 5.727500 3.21000 1.011250 1.991250 5.228750 6.0000 3.821250 2.097500 1.748750 5.776250 2.263750 0.93500 3.532500 2.911250 2.798750 3.912500 2.451250 2.436250 5.713750 6.0000 6.0000 6.0000 6.0000 6.0000 6.0000 6.0000 5.9000 6.0000 5.827500 5.97000 5.07000 5.57500 5.292500 5.777500 3.292500 3.67000 5.812500 6.0000 6.0000 6.0000 6.0000 6.0000 6.0000 5.92000 5.796250 5.94000 5.847500 2.836250
4.748750 5.377500 5.787500 6.0000 5.90500 6.0000 5.807500 5.97500 6.0000 5.91000 5.451250 5.866250 5.846250 5.76000 5.572500 4.896250 1.322500 1.976250 3.348750 2.878750 5.81500 5.358750 5.497500 5.856250 5.652500 2.463750 4.768750 5.94500 0.672500 1.081250 4.341250 3.156250 3.952500 0.952500 2.028750 4.562500 2.591250 6.0000 6.0000 6.0000 6.0000 6.0000 6.0000 6.0000 6.0000 5.97000 5.97500 5.707500 5.443750 5.726250 5.92000 6.0000 3.942500 5.17000 5.87000 6.0000 6.0000 6.0000 6.0000 6.0000 6.0000 5.97000 6.0000 6.0000 5.96000 1.43500
5.432500 5.862500 5.94500 5.422500 4.547500 4.488750 4.72500 4.098750 4.49500 4.957500 5.397500 5.861250 5.971250 5.94000 4.67500 3.576250 2.762500 0.787500 3.313750 4.857500 5.97500 6.0000 6.0000 5.876250 5.52500 4.158750 5.74500 4.90500 3.871250 3.992500 2.892500 5.62500 5.848750 5.652500 5.976250 4.551250 2.73500 3.996250 6.0000 6.0000 6.0000 6.0000 6.0000 6.0000 6.0000 5.94500 5.382500 6.0000 6.0000 6.0000 6.0000 6.0000 6.0000 6.0000 5.99500 5.248750 5.297500 6.0000 6.0000 5.852500 5.68000 6.0000 6.0000 6.0000 6.0000 2.388750
2.81000 4.627500 5.491250 5.59000 3.863750 4.306250 2.913750 2.391250 3.656250 4.238750 4.63500 5.418750 5.468750 5.7000 1.661250 1.761250 3.69500 4.488750 5.567500 6.0000 6.0000 6.0000 6.0000 5.84000 5.79500 5.632500 5.766250 4.187500 1.82500 2.621250 1.41500 5.827500 4.551250 4.20500 4.872500 4.29000 4.392500 3.42500 4.69500 6.0000 6.0000 5.99500 5.727500 6.0000 5.632500 4.647500 5.11500 6.0000 6.0000 6.0000 6.0000 6.0000 6.0000 6.0000 5.802500 4.661250 5.0000 6.0000 6.0000 5.99500 5.937500 5.521250 5.462500 5.368750 4.843750 1.276250
