data/outputs/Sarzedas de Vasco/2015/resolution_1/CONT_NORM_1_65.asc
ncols         23
nrows         23
xllcorner     -8.222016814931
yllcorner      39.947705019877
cellsize       0.000584559040
NODATA_value  -9999
31 81 52 70 86 84 42 27 19 23 26 47 41 89 85 99 100 100 97 81 98 77 73
53 44 47 90 61 59 15 19 40 29 20 25 18 24 32 80 100 98 99 64 68 49 50
78 30 18 49 81 18 42 38 10 13 20 17 36 53 21 32 61 89 85 18 14 83 93
49 66 59 54 84 47 44 46 7 1 7 31 67 13 32 46 73 84 35 34 67 82 72
37 61 56 42 31 28 43 69 22 6 3 15 97 90 97 100 100 74 10 82 69 23 38
82 93 92 77 97 79 95 100 73 39 80 98 99 92 100 99 99 43 37 96 85 88 81
98 99 87 92 100 92 93 91 74 51 100 100 96 79 90 96 75 97 98 86 90 99 100
91 99 83 76 82 54 32 73 69 73 71 97 100 96 95 90 71 100 98 64 45 74 82
76 73 65 81 62 52 97 89 70 62 79 74 100 93 94 99 97 94 98 88 45 99 82
34 78 59 32 19 38 80 31 52 96 99 67 81 91 95 93 100 99 98 55 61 78 85
80 100 100 69 84 95 80 78 94 98 86 76 71 45 79 100 99 100 99 57 89 78 80
86 93 90 77 80 44 27 55 37 44 31 59 44 37 87 84 83 82 100 90 100 98 98
87 77 88 91 76 68 75 53 67 72 33 44 16 47 42 72 75 90 100 82 98 96 86
92 97 99 85 97 100 80 56 46 54 51 70 75 51 85 97 94 93 96 88 100 85 69
86 93 98 99 98 99 98 76 41 25 62 88 94 71 53 97 98 100 98 80 95 85 81
52 43 80 42 85 98 96 87 74 81 98 100 99 84 92 94 92 93 99 77 99 93 74
45 49 50 38 52 87 83 70 84 96 86 92 93 93 96 99 86 94 86 93 99 80 51
66 55 48 94 99 100 93 88 89 98 93 74 92 67 87 91 80 97 81 77 81 99 95
66 70 83 89 91 86 84 92 99 100 92 87 93 67 92 98 93 100 49 42 81 97 74
14 59 97 78 42 72 48 88 78 82 100 100 99 85 92 100 98 83 81 48 92 90 70
60 60 75 93 27 62 74 91 94 87 98 44 95 96 94 100 97 53 33 42 52 54 79
25 69 76 61 51 69 70 73 59 27 66 60 48 95 97 90 71 36 35 64 56 79 78
21 59 64 24 59 54 61 55 17 62 20 42 86 62 88 64 86 97 73 30 94 79 25
