data/outputs/Sarzedas de Vasco/2015/resolution_1/CONT_NORM_1_5.asc
ncols         300
nrows         300
xllcorner     -8.222016814931
yllcorner      39.947705019877
cellsize       0.000044966080
NODATA_value  -9999
[rows 0 to 50 of 300, columns 96 to 191 of 300]
0 0 0 0 0 0 0 0 5 73 77 57 79 80 80 26 0 0 0 0 1 0 0 0 0 0 0 5 64 80 64 1 28 32 11 2 0 14 71 4 0 0 0 0 0 0 0 2 10 12 80 80 74 44 4 0 0 0 0 0 0 0 0 0 0 0 6 1 0 34 80 80 80 80 80 80 80 80 80 80 80 80 80 80 80 80 80 80 80 80 80 80 80 80 80 80
0 0 0 0 0 0 0 15 13 61 24 50 99 100 84 18 3 2 4 0 0 0 0 0 0 0 0 0 2 29 12 0 43 99 43 25 0 2 20 0 0 0 0 0 44 22 28 88 69 90 100 100 77 0 0 0 0 0 7 2 0 0 0 0 0 1 73 94 93 96 100 100 100 100 100 100 100 100 100 100 100 100 100 100 100 100 100 100 100 100 100 100 100 100 100 100
0 0 0 0 0 0 0 0 24 22 91 90 99 100 82 33 80 70 14 0 0 0 0 0 0 0 0 0 0 0 0 0 1 36 36 0 4 52 77 55 0 0 0 1 53 68 85 98 71 58 85 100 100 42 11 0 13 3 30 4 0 0 0 0 0 0 72 100 100 100 100 100 100 100 100 100 100 100 100 100 100 100 69 28 48 92 97 100 100 100 100 100 100 100 100 100
1 5 0 0 0 0 0 0 0 22 48 19 56 77 36 5 20 10 0 0 0 0 0 8 49 60 36 0 0 15 0 0 0 13 37 67 62 65 40 5 0 0 0 0 1 45 69 96 64 84 100 100 100 98 91 60 23 0 0 0 0 0 0 0 0 0 43 100 89 80 89 100 100 100 100 100 100 100 100 100 100 100 83 73 62 73 89 100 100 100 100 100 100 100 100 100
1 8 3 3 15 47 9 0 0 18 42 56 8 28 0 0 0 0 0 0 0 0 0 41 100 42 24 51 2 0 0 0 0 29 32 10 0 0 0 0 0 0 0 0 0 27 40 29 91 100 100 100 100 100 100 87 11 0 0 0 0 0 0 0 0 0 76 100 95 7 0 28 97 100 100 100 100 100 100 100 100 100 100 99 89 100 100 100 100 100 100 100 100 100 100 100
61 40 59 77 98 100 63 4 3 0 3 0 13 10 0 0 0 0 0 0 0 0 0 3 46 92 99 78 5 0 0 2 29 13 0 0 0 0 0 0 0 30 23 4 15 22 47 43 100 100 100 100 100 100 93 23 0 0 0 0 0 0 0 0 0 0 4 95 95 10 0 25 88 100 100 100 100 100 100 100 100 100 100 100 100 100 100 100 100 100 100 100 100 100 100 100
100 71 37 45 90 86 24 24 53 35 3 0 0 34 4 0 0 0 0 0 0 0 0 0 0 61 42 58 1 0 0 10 89 14 0 0 0 0 0 0 0 73 90 75 96 35 68 99 100 100 100 100 100 96 32 0 0 0 0 0 0 0 0 0 0 0 0 57 99 27 1 27 100 100 100 100 100 100 100 100 100 100 100 100 100 100 100 100 100 100 100 100 100 100 100 100
76 11 35 12 9 0 0 0 19 45 8 10 7 11 33 0 0 0 0 0 27 59 21 25 40 87 71 34 10 21 20 0 17 43 4 0 0 0 0 0 0 18 56 41 12 0 23 99 90 44 88 100 82 21 0 0 0 13 18 7 0 0 0 0 0 0 20 70 96 37 4 8 96 100 100 100 100 100 100 100 100 100 100 100 100 100 100 100 100 100 100 99 100 100 100 100
33 51 32 31 45 45 3 1 5 0 12 97 96 56 16 9 68 21 0 10 99 100 100 100 100 94 100 100 96 97 32 0 0 5 2 0 0 0 0 0 38 75 89 93 94 39 0 18 32 29 84 60 6 0 0 0 0 0 18 59 2 0 0 49 57 45 60 28 46 66 1 21 75 100 100 100 100 100 100 100 100 100 100 100 100 100 100 100 88 93 63 56 50 86 100 100
45 8 0 4 62 54 44 0 0 0 0 45 64 73 24 0 41 28 0 42 99 97 81 52 31 0 13 51 99 97 51 0 0 0 0 0 0 0 0 0 60 100 100 100 100 58 0 0 0 0 20 45 40 5 0 0 0 0 0 0 0 26 48 47 100 93 77 100 100 86 14 33 68 100 100 100 100 100 100 91 73 69 43 34 33 28 36 34 0 0 1 36 31 37 29 99
91 82 5 0 0 0 8 13 13 0 0 0 0 0 0 0 0 0 59 71 48 18 0 0 0 0 0 0 21 34 20 0 10 14 0 0 0 0 7 0 22 99 100 97 70 35 26 2 0 18 83 99 100 95 55 8 0 0 0 0 0 20 7 0 13 21 33 33 25 19 91 89 12 26 27 32 26 100 100 60 40 53 51 13 31 12 15 0 1 17 25 14 36 27 81 100
2 33 3 0 0 0 60 100 92 1 0 0 0 0 0 0 0 0 9 0 0 0 0 0 0 0 0 0 0 5 0 49 97 74 0 0 0 25 90 23 0 39 61 28 46 14 11 5 32 53 1 36 82 100 100 93 49 43 53 68 49 52 63 73 60 30 11 0 0 0 7 69 66 93 100 100 95 100 100 100 94 94 100 59 60 59 64 72 68 77 9 30 99 100 100 100
0 0 0 0 0 0 15 96 36 0 0 0 0 0 0 0 0 0 0 0 0 0 0 0 1 44 13 1 0 0 0 18 34 28 0 0 0 0 39 8 0 11 92 99 100 47 0 7 58 88 6 0 11 95 85 100 100 100 79 100 100 100 100 100 100 65 0 0 17 29 17 30 0 41 93 79 61 70 100 100 99 96 63 100 100 93 60 17 48 66 2 19 85 100 100 100
0 0 1 42 76 71 73 84 71 0 0 0 0 0 0 0 0 0 0 0 0 0 0 0 0 0 0 0 0 21 56 36 15 15 62 31 0 0 0 0 0 1 81 100 90 14 0 0 0 0 0 0 1 45 81 85 100 100 100 98 100 100 100 91 100 81 1 0 38 96 100 89 36 13 55 98 95 92 100 100 100 100 99 100 92 88 0 62 83 70 60 4 88 100 100 100
0 0 0 19 97 100 98 49 6 20 33 38 8 0 0 0 0 0 0 0 0 0 0 0 0 0 0 0 0 75 100 69 61 73 57 33 0 0 0 0 0 9 90 100 100 32 0 0 6 7 4 6 1 0 0 30 94 100 98 77 99 94 38 10 81 95 2 0 0 17 61 55 49 40 60 100 100 89 56 97 100 100 100 100 75 84 77 83 94 88 96 57 89 100 100 100
0 0 0 0 76 91 58 0 10 45 11 2 7 0 0 0 0 0 0 0 0 0 0 0 0 0 0 0 0 58 98 100 100 97 20 0 0 0 0 0 0 0 52 97 100 47 0 0 0 11 5 0 0 3 7 53 45 84 97 100 100 75 0 0 54 100 24 0 6 13 92 92 6 0 32 99 88 90 39 24 43 79 84 97 89 98 100 100 100 100 93 99 100 100 100 71
0 0 0 0 0 4 0 0 18 47 3 0 0 31 25 0 0 0 0 0 0 0 0 0 0 0 0 0 0 0 62 100 100 97 15 2 0 0 0 0 0 0 10 46 92 74 29 0 0 0 0 0 33 19 23 39 0 12 10 52 52 22 6 0 49 42 9 0 41 73 73 53 0 0 2 23 0 54 65 74 93 37 0 7 0 21 21 14 62 57 36 44 80 69 36 68
0 0 0 5 3 0 0 41 22 18 4 2 58 84 98 47 0 0 0 0 0 0 0 0 0 0 0 0 18 57 94 100 70 97 99 51 0 0 0 0 0 0 0 7 6 1 1 8 0 10 35 56 42 72 0 0 0 0 0 0 0 0 0 9 82 36 0 0 0 0 0 0 0 1 10 0 0 24 19 25 99 54 0 0 0 0 0 0 0 0 0 0 0 0 0 81
11 10 0 0 7 0 0 17 9 2 18 77 72 30 64 100 67 2 0 0 47 56 0 0 0 0 0 11 83 100 100 96 34 54 68 43 11 0 0 0 0 0 0 0 0 0 0 15 7 73 100 100 81 95 6 12 0 0 2 39 22 0 0 0 13 2 0 4 0 0 0 0 0 0 1 0 0 5 17 16 82 40 0 9 0 0 0 0 0 0 0 0 0 0 0 2
0 13 3 0 0 28 27 0 0 22 95 96 8 20 64 100 100 55 14 67 93 63 9 0 0 0 0 8 96 86 87 80 24 28 46 72 45 1 0 0 0 0 0 0 0 0 0 0 0 0 42 88 99 100 73 20 0 0 7 24 0 0 0 0 0 0 10 4 0 0 0 0 0 0 0 0 0 0 7 10 6 4 0 5 0 0 0 27 20 1 0 0 0 0 0 0
0 0 0 0 0 28 6 0 52 96 99 43 20 41 18 78 99 100 92 41 75 73 0 0 0 0 0 9 91 82 4 0 11 0 0 34 19 52 51 2 0 0 0 0 0 0 0 4 80 35 49 88 93 99 87 64 18 0 0 0 0 1 1 10 10 0 0 0 0 0 0 0 0 0 0 4 0 0 0 4 4 0 0 0 0 4 5 81 100 51 0 0 0 0 0 0
10 0 0 0 0 0 0 0 11 56 96 89 59 24 16 0 50 91 14 0 0 5 0 0 0 0 0 0 21 54 21 7 28 20 2 8 0 50 91 15 0 0 0 0 23 34 0 0 4 20 74 95 92 100 93 98 59 0 0 12 12 2 0 17 30 0 0 0 0 0 12 0 2 36 68 94 11 0 0 30 46 0 0 0 32 95 96 100 100 73 0 0 0 0 3 0
11 0 0 0 0 0 0 0 0 0 61 100 99 92 94 5 51 80 43 0 0 0 0 0 1 16 8 3 0 0 0 4 70 85 20 0 0 0 55 26 8 7 16 1 2 67 18 5 2 14 67 5 64 58 29 34 0 24 30 4 1 0 0 9 31 1 0 0 0 0 0 0 7 28 33 43 3 0 0 0 0 0 0 34 98 100 100 96 47 27 0 0 0 0 0 0
13 0 0 0 0 0 0 0 0 31 99 100 94 84 95 78 91 68 15 0 0 0 0 0 12 62 50 36 26 43 46 62 53 39 11 0 0 35 100 99 97 97 85 0 0 2 25 0 0 0 62 31 14 0 0 0 1 11 14 26 18 24 67 87 25 6 0 0 0 0 0 0 0 13 0 0 0 0 0 0 0 0 0 19 98 71 24 11 1 1 0 0 0 0 4 1
0 0 0 0 0 0 0 0 18 95 100 100 76 42 21 20 28 2 18 64 47 1 0 0 28 42 90 80 43 2 7 71 93 74 32 20 0 16 70 99 86 70 65 0 0 0 0 0 0 0 0 0 0 0 0 0 15 18 45 82 58 94 100 100 31 0 0 0 0 0 0 31 54 77 5 0 0 0 0 0 0 0 0 0 11 0 0 0 0 0 19 0 0 2 80 59
0 0 0 6 1 0 0 15 92 100 100 100 100 52 48 24 2 35 42 92 99 18 0 1 46 77 9 60 69 3 0 69 56 20 44 10 2 34 59 43 7 0 0 0 0 0 0 0 0 0 0 0 0 0 0 0 0 2 28 18 0 50 72 24 0 0 0 0 0 0 0 28 98 92 9 0 0 0 0 0 0 0 0 0 0 0 0 1 0 0 15 0 0 3 30 1
0 0 0 0 16 63 46 67 100 100 70 97 100 64 17 3 7 83 22 2 35 26 10 2 0 0 0 74 91 12 1 12 0 0 24 15 0 0 0 0 0 0 0 0 0 0 20 0 0 0 0 1 1 0 2 31 18 9 4 0 5 14 41 8 0 0 0 0 0 0 0 57 100 100 58 37 1 0 0 0 2 5 0 0 0 0 7 52 55 5 0 0 0 0 0 0
0 0 0 0 0 12 31 100 100 97 38 48 96 30 8 58 6 11 24 0 0 10 33 53 2 0 39 72 17 0 0 0 0 0 0 0 0 0 0 0 0 0 0 0 23 57 95 21 0 0 1 20 7 0 33 56 4 0 0 23 26 73 64 23 0 0 0 0 0 5 89 99 90 62 97 59 0 0 0 0 6 5 0 0 17 22 12 40 34 6 0 0 0 0 0 0
0 0 0 0 0 0 20 63 99 68 14 22 21 2 9 28 4 0 0 11 5 38 70 85 8 18 15 0 0 0 0 0 0 0 0 0 0 0 0 0 0 4 48 48 45 100 100 44 1 0 0 0 0 0 38 1 84 0 0 14 0 0 0 0 0 0 0 0 0 9 91 85 2 2 29 14 0 0 0 0 22 15 19 63 93 100 25 0 0 0 0 0 0 0 0 0
21 31 5 0 0 0 0 0 40 100 65 28 0 19 61 79 80 6 0 7 3 0 18 67 96 96 7 0 0 0 0 0 2 6 0 0 0 0 0 0 0 13 78 94 100 100 100 99 90 28 0 0 0 0 15 0 81 17 5 45 44 7 0 0 2 35 15 0 0 0 50 36 12 0 0 0 6 19 20 13 43 87 88 100 100 100 87 4 2 22 5 0 0 0 0 0
100 100 48 0 0 0 0 0 38 94 26 0 0 2 14 11 0 0 0 0 0 1 56 4 47 28 0 0 0 0 0 0 51 89 17 21 44 2 0 9 0 17 80 91 46 41 89 100 94 28 0 0 0 0 0 0 5 5 44 84 67 15 0 0 36 81 85 16 0 0 14 39 72 2 22 56 96 100 78 37 80 100 100 100 98 99 94 52 40 43 0 0 0 0 0 0
100 99 28 0 0 0 0 0 0 1 0 0 0 0 0 0 0 0 0 0 0 0 0 0 4 1 0 0 0 0 0 23 34 29 48 64 96 13 8 16 0 31 83 71 0 8 61 100 47 0 0 0 0 0 0 0 0 0 0 0 0 0 22 0 0 1 52 81 13 0 0 23 24 31 99 99 64 44 62 12 39 72 56 99 62 82 99 40 7 0 0 0 0 0 8 5
84 96 7 0 0 0 0 0 0 0 0 0 0 0 0 0 0 0 0 0 0 0 0 0 0 0 0 11 7 0 0 0 0 0 0 4 12 1 55 68 25 0 5 32 27 0 2 40 3 0 0 0 0 0 0 0 0 0 0 0 1 18 0 0 0 11 74 94 94 25 0 1 14 92 100 100 97 92 86 99 100 31 0 10 21 65 82 3 0 0 0 0 0 1 0 26
0 59 86 40 4 0 0 0 0 0 0 0 0 0 0 0 0 0 0 0 0 0 0 0 0 0 9 15 68 9 0 0 3 43 35 57 5 0 1 8 17 0 0 0 0 0 12 12 38 35 1 0 0 0 0 0 0 0 54 54 4 0 0 22 0 0 5 27 87 33 0 25 93 100 100 100 100 100 100 100 89 56 78 45 55 14 20 28 0 0 0 29 89 22 0 0
0 68 98 51 40 56 1 0 0 0 0 0 0 0 0 0 0 0 0 0 0 0 0 0 0 0 0 10 44 18 0 0 28 77 56 13 1 0 0 1 77 27 0 0 0 0 0 0 39 39 0 0 0 0 0 0 9 59 73 88 14 16 42 54 11 0 0 0 14 9 0 71 100 100 100 100 100 100 100 92 99 84 52 20 77 99 59 9 3 20 10 18 52 96 60 43
16 46 99 100 88 14 0 0 0 0 0 0 0 0 0 0 0 0 0 0 0 0 0 0 0 0 0 0 0 39 8 4 66 70 39 0 0 0 2 1 31 17 2 0 0 0 4 0 0 0 0 0 0 0 0 0 0 45 4 0 0 51 94 100 97 59 13 0 0 8 71 100 94 89 50 74 41 93 100 100 100 88 93 88 37 29 39 62 8 27 14 0 4 57 100 67
100 98 100 84 19 45 62 40 0 0 0 0 0 0 0 0 0 0 0 0 0 0 0 0 0 0 0 0 0 0 1 1 6 78 8 0 0 5 24 10 0 0 0 1 0 9 7 0 0 0 0 14 32 5 0 0 0 2 9 2 47 88 93 99 100 100 57 2 36 86 100 100 87 93 67 78 96 75 71 100 100 63 48 30 3 2 0 23 60 0 0 0 0 16 42 0
100 100 100 96 95 99 48 78 71 6 9 0 0 5 43 17 0 0 0 0 0 0 0 0 0 0 0 0 0 0 0 1 8 10 4 7 15 54 71 18 0 0 0 20 0 5 0 0 29 31 33 63 100 70 0 0 0 0 11 76 73 49 17 62 81 36 13 45 99 100 99 48 7 2 80 100 100 100 100 52 19 10 0 0 0 0 0 6 82 60 17 0 26 9 32 8
100 100 100 100 100 80 11 3 4 2 0 0 0 0 0 0 0 0 0 0 0 0 0 20 24 0 0 0 0 1 37 1 1 73 85 61 16 0 9 0 0 0 18 24 0 0 0 7 6 16 32 17 40 18 4 46 82 4 0 21 96 80 68 28 2 1 59 99 92 73 98 45 7 0 0 16 21 63 100 61 9 0 0 0 0 0 0 0 3 87 57 17 67 78 95 57
100 100 100 100 93 28 0 3 0 0 0 0 0 0 0 0 0 8 30 1 0 0 0 0 0 0 0 0 5 36 92 71 30 78 100 76 0 0 0 0 0 1 62 27 0 0 0 8 44 12 14 14 15 0 6 7 89 34 0 0 12 2 0 15 28 3 95 81 21 22 78 57 0 13 1 0 0 20 97 99 45 0 0 0 0 0 0 0 0 13 76 100 96 47 14 43
100 100 100 92 22 0 0 0 0 0 0 0 0 1 72 69 52 17 5 10 31 0 0 0 0 0 0 0 0 0 26 44 72 76 80 46 0 0 2 0 0 26 53 39 7 9 0 0 0 10 1 1 0 21 8 0 27 99 18 0 0 0 0 6 1 35 100 100 13 1 23 65 12 14 3 0 4 83 55 56 73 22 0 0 0 0 0 0 0 0 20 57 45 1 18 4
100 97 43 20 0 0 1 0 0 0 0 0 0 0 13 67 69 96 95 68 32 0 0 0 0 0 0 0 0 0 0 0 0 0 0 0 0 0 4 11 13 29 32 74 40 0 0 0 0 0 0 0 0 0 3 24 65 99 58 0 0 0 0 0 7 65 66 63 11 1 2 8 26 14 0 0 2 5 0 0 7 43 2 2 0 0 0 0 1 0 0 12 54 40 7 60
100 100 86 41 2 0 0 0 0 0 0 0 0 0 0 0 0 21 48 9 0 0 0 0 0 0 0 0 0 0 0 0 0 0 0 0 0 0 0 0 5 49 100 100 73 5 0 0 0 7 40 36 6 56 17 4 74 93 24 0 43 42 0 0 0 0 2 2 0 0 0 0 0 0 0 13 43 0 0 0 7 0 3 1 0 0 0 0 0 1 0 1 36 93 97 100
81 37 60 80 6 0 0 0 0 0 0 0 0 0 0 0 0 2 0 0 0 0 0 0 0 0 0 0 0 0 0 0 0 0 0 0 0 0 0 0 0 10 56 83 97 50 0 0 0 62 100 97 77 68 14 0 50 95 13 0 15 26 0 15 15 13 0 0 0 0 0 0 0 0 0 2 0 0 0 0 0 0 0 2 47 12 0 0 0 0 0 0 1 45 85 36
2 0 0 24 7 0 0 0 0 0 0 0 0 0 0 0 0 0 0 0 0 0 0 0 0 0 0 0 0 0 0 0 0 0 0 0 0 0 0 0 0 0 0 0 13 10 0 0 1 88 100 100 99 26 0 14 33 28 0 0 0 14 60 91 97 94 60 25 5 0 0 1 0 0 3 1 0 0 0 0 11 0 1 9 0 24 1 0 0 0 0 0 1 0 9 0
0 0 0 0 0 0 0 0 0 0 0 0 0 0 0 0 0 0 0 0 0 0 0 0 0 0 0 0 0 0 0 0 0 0 0 0 0 0 0 0 0 0 0 0 0 0 0 0 0 51 100 100 100 93 27 48 70 42 0 12 84 92 100 100 100 100 100 100 87 63 69 23 5 43 72 15 0 0 0 0 0 17 0 12 15 0 0 0 1 5 0 4 3 3 0 5
0 0 0 0 0 0 0 1 0 0 0 0 0 0 0 0 0 0 0 0 0 0 0 0 0 0 0 0 0 0 0 0 0 0 0 0 0 0 0 0 0 0 0 0 0 0 0 0 0 25 100 100 100 100 99 99 100 88 0 45 100 100 100 100 100 100 100 100 100 100 100 99 75 4 20 9 0 1 1 2 0 8 4 0 0 0 0 3 0 1 0 3 0 3 0 5
53 28 0 0 0 0 16 94 61 3 0 0 0 0 0 0 0 0 0 0 0 0 0 0 0 0 0 0 0 0 0 0 0 0 0 0 0 0 0 0 0 0 0 0 0 0 0 0 0 2 95 100 100 100 100 100 67 14 0 62 100 100 100 100 100 100 100 100 100 100 100 100 100 56 18 2 6 2 0 0 7 0 0 0 0 0 0 0 1 0 0 0 0 0 0 9
99 58 1 0 0 49 24 100 99 50 1 0 0 0 0 0 0 0 0 0 0 0 0 0 0 0 0 0 0 0 0 0 0 0 0 0 0 0 0 0 0 0 0 0 0 0 0 0 0 1 63 91 100 99 92 50 0 0 4 86 100 100 100 100 100 100 100 100 100 100 100 100 79 100 82 6 3 1 0 0 3 0 0 0 0 0 0 0 0 3 0 0 0 17 52 95
23 0 36 72 25 28 94 100 82 26 0 0 0 0 0 0 0 0 0 0 0 0 0 0 0 0 0 0 0 0 0 0 0 0 0 0 0 0 0 0 0 0 0 0 0 0 0 0 0 0 1 5 31 13 0 0 0 0 16 100 100 100 100 100 100 100 100 100 100 100 100 100 100 100 66 48 1 0 12 0 0 0 0 0 0 0 0 3 0 0 0 11 60 98 100 99
2 24 26 92 62 0 5 27 5 0 0 0 0 0 0 0 0 0 0 0 0 0 0 0 0 0 0 0 0 0 0 0 0 0 0 0 0 0 0 0 0 0 0 0 0 0 0 0 0 0 0 0 0 0 0 0 0 0 32 100 100 100 100 100 100 100 100 100 100 100 100 100 100 86 34 21 68 24 0 0 0 0 0 0 0 0 0 0 0 7 35 85 100 100 100 100
