data/outputs/Sarzedas de Vasco/2015/resolution_1/CONT_NORM_1_10.asc
ncols         150
nrows         150
xllcorner     -8.222016814931
yllcorner      39.947705019877
cellsize       0.000089932160
NODATA_value  -9999
[rows 51 to 101 of 150, columns 0 to 95 of 150]
80 95 98 88 100 100 100 100 100 100 100 100 100 100 100 100 100 100 100 98 100 100 100 84 67 86 87 100 100 98 94 63 8 3 92 100 100 100 77 71 42 6 1 46 91 100 100 100 83 22 48 72 10 7 99 93 79 3 0 0 70 63 83 64 62 29 16 46 27 1 33 14 81 100 100 100 100 100 100 100 100 100 100 100 100 100 100 100 100 100 100 100 100 100 100 100
80 84 72 97 86 100 100 100 100 100 100 100 100 91 100 100 100 100 98 100 92 100 93 100 100 90 95 91 93 100 96 78 41 8 33 93 96 69 69 81 95 94 70 88 96 100 100 100 100 86 31 32 50 70 100 100 22 0 0 1 63 67 89 63 80 58 0 0 0 8 57 53 15 97 100 100 100 100 100 100 100 100 100 100 100 100 100 100 100 100 100 98 100 100 100 100
77 76 89 100 100 100 100 100 94 100 100 100 100 96 98 100 100 100 100 96 78 95 100 99 100 100 100 98 86 93 78 75 38 2 0 6 1 57 22 20 100 100 100 100 92 79 91 99 96 96 16 86 98 100 100 97 14 10 35 36 80 79 50 9 27 99 56 7 36 91 96 97 11 49 100 100 100 100 100 100 100 100 100 100 100 100 100 100 100 100 100 100 99 99 89 92
82 100 94 98 100 100 100 92 91 92 99 100 100 100 59 76 83 92 100 85 74 97 100 100 100 100 100 100 100 76 50 45 22 3 1 0 11 25 49 84 98 100 100 100 100 100 92 100 86 93 45 69 96 87 100 77 53 35 68 54 70 63 82 94 100 100 100 92 99 100 100 99 83 21 72 100 100 100 100 100 100 100 100 100 100 100 100 100 100 100 100 96 75 84 100 100
82 98 99 100 100 96 100 70 68 53 35 65 47 68 87 52 70 54 96 49 90 100 91 100 100 98 96 100 100 37 44 100 85 74 35 17 90 95 91 100 100 100 100 100 100 100 100 100 95 94 67 96 100 100 100 51 94 77 65 80 31 28 99 100 100 90 85 100 100 99 77 28 51 28 7 87 100 100 100 100 100 100 100 100 100 100 100 100 100 100 100 100 100 100 100 100
59 96 100 100 100 93 100 92 82 92 92 97 60 57 78 55 78 80 98 96 89 99 100 100 98 70 98 95 73 2 44 74 82 100 95 89 92 97 100 100 100 100 100 100 100 100 100 100 88 98 84 99 92 98 90 25 8 46 92 27 3 42 89 100 91 13 23 58 61 66 69 54 92 82 67 33 93 100 100 100 100 100 100 100 100 100 100 100 100 100 100 100 99 100 100 100
1 32 48 60 87 86 92 88 43 40 45 53 53 24 22 4 44 42 44 44 51 70 75 86 97 100 87 100 36 0 0 0 3 62 80 35 82 100 100 100 100 100 100 100 100 100 100 89 100 100 93 100 96 98 94 71 42 26 48 8 0 49 100 100 100 100 100 100 100 98 82 81 61 58 60 69 28 92 100 100 100 100 100 100 85 97 100 100 100 76 47 63 54 88 100 100
0 0 0 0 28 82 65 93 37 5 0 1 3 48 35 0 0 0 0 0 4 7 8 11 27 81 73 20 3 0 6 1 0 18 27 23 63 100 100 100 100 100 100 100 100 100 100 98 94 59 85 100 70 76 32 67 100 62 0 1 51 97 100 100 100 100 100 100 100 100 100 100 100 100 100 100 71 19 88 100 100 100 100 100 100 100 100 58 86 29 18 66 64 100 100 100
0 0 0 0 0 29 36 100 83 31 2 3 2 62 51 11 0 0 0 0 0 38 23 35 10 30 9 1 0 0 0 0 0 0 0 0 36 91 100 98 98 84 85 97 100 100 96 93 59 9 98 100 70 60 75 31 65 88 5 63 100 100 100 100 100 100 100 100 100 100 100 100 100 100 85 58 96 85 29 83 100 100 100 100 100 100 100 77 33 98 99 100 100 96 83 97
0 0 0 0 0 0 8 99 77 40 49 34 16 66 95 60 39 0 0 0 0 3 6 0 3 5 8 2 0 0 0 0 0 0 0 0 17 48 94 100 100 93 19 20 76 52 14 39 10 38 92 63 21 21 66 46 35 28 83 100 78 88 100 100 100 100 100 100 100 100 100 100 98 94 99 99 100 100 92 21 75 100 100 100 100 100 100 100 100 100 100 100 100 100 97 95
0 0 0 0 0 0 0 82 100 100 100 97 46 44 21 3 0 0 0 0 0 0 0 0 10 39 1 1 0 0 0 0 0 0 0 0 8 67 100 98 100 100 96 26 0 0 0 0 0 8 0 1 0 0 1 19 0 22 87 100 92 99 100 100 100 100 100 100 100 100 100 100 95 89 78 21 90 100 100 94 27 73 100 100 100 100 100 100 100 100 100 100 100 100 98 100
0 0 0 0 3 37 76 83 100 100 98 100 81 89 89 79 79 68 57 25 9 7 10 43 55 50 2 0 0 4 0 0 1 0 0 0 0 48 100 96 100 83 74 86 28 0 0 0 0 0 0 0 0 0 0 19 15 98 100 100 100 100 100 100 100 100 100 100 100 96 100 71 82 78 31 0 32 98 100 100 62 15 60 100 100 100 100 100 100 100 94 100 100 100 100 100
75 40 42 69 63 90 100 98 100 100 100 100 100 100 95 41 96 100 96 82 65 75 67 28 60 55 0 1 68 77 17 2 0 0 0 0 46 97 88 100 99 85 95 98 98 49 52 7 3 0 0 0 1 43 51 51 90 98 74 93 100 100 87 95 100 100 100 100 100 100 100 90 17 44 14 0 9 82 100 100 100 97 21 71 100 100 100 100 100 100 93 97 100 82 96 100
82 98 89 94 92 96 99 100 94 100 100 100 98 100 100 94 100 100 96 100 93 98 80 30 2 12 24 45 66 76 83 51 36 63 60 7 23 87 100 86 57 98 98 76 100 100 72 53 4 0 8 68 72 100 94 100 100 100 98 100 100 100 100 100 100 100 100 100 100 93 98 51 26 6 46 50 100 100 100 100 100 100 61 11 50 67 65 71 59 86 95 65 79 74 100 100
89 96 94 100 98 98 99 100 100 100 100 100 100 100 100 100 100 100 100 100 100 98 76 81 16 33 55 84 71 78 86 97 100 100 100 87 66 100 98 75 66 92 98 80 100 95 83 49 39 43 88 95 82 100 100 100 100 100 100 100 100 100 100 100 100 98 100 100 100 100 95 20 21 0 63 100 100 100 90 80 100 100 52 26 98 96 100 98 56 63 35 77 96 88 77 69
90 100 98 89 100 100 100 100 100 100 100 100 100 100 100 100 100 100 100 100 84 95 88 96 65 51 24 34 66 87 100 100 100 100 100 99 100 100 100 87 91 97 100 99 94 83 80 100 100 100 100 84 66 100 100 100 100 100 100 86 100 100 100 100 100 100 100 100 100 100 100 50 64 8 89 100 100 100 100 100 100 100 78 19 100 69 26 81 81 85 55 23 75 51 28 49
69 100 100 99 100 100 100 100 100 100 91 100 100 98 100 100 100 100 100 100 98 100 100 98 54 48 62 43 91 100 100 100 100 100 100 100 100 100 100 83 94 100 98 93 100 85 69 100 100 96 92 65 81 100 100 100 97 100 100 100 100 100 100 100 100 100 100 100 100 100 98 55 22 49 100 100 100 100 100 100 100 100 91 10 99 92 87 53 38 39 31 44 60 94 76 77
6 67 76 74 100 100 100 100 100 100 100 98 100 100 100 100 100 100 100 100 100 100 100 63 30 44 44 29 77 98 100 100 100 100 100 100 100 100 100 93 100 100 100 32 69 4 6 90 100 100 99 97 81 100 100 100 93 100 100 100 100 100 100 100 100 100 100 100 100 100 100 42 74 90 100 100 100 100 100 100 100 96 54 19 82 98 64 51 12 43 36 39 72 98 86 96
13 27 10 59 90 100 100 100 100 100 100 100 96 100 100 100 100 100 100 100 100 100 75 22 34 39 56 56 72 99 100 100 100 100 100 100 93 96 96 100 97 100 94 72 77 1 11 100 100 100 92 82 75 100 100 100 100 92 99 100 100 100 100 94 93 100 100 100 100 100 96 78 95 97 100 98 86 65 95 94 100 95 18 0 0 16 77 60 13 37 29 77 100 100 100 100
7 53 61 94 98 100 100 100 100 100 100 100 100 100 100 100 100 100 100 100 76 81 4 10 26 100 95 83 83 100 100 94 93 84 96 88 43 85 88 98 100 100 91 77 7 0 18 100 100 91 57 79 86 100 100 100 74 59 100 100 100 100 100 100 94 57 84 100 100 100 63 41 50 81 91 94 77 62 58 88 91 96 39 0 0 0 5 59 39 0 14 42 82 100 100 100
4 76 96 100 100 100 100 100 100 100 100 100 100 95 95 100 100 100 100 100 100 36 2 0 40 100 100 100 100 100 100 94 99 93 97 91 72 86 97 100 98 86 3 20 14 33 40 100 72 32 93 100 96 100 100 100 85 68 81 83 100 100 100 99 83 12 11 36 75 78 38 36 26 38 97 79 85 83 69 90 100 94 28 0 0 0 11 20 73 5 0 0 1 87 100 100
38 93 100 100 100 100 100 100 100 100 100 100 100 100 94 70 93 100 100 100 100 94 51 3 2 77 100 100 100 100 100 100 100 100 100 91 79 85 100 100 81 54 0 29 76 43 58 100 85 43 96 33 66 100 99 100 100 23 40 14 79 100 100 73 53 19 0 0 0 0 14 98 93 73 49 89 73 63 69 94 100 67 50 4 41 27 74 80 85 44 0 4 21 90 100 100
50 100 100 100 100 100 100 100 100 100 100 100 100 100 100 99 83 79 92 100 100 100 99 36 1 23 37 30 47 57 58 63 94 96 92 90 100 99 94 93 27 0 0 18 35 18 57 100 100 99 100 91 9 37 9 81 100 53 1 4 14 76 63 39 26 0 0 2 75 9 1 42 50 87 97 98 98 97 83 98 94 22 91 4 14 23 32 32 27 79 78 69 92 100 100 100
28 98 100 86 100 100 100 100 100 100 100 100 100 100 100 100 100 98 76 62 79 68 39 64 97 100 90 93 88 68 35 62 66 20 4 11 28 15 7 12 0 0 0 1 0 0 73 100 100 100 100 83 32 1 0 26 62 53 0 0 0 1 1 0 18 55 5 3 18 3 7 0 0 26 57 84 99 100 100 100 88 66 33 1 0 1 7 80 30 18 74 58 94 100 100 100
67 43 76 100 100 100 97 100 98 100 100 100 100 100 100 100 100 100 100 89 25 64 100 96 83 100 100 89 77 63 88 98 94 35 0 0 0 0 9 7 2 9 1 1 0 0 70 99 95 42 31 68 81 42 1 0 0 0 15 51 11 10 20 0 27 44 45 31 27 3 0 42 1 72 68 27 47 50 87 99 81 39 3 0 0 1 56 41 3 6 70 91 98 100 98 100
90 98 76 92 49 73 93 100 96 98 100 100 100 100 100 100 100 100 87 47 94 100 100 100 100 100 92 72 67 95 98 77 77 58 0 0 0 0 1 32 90 89 3 41 14 0 8 31 23 20 31 37 35 10 0 11 2 0 14 30 41 56 57 61 76 56 67 100 85 9 2 58 6 84 53 35 54 98 73 47 2 0 1 4 0 28 83 28 39 41 21 55 33 99 100 100
82 95 100 100 93 64 68 49 65 83 99 100 100 98 100 92 67 56 72 100 97 80 98 100 100 100 92 93 99 94 90 90 57 74 7 2 0 1 45 35 83 97 4 30 5 4 5 36 8 0 0 52 86 58 34 5 0 3 37 99 100 100 87 49 22 62 44 54 55 21 67 29 9 57 21 59 83 100 99 46 0 24 1 0 0 21 39 24 20 8 46 77 44 86 100 100
36 84 67 89 73 88 97 81 44 32 52 85 49 47 53 57 82 98 98 100 58 39 48 95 100 93 100 100 98 95 49 54 78 100 44 0 2 26 82 26 16 48 12 0 12 33 33 40 3 34 29 89 97 100 95 52 54 58 29 25 92 100 100 94 22 53 78 79 31 62 37 2 4 72 24 40 64 58 49 4 7 48 5 0 15 59 99 74 20 41 41 43 73 89 100 100
90 96 59 89 67 60 84 93 59 93 100 91 82 98 100 100 100 100 94 67 58 51 90 100 100 100 100 100 98 100 88 18 49 82 12 6 50 59 24 14 3 51 16 52 92 80 78 72 40 57 10 70 100 100 99 57 26 33 74 79 100 100 86 77 78 66 98 51 2 2 2 0 5 58 28 63 88 48 6 0 50 8 27 0 2 74 100 93 35 1 0 0 6 41 35 68
74 82 70 90 96 53 43 65 88 96 84 68 46 74 88 98 100 100 100 100 100 85 80 97 99 100 98 100 72 94 76 32 10 3 1 4 1 2 46 28 52 70 92 99 97 96 75 74 68 36 5 8 42 76 54 88 61 79 99 100 95 100 72 7 40 94 72 11 46 21 0 0 0 27 93 100 100 99 18 4 22 21 46 0 0 28 100 100 83 40 15 50 35 48 38 0
86 94 95 100 89 76 96 100 94 87 60 0 2 28 78 96 98 100 100 100 96 75 95 98 100 100 92 84 26 84 39 2 19 47 37 51 74 80 100 95 88 100 98 95 100 98 73 79 100 40 16 51 68 61 92 100 100 100 100 98 89 95 98 42 79 30 4 0 45 81 1 10 28 8 9 62 81 23 0 0 0 0 0 0 0 16 100 100 100 100 52 4 8 5 77 17
90 100 98 73 100 100 100 100 100 97 36 5 0 18 58 100 100 94 92 100 100 100 100 100 100 89 92 100 88 42 14 51 95 100 100 100 100 100 100 91 100 100 100 97 98 100 100 100 100 38 1 0 48 85 41 63 98 100 100 100 90 58 91 84 36 21 4 18 5 6 20 17 67 28 1 0 22 17 0 11 20 1 0 0 0 4 66 92 79 92 26 0 0 13 93 32
90 100 95 95 100 100 100 100 100 100 97 85 29 12 86 100 100 78 87 94 98 96 100 100 97 79 81 98 82 92 97 94 100 100 100 100 100 100 100 100 97 73 40 31 76 100 97 100 94 57 0 17 0 21 58 83 19 96 100 100 97 63 81 65 7 0 31 75 44 16 12 46 98 84 62 11 0 0 0 39 14 10 28 42 16 10 34 3 20 52 0 0 0 40 69 24
90 100 98 100 100 100 100 100 100 100 100 98 98 75 100 100 100 97 98 91 93 91 99 96 100 88 78 100 100 100 100 100 100 100 100 100 100 100 100 100 98 97 83 87 98 91 16 67 53 16 1 0 5 2 1 78 50 93 100 100 87 7 12 5 0 6 11 24 81 77 83 97 93 63 56 29 32 69 16 0 8 10 85 100 93 31 3 43 46 3 14 61 54 94 58 68
90 100 100 100 100 100 100 100 100 98 100 100 100 100 100 100 100 100 97 87 64 98 100 98 100 97 98 100 96 96 100 98 98 100 100 100 100 100 100 100 100 48 43 81 20 42 47 19 16 11 7 0 0 0 9 88 100 100 100 100 96 86 18 0 0 30 61 4 18 91 77 52 44 72 75 67 59 75 74 70 19 3 32 95 98 61 79 100 32 46 19 80 98 67 51 97
68 100 100 100 100 100 100 100 100 100 100 100 100 100 100 100 100 95 98 85 82 96 100 100 81 66 94 100 97 98 99 94 90 100 100 100 100 100 100 100 99 31 9 13 31 30 11 78 31 21 1 2 5 42 4 46 82 100 87 100 100 98 19 0 26 98 28 13 28 26 59 96 57 66 81 95 70 68 59 98 64 19 32 61 100 100 87 29 29 88 35 81 98 98 95 100
59 100 100 100 100 100 99 97 95 100 100 100 100 100 100 100 92 100 100 87 93 100 96 100 48 76 89 97 82 100 98 95 100 100 100 100 100 100 100 100 100 99 95 43 31 59 83 98 85 13 1 4 1 7 34 59 85 65 56 100 100 90 76 48 19 27 21 23 16 19 86 62 6 72 85 84 100 100 79 78 58 65 55 96 97 59 15 9 8 13 23 73 98 96 100 98
67 100 100 100 73 61 92 74 94 100 100 100 100 100 100 100 100 100 100 95 98 96 96 96 26 26 98 100 100 100 100 100 100 100 100 100 100 100 100 100 100 100 97 90 86 100 100 100 99 38 42 50 22 93 89 16 48 67 85 100 99 92 43 7 1 42 51 2 47 85 98 22 0 10 54 100 100 100 100 100 97 83 67 95 50 2 6 19 42 76 19 24 100 100 100 100
30 90 100 98 96 100 91 98 100 100 100 100 100 100 100 100 100 100 100 100 89 53 83 77 52 20 80 100 100 100 100 100 100 100 100 100 100 100 100 100 100 100 68 92 93 100 100 100 100 100 95 73 15 44 54 72 78 84 100 76 14 14 22 5 14 75 65 80 34 31 88 41 6 17 95 88 98 97 100 93 74 99 72 48 30 19 3 24 49 22 37 0 67 100 100 100
67 100 100 100 100 100 95 82 79 100 100 100 100 100 100 100 100 100 100 100 100 100 100 95 95 89 93 100 100 100 100 100 100 100 100 100 100 100 100 100 100 100 91 96 100 100 100 100 100 51 39 0 12 8 0 1 30 71 98 61 74 43 9 68 24 79 51 55 28 86 96 48 51 93 100 87 45 80 100 82 26 100 100 100 93 100 88 70 87 93 86 14 9 80 93 86
86 100 100 100 100 96 100 77 59 98 100 100 100 100 100 100 100 100 100 100 100 100 100 100 100 100 100 100 100 100 100 100 100 100 100 98 96 100 100 100 100 100 96 94 100 100 100 91 79 63 67 41 5 0 0 0 8 89 55 35 66 53 30 47 13 78 26 22 51 43 19 97 100 100 98 100 95 93 100 100 100 100 75 88 100 100 100 100 31 31 96 96 83 58 98 100
79 85 98 100 100 100 100 89 100 100 100 100 100 100 100 100 100 100 100 100 100 100 100 100 100 100 100 100 100 100 100 100 100 100 100 100 97 100 100 100 96 88 100 100 100 98 41 43 62 69 100 70 78 76 64 16 2 5 0 0 0 3 7 51 6 61 35 14 34 2 16 31 83 100 86 34 87 100 100 100 96 71 40 70 100 100 100 100 69 12 76 100 100 82 67 96
90 100 91 85 93 100 100 100 100 100 100 100 100 100 94 100 100 100 100 100 100 100 100 100 100 100 100 100 100 100 100 100 100 100 96 100 100 100 100 100 96 100 100 100 100 99 80 91 100 100 98 93 92 100 88 11 2 0 0 0 2 0 2 3 0 0 0 8 76 11 17 71 97 95 20 6 52 89 100 100 53 94 100 97 69 61 98 100 98 71 87 98 97 35 57 45
90 100 100 99 89 79 94 98 100 100 100 100 98 95 99 100 100 100 100 100 100 100 100 100 100 100 100 100 100 100 100 94 98 100 90 100 100 100 100 100 100 100 100 100 93 90 100 99 95 100 45 34 84 66 48 13 15 21 20 0 0 0 12 35 22 18 51 27 14 49 92 97 84 98 80 62 81 100 100 100 100 100 100 99 95 94 38 42 59 86 35 5 27 60 2 60
90 100 100 100 100 100 100 100 100 94 70 76 100 100 100 100 100 100 100 100 100 100 100 100 100 100 100 100 100 96 100 92 97 99 100 100 100 100 100 100 100 100 100 100 76 76 93 60 58 70 22 23 24 30 50 74 43 54 19 0 0 1 48 38 60 96 81 71 100 100 100 100 100 100 100 100 100 100 100 100 100 100 100 100 100 100 98 55 40 95 88 10 10 0 0 10
90 100 94 57 31 84 97 100 99 92 100 91 87 85 100 100 100 100 100 100 100 100 100 100 100 100 100 100 95 98 94 100 79 97 100 100 100 100 100 100 100 100 100 98 100 100 92 99 100 94 52 11 3 42 64 80 82 5 32 19 7 36 34 64 63 91 100 96 100 100 100 100 100 100 100 100 100 100 100 100 100 100 100 100 100 68 50 39 54 95 100 64 24 1 0 0
10 62 35 40 61 84 85 89 64 13 91 72 97 83 71 100 100 100 100 100 100 100 100 100 100 76 46 100 100 100 98 100 100 100 100 100 100 100 100 100 100 100 100 100 100 100 100 100 100 98 39 26 3 27 84 100 60 19 12 7 64 66 86 85 94 96 100 100 100 100 100 98 96 100 100 100 100 100 100 100 100 97 100 100 72 8 31 7 62 83 100 98 55 42 1 49
36 31 32 67 81 49 19 26 23 7 57 77 74 98 72 65 100 100 100 100 100 100 100 62 55 88 74 100 100 100 100 100 100 100 100 100 100 100 100 100 100 100 97 100 100 100 100 95 100 100 77 35 35 42 18 74 88 76 69 38 59 87 87 99 97 100 100 100 100 100 100 100 99 100 100 100 100 100 100 100 85 82 78 99 100 75 55 24 26 98 100 100 84 50 57 75
82 74 80 26 59 28 0 31 22 64 42 70 43 80 100 95 57 93 100 100 100 100 95 8 0 1 15 99 100 100 100 100 100 100 100 100 100 100 100 100 100 100 99 100 100 100 100 87 48 61 39 54 43 15 36 98 98 55 79 65 68 78 100 100 100 100 100 100 100 100 98 100 100 100 100 100 100 100 100 100 100 99 100 97 100 97 30 9 3 37 100 100 100 98 95 90
90 97 91 49 87 93 26 11 46 40 46 45 22 74 98 89 59 29 82 100 100 95 98 26 0 0 29 100 100 100 100 100 100 98 100 100 100 100 100 100 100 100 100 100 100 100 100 100 99 100 81 45 17 16 94 90 71 69 54 74 54 54 88 100 100 100 100 100 100 100 100 100 100 100 100 100 100 100 100 100 100 100 100 100 100 100 96 44 56 95 100 93 100 99 100 99
88 99 82 50 32 46 28 28 42 26 21 50 82 93 98 91 96 98 39 42 81 89 56 0 0 0 71 100 100 86 94 100 100 100 100 100 100 100 100 100 100 100 100 100 68 76 100 100 91 85 83 48 51 90 92 71 68 79 100 93 84 98 94 97 100 100 100 100 100 100 100 100 100 100 100 100 100 100 100 100 100 100 100 100 100 100 100 100 100 100 100 100 100 100 100 100
