data/outputs/Sarzedas de Vasco/2015/resolution_1/CONT_SPEC_1_15.asc
ncols         100
nrows         100
xllcorner     -8.222016814931
yllcorner      39.947705019877
cellsize       0.000134898240
NODATA_value  -9999
[rows 29 to 57 of 100, columns 0 to 65 of 100]
5.6000 6.0000 6.0000 6.0000 6.0000 6.0000 6.0000 6.0000 6.0000 6.0000 5.426667 3.548889 4.555556 4.426667 5.164444 5.844444 5.991111 6.0000 6.0000 6.0000 6.0000 6.0000 6.0000 5.366667 5.993333 5.604444 5.92000 5.991111 4.955556 5.893333 4.471111 5.537778 6.0000 5.202222 5.991111 5.955556 6.0000 6.0000 4.408889 2.768889 2.606667 3.262222 6.0000 6.0000 6.0000 6.0000 6.0000 6.0000 6.0000 6.0000 6.0000 6.0000 5.755556 6.0000 6.0000 5.742222 5.84000 5.44000 4.64000 5.528889 5.113333 3.131111 4.933333 4.72000 5.384444 5.411111
5.024444 6.0000 6.0000 6.0000 6.0000 6.0000 6.0000 6.0000 6.0000 6.0000 4.537778 1.802222 2.173333 4.131111 4.895556 4.06000 5.946667 6.0000 6.0000 6.0000 6.0000 6.0000 5.291111 0.302222 1.626667 2.54000 3.888889 2.504444 2.015556 5.726667 0.384444 1.166667 5.115556 5.144444 6.0000 5.991111 6.0000 6.0000 6.0000 6.0000 6.0000 2.357778 6.0000 6.0000 6.0000 6.0000 6.0000 6.0000 6.0000 6.0000 6.0000 6.0000 6.0000 6.0000 6.0000 6.0000 5.062222 4.688889 5.111111 5.84000 5.902222 4.973333 5.72000 5.791111 3.573333 2.56000
4.253333 6.0000 6.0000 6.0000 6.0000 6.0000 6.0000 6.0000 6.0000 6.0000 5.213333 3.524444 2.422222 4.635556 2.644444 3.415556 5.6000 5.991111 5.855556 6.0000 5.773333 2.693333 1.591111 3.773333 2.073333 0.237777 2.448889 0.591111 0.66000 3.32000 2.386667 3.515556 5.077778 5.537778 5.808889 3.913333 5.417778 6.0000 6.0000 6.0000 6.0000 3.635556 2.817778 5.402222 6.0000 6.0000 6.0000 6.0000 6.0000 6.0000 6.0000 6.0000 6.0000 6.0000 6.0000 6.0000 5.955556 5.946667 5.946667 6.0000 6.0000 5.893333 5.946667 5.691111 5.748889 6.0000
2.273333 5.586667 6.0000 6.0000 6.0000 5.711111 5.804444 6.0000 5.353333 5.477778 5.993333 2.722222 1.777778 5.286667 3.575556 2.62000 3.522222 5.051111 5.38000 5.644444 4.502222 0.166666 3.226667 5.991111 3.626667 0.888888 0.686666 0.52000 0.071111 0.22000 4.302222 5.473333 5.955556 4.624444 2.544444 1.617778 5.735556 5.946667 5.955556 6.0000 6.0000 6.0000 5.906667 4.728889 3.984444 4.724444 5.997778 6.0000 6.0000 6.0000 6.0000 6.0000 6.0000 6.0000 6.0000 6.0000 5.991111 5.342222 5.937778 5.275556 4.64000 5.886667 6.0000 6.0000 6.0000 6.0000
4.88000 5.491111 5.697778 6.0000 6.0000 6.0000 6.0000 6.0000 5.993333 5.953333 6.0000 5.777778 5.862222 5.946667 4.753333 4.062222 4.493333 4.782222 5.955556 5.706667 3.597778 0.586666 2.68000 6.0000 5.951111 3.057778 1.997778 0.188888 1.675556 2.822222 5.864444 6.0000 5.72000 1.106667 0.702222 3.137778 5.982222 4.388889 1.913333 3.548889 4.54000 3.337778 1.944444 4.422222 5.957778 4.357778 2.624444 4.897778 6.0000 6.0000 6.0000 6.0000 6.0000 6.0000 6.0000 6.0000 6.0000 6.0000 5.946667 5.564444 5.115556 5.671111 5.768889 5.993333 6.0000 6.0000
4.937778 5.502222 5.511111 6.0000 6.0000 6.0000 6.0000 6.0000 5.991111 5.911111 6.0000 6.0000 5.946667 5.84000 5.862222 5.513333 4.804444 5.268889 5.824444 5.946667 5.373333 1.544444 1.693333 5.864444 6.0000 5.155556 4.446667 2.388889 1.171111 5.366667 6.0000 6.0000 4.464444 2.273333 2.157778 0.96000 5.893333 4.282222 0.086666 0.002222 4.362222 4.822222 4.326667 2.988889 0.886666 1.482222 0.353333 1.508889 4.466667 6.0000 6.0000 6.0000 6.0000 6.0000 6.0000 6.0000 6.0000 6.0000 6.0000 6.0000 6.0000 6.0000 5.993333 5.997778 3.875556 5.84000
4.764444 4.811111 5.722222 6.0000 6.0000 5.831111 6.0000 6.0000 5.857778 5.853333 6.0000 6.0000 5.991111 5.186667 5.846667 5.953333 5.948889 5.991111 5.588889 5.515556 4.904444 3.382222 0.055555 1.348889 1.984444 2.611111 3.366667 6.0000 6.0000 5.675556 5.428889 5.746667 5.886667 2.764444 4.933333 5.957778 6.0000 2.555556 0.78000 1.397778 4.226667 3.777778 1.157778 4.6000 1.664444 0.993333 4.477778 5.673333 1.197778 5.766667 6.0000 6.0000 6.0000 6.0000 6.0000 6.0000 6.0000 6.0000 6.0000 6.0000 5.991111 5.928889 5.928889 5.533333 5.862222 5.302222
5.24000 5.808889 5.946667 5.92000 5.973333 4.882222 4.355556 5.633333 5.84000 4.502222 4.688889 4.653333 5.426667 4.855556 5.871111 5.895556 5.997778 6.0000 6.0000 4.633333 3.182222 2.926667 0.757777 0.0000 2.384444 3.611111 5.533333 6.0000 6.0000 6.0000 5.993333 5.786667 5.54000 3.935556 5.126667 5.546667 5.646667 4.073333 3.406667 3.806667 3.388889 4.886667 5.842222 6.0000 6.0000 5.775556 6.0000 5.282222 4.542222 2.2000 5.991111 6.0000 6.0000 6.0000 6.0000 6.0000 6.0000 6.0000 6.0000 6.0000 6.0000 5.233333 5.571111 6.0000 6.0000 6.0000
4.544444 6.0000 6.0000 5.8000 5.784444 4.562222 4.857778 4.468889 2.706667 4.46000 3.802222 3.942222 5.24000 5.191111 5.955556 5.92000 5.417778 5.511111 5.802222 1.737778 3.533333 4.893333 5.882222 4.366667 5.695556 5.631111 6.0000 6.0000 6.0000 6.0000 6.0000 6.0000 5.493333 5.053333 5.737778 5.92000 4.553333 1.637778 3.706667 3.542222 0.74000 4.497778 6.0000 3.164444 2.92000 4.431111 4.508889 2.666667 3.791111 2.864444 3.68000 6.0000 6.0000 6.0000 6.0000 6.0000 6.0000 6.0000 6.0000 6.0000 6.0000 5.982222 6.0000 6.0000 6.0000 6.0000
0.282222 1.875556 2.693333 5.395556 5.373333 3.037778 1.731111 2.128889 2.044444 1.126667 0.624444 1.757778 1.764444 2.053333 2.92000 3.351111 4.902222 5.057778 4.171111 0.035555 0.053333 0.066666 3.568889 2.98000 5.331111 6.0000 6.0000 6.0000 6.0000 6.0000 6.0000 5.715556 5.897778 5.244444 5.991111 5.373333 4.595556 4.12000 2.02000 0.688888 1.026667 5.86000 6.0000 5.991111 6.0000 6.0000 5.695556 5.248889 4.428889 4.335556 4.097778 3.366667 5.991111 6.0000 6.0000 5.991111 5.515556 6.0000 5.964444 4.362222 2.1000 3.424444 5.677778 6.0000 6.0000 6.0000
0.0000 0.0000 0.0000 1.837778 3.777778 4.771111 0.835555 0.12000 0.968888 3.848889 0.302222 0.006666 0.0000 0.0000 1.611111 1.537778 1.504444 2.231111 0.022222 0.0000 0.128888 0.0000 0.0000 0.004444 3.433333 5.8000 5.946667 5.513333 5.548889 5.975556 6.0000 5.68000 2.997778 4.404444 6.0000 3.177778 2.82000 3.811111 3.517778 1.795556 5.715556 6.0000 6.0000 6.0000 6.0000 6.0000 6.0000 6.0000 6.0000 5.604444 4.786667 4.242222 3.344444 5.984444 6.0000 6.0000 6.0000 5.991111 2.944444 4.244444 5.115556 5.655556 5.604444 5.751111 5.484444 6.0000
0.0000 0.0000 0.0000 0.0000 2.037778 5.384444 3.704444 3.573333 2.306667 4.651111 2.311111 0.417777 0.0000 0.0000 0.231111 0.0000 0.488888 0.54000 0.071111 0.0000 0.0000 0.0000 0.0000 0.0000 1.731111 5.046667 6.0000 5.808889 2.111111 2.524444 1.613333 1.182222 0.455555 3.491111 2.197778 0.6000 2.604444 1.784444 2.008889 6.0000 4.857778 6.0000 6.0000 6.0000 6.0000 6.0000 6.0000 6.0000 5.777778 5.74000 5.004444 6.0000 4.786667 2.904444 5.935556 6.0000 6.0000 6.0000 6.0000 6.0000 6.0000 6.0000 5.982222 5.755556 5.897778 5.951111
0.008888 0.0000 0.0000 1.071111 3.224444 6.0000 6.0000 5.862222 4.004444 3.577778 3.184444 2.857778 2.104444 0.335555 0.242222 1.375556 2.906667 0.662222 0.006666 0.102222 0.0000 0.022222 0.0000 0.0000 0.508888 5.533333 5.84000 5.533333 4.9000 1.795556 0.008888 0.0000 0.0000 0.0000 0.002222 0.0000 0.322222 0.613333 5.155556 6.0000 5.991111 6.0000 6.0000 6.0000 6.0000 6.0000 5.897778 5.235556 4.971111 3.322222 0.58000 5.442222 6.0000 4.222222 2.211111 5.791111 6.0000 6.0000 6.0000 5.991111 5.831111 6.0000 6.0000 6.0000 6.0000 6.0000
4.36000 3.651111 4.535556 5.237778 5.991111 5.857778 6.0000 6.0000 5.955556 5.855556 4.222222 5.948889 5.631111 4.582222 4.935556 1.791111 2.886667 0.413333 1.346667 4.977778 1.766667 0.295555 0.586666 0.386666 2.94000 5.628889 5.302222 5.402222 5.7000 5.64000 4.031111 1.773333 0.166666 0.0000 1.126667 2.708889 3.835556 5.144444 5.846667 5.22000 6.0000 5.644444 5.848889 6.0000 6.0000 6.0000 6.0000 5.591111 1.213333 1.442222 0.946666 4.308889 6.0000 6.0000 5.064444 2.113333 4.764444 5.051111 5.815556 6.0000 5.295556 5.708889 4.831111 6.0000 6.0000 6.0000
5.297778 5.502222 5.72000 5.873333 5.944444 5.946667 6.0000 6.0000 5.991111 6.0000 6.0000 6.0000 6.0000 5.991111 5.746667 4.357778 0.871111 2.682222 4.695556 4.077778 5.144444 5.337778 5.982222 4.166667 4.315556 5.948889 4.435556 5.111111 5.322222 5.82000 5.742222 3.388889 1.437778 3.293333 5.542222 5.548889 6.0000 6.0000 6.0000 5.955556 6.0000 6.0000 6.0000 5.946667 6.0000 6.0000 5.791111 2.522222 0.837777 2.813333 5.815556 6.0000 5.315556 5.875556 5.524444 1.668889 5.402222 5.471111 4.346667 3.366667 3.128889 5.502222 5.197778 4.911111 5.855556 5.908889
5.551111 5.946667 5.693333 6.0000 6.0000 6.0000 5.926667 5.951111 5.946667 6.0000 6.0000 6.0000 6.0000 5.508889 5.828889 5.586667 3.555556 2.237778 2.471111 5.284444 6.0000 6.0000 6.0000 5.982222 6.0000 6.0000 5.248889 5.791111 5.991111 5.813333 4.862222 5.8000 5.893333 5.973333 4.66000 5.675556 6.0000 5.902222 6.0000 5.617778 5.991111 6.0000 6.0000 6.0000 6.0000 6.0000 6.0000 4.091111 2.228889 4.235556 6.0000 6.0000 6.0000 6.0000 5.991111 1.871111 5.691111 3.213333 3.946667 4.213333 2.097778 3.511111 3.091111 3.073333 5.455556 5.984444
2.282222 5.022222 5.295556 6.0000 6.0000 6.0000 5.984444 5.862222 6.0000 6.0000 6.0000 6.0000 6.0000 6.0000 6.0000 4.977778 2.571111 2.888889 3.071111 5.837778 6.0000 6.0000 6.0000 6.0000 6.0000 6.0000 5.484444 6.0000 4.92000 4.188889 1.271111 4.528889 6.0000 5.766667 4.571111 5.737778 6.0000 5.822222 6.0000 6.0000 6.0000 6.0000 6.0000 6.0000 6.0000 6.0000 6.0000 3.773333 3.831111 5.617778 6.0000 6.0000 5.991111 6.0000 5.353333 1.864444 5.457778 4.78000 2.935556 1.773333 2.708889 3.32000 5.648889 5.666667 5.893333 6.0000
1.1000 1.217778 4.484444 5.946667 6.0000 6.0000 6.0000 5.991111 5.902222 6.0000 6.0000 6.0000 6.0000 5.386667 5.133333 1.653333 2.28000 3.857778 4.1000 5.32000 5.991111 5.902222 5.973333 5.833333 5.031111 5.28000 6.0000 5.902222 5.244444 3.657778 0.017777 4.422222 5.991111 5.146667 4.271111 5.804444 6.0000 5.78000 4.822222 6.0000 6.0000 6.0000 5.666667 5.824444 5.951111 6.0000 6.0000 4.015556 5.422222 5.688889 5.68000 4.113333 5.277778 5.68000 4.92000 0.151111 0.013333 2.624444 2.973333 1.286667 2.317778 5.728889 6.0000 6.0000 6.0000 6.0000
1.34000 5.564444 6.0000 6.0000 6.0000 6.0000 6.0000 6.0000 5.951111 5.773333 6.0000 6.0000 6.0000 5.982222 1.948889 0.071111 3.613333 5.993333 5.768889 5.946667 5.822222 5.777778 5.24000 5.588889 4.315556 5.495556 5.902222 5.604444 1.875556 1.335556 0.995555 5.286667 4.097778 4.408889 5.782222 5.948889 6.0000 5.137778 4.717778 5.297778 6.0000 6.0000 5.844444 2.195556 2.38000 4.522222 4.768889 2.051111 1.684444 5.168889 4.813333 4.842222 4.044444 5.911111 4.771111 0.024444 0.0000 0.284444 2.711111 1.197778 0.024444 1.117778 5.646667 6.0000 6.0000 6.0000
3.573333 5.997778 6.0000 6.0000 6.0000 6.0000 6.0000 6.0000 6.0000 5.826667 4.755556 5.786667 6.0000 6.0000 5.244444 1.951111 0.784444 5.142222 5.224444 5.973333 5.957778 5.997778 5.893333 5.715556 5.422222 5.548889 5.668889 2.437778 0.331111 3.793333 1.822222 5.935556 4.686667 5.213333 2.597778 5.157778 4.571111 6.0000 1.48000 1.324444 4.411111 5.982222 4.168889 1.444444 0.004444 0.902222 0.066666 4.051111 5.388889 4.155556 5.404444 4.477778 4.506667 5.997778 3.553333 1.648889 2.313333 2.657778 3.693333 4.193333 1.288889 2.093333 5.731111 6.0000 6.0000 6.0000
3.266667 5.991111 5.635556 6.0000 6.0000 6.0000 6.0000 6.0000 6.0000 6.0000 6.0000 5.406667 4.66000 4.922222 4.304444 3.273333 4.048889 4.068889 3.882222 3.14000 2.048889 4.068889 2.493333 1.977778 3.08000 2.131111 1.671111 0.0000 0.017777 0.055555 0.864444 6.0000 6.0000 6.0000 4.104444 0.2000 0.646666 4.151111 2.177778 0.0000 0.402222 0.757777 0.215555 1.706667 0.18000 1.671111 0.477777 0.055555 0.746666 3.9000 5.513333 6.0000 6.0000 5.506667 3.286667 0.515555 0.248888 0.646666 3.326667 1.431111 4.32000 5.357778 6.0000 6.0000 6.0000 6.0000
4.157778 4.015556 5.768889 5.728889 5.851111 5.946667 6.0000 6.0000 6.0000 6.0000 6.0000 6.0000 5.582222 2.955556 5.022222 5.902222 5.542222 5.777778 4.72000 4.155556 5.564444 5.768889 1.582222 0.0000 0.0000 0.226666 1.053333 2.095556 0.16000 0.302222 1.062222 4.491111 3.684444 1.875556 3.853333 2.266667 0.037777 0.0000 0.182222 2.097778 0.911111 1.933333 1.584444 3.24000 2.908889 2.713333 0.244444 2.008889 1.506667 4.213333 2.091111 3.468889 4.368889 4.077778 1.111111 0.013333 0.115555 2.748889 1.591111 1.004444 4.1000 4.611111 5.946667 6.0000 6.0000 5.946667
5.26000 6.0000 5.26000 3.766667 4.366667 4.273333 5.484444 6.0000 5.946667 6.0000 5.446667 4.284444 4.591111 5.824444 5.422222 6.0000 6.0000 5.791111 5.426667 5.671111 5.515556 3.62000 3.031111 0.048888 0.011111 1.233333 2.897778 5.795556 0.395555 1.773333 0.108888 1.093333 0.24000 0.853333 2.822222 3.54000 0.957777 0.426666 0.191111 4.148889 5.082222 4.933333 2.975556 2.8000 4.042222 3.904444 1.473333 2.486667 1.9000 2.215556 3.344444 5.806667 5.42000 0.364444 0.711111 0.115555 0.015555 3.215556 1.571111 1.453333 2.293333 3.271111 5.604444 6.0000 5.82000 5.66000
3.868889 4.157778 4.931111 4.408889 5.74000 3.531111 3.086667 5.146667 3.897778 4.004444 4.488889 5.808889 5.517778 3.708889 2.844444 5.08000 5.853333 5.951111 5.993333 5.788889 2.944444 3.511111 5.408889 0.097777 0.877777 3.948889 1.222222 2.297778 0.686666 1.853333 2.235556 3.115556 1.457778 1.457778 5.6000 5.991111 4.988889 3.382222 2.162222 2.297778 5.797778 6.0000 4.851111 2.362222 5.324444 1.946667 2.6000 0.186666 1.882222 2.0000 3.162222 2.66000 1.402222 0.757777 1.477778 0.0000 1.755556 5.493333 3.397778 1.437778 1.817778 2.54000 4.637778 5.568889 5.946667 6.0000
4.848889 4.662222 5.573333 3.826667 3.575556 4.577778 5.768889 4.653333 3.795556 5.28000 5.946667 6.0000 5.775556 5.648889 4.575556 5.8000 5.982222 5.955556 5.504444 5.573333 4.422222 1.28000 0.986666 0.248888 1.322222 1.653333 1.411111 3.308889 4.237778 5.786667 5.442222 4.717778 3.497778 1.12000 1.9000 4.66000 4.368889 2.888889 4.895556 6.0000 5.862222 4.877778 1.826667 5.146667 3.962222 1.244444 0.568888 0.0000 0.177777 4.211111 5.957778 5.802222 0.633333 1.511111 1.928889 0.724444 0.073333 5.373333 5.728889 2.417778 0.68000 2.006667 2.72000 0.891111 5.14000 6.0000
5.342222 5.857778 5.88000 5.122222 5.9000 5.828889 4.74000 0.533333 0.466666 3.44000 5.831111 6.0000 6.0000 5.902222 5.191111 5.946667 6.0000 5.773333 4.526667 3.602222 1.097778 1.895556 3.857778 3.726667 5.042222 5.724444 5.36000 6.0000 5.946667 5.848889 5.795556 4.891111 5.026667 1.1000 2.135556 4.931111 4.484444 5.991111 6.0000 5.94000 5.148889 5.74000 3.722222 2.608889 0.16000 1.293333 2.355556 0.868888 1.786667 0.262222 2.802222 2.34000 0.0000 0.0000 0.0000 0.0000 0.026666 4.473333 5.857778 5.997778 2.088889 0.335555 1.588889 2.957778 1.386667 5.842222
5.6000 5.833333 5.215556 6.0000 6.0000 6.0000 5.855556 3.962222 0.782222 3.615556 6.0000 5.233333 5.277778 5.955556 5.902222 6.0000 5.806667 4.495556 5.751111 4.691111 4.635556 5.991111 6.0000 6.0000 6.0000 6.0000 5.955556 5.193333 3.462222 4.32000 5.935556 5.968889 5.328889 0.415555 0.457777 1.835556 3.215556 3.786667 5.902222 6.0000 4.726667 4.72000 3.013333 0.355555 1.871111 2.637778 0.513333 1.86000 5.508889 2.684444 0.28000 0.322222 0.755555 1.486667 0.557777 1.586667 0.48000 1.593333 1.831111 3.348889 0.0000 0.0000 2.68000 2.613333 0.6000 3.415556
5.6000 5.955556 6.0000 6.0000 6.0000 6.0000 5.946667 5.955556 5.68000 5.617778 6.0000 5.908889 5.8000 5.277778 5.702222 5.822222 6.0000 5.071111 6.0000 5.991111 6.0000 5.991111 6.0000 6.0000 6.0000 6.0000 5.946667 5.395556 4.944444 4.651111 3.782222 2.924444 2.302222 0.391111 0.0000 0.18000 1.702222 4.417778 5.822222 6.0000 4.211111 1.077778 0.131111 0.584444 1.646667 2.568889 4.704444 5.535556 3.753333 3.306667 1.724444 4.155556 1.848889 1.024444 1.304444 5.866667 4.968889 1.064444 3.915556 0.98000 1.531111 4.284444 4.717778 3.713333 5.691111 5.946667
5.008889 6.0000 6.0000 6.0000 6.0000 6.0000 6.0000 6.0000 6.0000 6.0000 6.0000 5.871111 5.748889 4.346667 5.884444 6.0000 5.168889 5.124444 5.813333 5.855556 5.955556 5.497778 6.0000 6.0000 6.0000 6.0000 6.0000 3.266667 1.293333 1.493333 1.622222 2.393333 1.402222 0.075555 0.044444 1.244444 1.14000 4.944444 5.951111 5.68000 6.0000 2.671111 0.06000 3.617778 1.475556 1.451111 3.108889 4.191111 4.046667 5.086667 5.486667 3.662222 4.486667 3.54000 0.975555 3.471111 5.988889 5.342222 2.691111 3.488889 2.997778 5.573333 5.108889 5.888889 5.857778 5.233333
