data/outputs/Sarzedas de Vasco/2015/resolution_1/CONT_TOTAL_1_15.asc
ncols         100
nrows         100
xllcorner     -8.222016814931
yllcorner      39.947705019877
cellsize       0.000134898240
NODATA_value  -9999
[rows 0 to 38 of 100, columns 0 to 87 of 100]
604 843 954 884 1108 704 1017 1226 1224 1094 1247 1260 1260 1260 1260 1160 612 288 663 1239 1260 1260 1260 1260 1251 917 117 212 920 896 277 20 0 0 85 816 1204 348 30 0 0 269 224 426 361 88 148 586 863 925 42 69 0 2 809 1186 1260 1260 1260 1106 1166 1260 1260 1260 1260 1260 1260 1065 1260 1260 1260 1260 1260 1260 1260 1260 1260 1260 1260 1260 1260 1260 1260 1260 1260 1260 1260 1260
976 646 620 852 547 171 1141 1281 882 1001 1235 1171 1350 1323 1303 751 694 597 966 1031 1316 1350 1320 1350 1050 541 618 246 80 466 352 432 267 510 118 313 342 53 0 79 820 226 46 304 250 53 65 628 1259 1347 733 0 0 0 1044 507 1328 1350 1350 1283 1219 1350 1350 1350 1350 1350 1350 1350 1350 1350 1350 1350 1350 1350 1350 1350 1350 1350 1350 1350 1350 1350 1344 1223 985 1350 1350 1350
655 348 145 13 273 1045 1165 1350 922 433 352 570 873 634 1147 1080 981 818 936 962 1303 1346 1050 1124 1083 995 1232 464 118 1002 947 996 669 545 194 314 387 147 204 607 891 625 253 101 0 306 969 569 1002 849 49 175 4 227 714 289 1307 1350 1350 1350 1350 1322 1152 1329 1350 1338 1350 1350 1350 1350 1350 1350 1350 1350 1350 1350 1299 1346 1350 1343 1192 1298 1028 357 946 1348 1350 1350
6 0 45 265 877 1331 1255 1338 1163 308 0 0 2 56 132 1220 1344 1208 1271 1218 1346 1172 1126 951 1195 1245 1264 773 379 727 643 188 403 181 495 70 242 104 493 372 65 461 342 132 183 514 1054 228 311 902 458 247 398 653 569 613 887 1130 1138 774 509 404 424 1009 1350 1350 1350 1350 1350 1350 1350 1350 1293 1318 1350 1350 1350 1350 1350 1314 1114 1218 1079 948 971 1190 1156 1350
118 59 318 77 956 1077 1083 1119 1324 1014 797 100 26 388 1114 1337 1350 1350 1350 1332 1258 1251 1255 1124 1169 905 627 662 147 57 62 1 1 608 791 137 12 0 0 0 86 147 584 449 59 44 1277 151 255 241 1012 1277 1246 1084 87 741 580 1175 1278 1286 1004 916 750 1350 1338 1294 1350 1350 1350 1350 1350 1350 1331 1350 1350 1350 1350 1350 1319 1350 1350 1350 1320 1350 1261 128 191 879
52 496 1238 627 23 405 925 975 1273 1022 876 638 1062 1331 1350 1350 1350 1350 1350 1338 1318 673 1206 897 542 1012 398 417 141 745 165 16 0 270 223 199 454 71 0 0 0 199 1236 718 0 0 616 241 92 338 251 534 383 558 119 595 76 566 721 536 493 649 677 788 1227 1350 1350 1350 1350 1350 1350 1350 1350 1350 1350 1350 1328 1338 1350 1350 1203 1321 880 365 801 83 0 579
395 1084 1350 1233 365 474 594 379 880 838 0 363 1259 1278 1348 1350 1133 1140 1306 1190 521 840 1303 1350 1193 766 309 72 207 281 981 640 55 94 166 823 506 1049 643 302 0 851 655 517 269 3 0 29 580 1265 420 110 35 51 27 0 2 14 219 87 14 420 0 3 454 1325 1350 1350 1328 1350 1350 1350 1350 1350 1348 1326 1350 1348 1310 1350 1350 1350 1350 1193 1133 817 992 1310
43 708 889 751 272 126 208 483 162 495 499 504 1187 895 1350 1345 1243 1270 1145 52 0 241 1163 1207 278 2 156 63 46 0 360 566 52 0 16 950 986 771 107 7 224 276 437 277 497 524 191 228 364 688 471 181 187 310 0 18 280 227 114 79 1072 683 0 13 324 622 562 930 1350 1350 1350 1350 1350 1350 1350 1310 1264 1308 1318 1350 1350 1350 1348 1350 1350 1135 698 1035
241 1249 928 1002 707 200 1003 1320 1324 497 268 3 155 1139 940 1045 853 1315 582 0 267 10 651 664 540 2 28 147 116 1 559 386 0 129 507 1294 779 307 631 89 437 653 465 359 272 458 98 31 0 4 100 307 653 244 0 173 888 57 3 8 27 169 51 264 3 0 11 846 1350 1350 1350 1350 1350 1350 1349 1126 1264 1262 1350 1350 1350 1340 1314 1309 1270 109 5 134
649 1346 930 1319 1294 444 456 617 797 215 116 151 0 40 308 741 746 1221 1320 850 1242 585 169 391 438 350 679 490 326 213 220 14 85 18 679 719 368 408 77 561 421 135 3 9 0 27 654 1075 180 41 467 156 323 91 23 696 441 149 157 566 835 162 8 0 0 5 65 611 1027 1301 1345 1350 1350 1350 1350 1259 1253 1330 1350 1338 1350 1350 1314 1201 469 18 216 32
854 1350 1315 1192 1148 408 359 18 43 198 661 431 150 1 363 428 303 345 906 869 1348 1016 0 21 29 88 357 202 500 479 103 512 993 0 57 182 24 17 0 92 120 27 163 409 348 248 652 663 258 0 7 200 184 194 766 153 681 1123 890 851 1053 278 0 62 54 0 148 172 1042 488 612 1252 1066 1266 1338 915 934 1073 1003 1251 1228 1028 1124 599 64 0 18 10
915 1350 1346 324 434 444 971 108 107 142 419 422 77 441 681 1049 1281 995 764 560 1208 1052 285 334 71 21 321 936 1098 893 109 192 710 591 2 0 0 0 0 0 13 306 164 583 14 268 3 42 229 0 14 566 333 516 220 475 1240 1212 1319 905 642 235 327 667 82 2 60 757 476 233 354 529 2 424 1174 1328 1271 812 1050 1083 1338 1014 536 25 140 1 12 7
847 1350 1350 716 21 444 192 0 12 0 161 215 577 399 491 1329 1245 1176 1330 1316 1332 1350 360 852 0 0 316 832 1246 607 440 1289 1346 1076 476 26 73 25 0 31 36 2 86 488 293 42 96 41 220 539 198 189 917 763 753 1124 515 974 918 226 8 481 275 505 520 103 0 658 1139 1071 1350 1029 172 141 1219 1350 1350 1350 1025 1157 1350 1019 79 15 0 0 0 8
743 1350 1350 1327 1244 968 1318 585 510 724 651 267 871 370 813 1332 1350 1331 1350 1305 1315 1350 551 490 25 4 120 492 967 560 693 1253 1261 532 6 0 128 567 407 0 0 61 503 683 9 122 501 25 121 76 344 462 22 241 825 385 125 172 647 105 0 22 692 352 1083 271 166 792 514 388 406 691 1017 409 1005 1340 1350 1340 1195 858 1340 1261 251 0 0 0 12 0
1069 1284 1133 1173 1350 1350 1213 394 959 699 929 474 1043 873 752 600 933 1322 1350 1350 1350 1350 1080 263 793 1176 1001 587 712 62 177 1250 699 239 0 0 0 35 86 0 0 0 0 0 0 97 784 98 599 846 307 382 300 487 140 2 4 89 26 24 126 2 59 698 941 860 197 322 474 173 160 242 1016 1350 1345 1350 1340 851 253 90 1049 1344 1195 191 0 0 99 0
828 784 101 179 1229 1303 948 88 391 274 210 34 489 302 441 439 239 540 1326 1350 1267 333 509 323 1188 1204 1282 1092 1263 238 1057 956 122 0 259 5 0 0 0 0 0 0 0 0 0 0 0 0 559 1339 1064 395 1313 1350 1331 1131 590 51 14 61 23 17 15 39 461 513 31 69 564 940 1075 884 1350 1350 1338 1336 883 23 0 0 22 517 1206 924 510 55 52 679
179 144 5 8 872 717 467 732 882 981 1053 1254 783 115 925 1161 954 722 1221 1350 1026 10 385 651 1112 561 84 284 502 821 1176 1151 404 492 803 116 0 0 0 0 0 0 0 0 0 0 0 0 97 509 214 508 1350 1350 1350 1350 1121 260 23 0 0 18 438 1141 873 684 217 681 1350 1350 1350 1350 1350 1350 1350 1348 803 964 228 0 0 0 318 896 1274 519 739 1350
0 0 196 746 957 1183 456 841 899 1132 1350 1350 945 1112 1324 285 544 1196 1038 749 775 525 274 29 1153 399 0 110 233 1238 1101 312 1002 311 13 0 0 0 0 0 0 0 0 0 0 0 0 0 0 0 0 663 1338 1350 1350 1350 761 730 433 21 294 1048 1268 1062 509 1011 1346 1350 1350 1350 1350 1350 1350 1350 1350 1350 1269 1296 808 699 19 0 0 131 710 1219 1350 1350
6 1 100 382 787 1319 839 522 1350 862 1135 1330 1216 1072 1039 668 263 1013 249 101 564 861 1236 718 1000 119 0 161 372 882 1039 1209 292 0 0 0 0 0 0 0 0 0 0 0 0 0 0 0 0 0 0 359 1145 1350 1350 1348 796 992 1299 1171 1282 1279 1350 1350 1342 1344 1350 1350 1350 1350 1350 1350 1350 1350 1338 1338 936 842 1001 48 0 0 0 0 933 1350 1350 1350
439 473 352 328 14 423 668 531 1319 796 1007 838 156 58 286 440 277 0 3 146 591 246 555 115 0 12 0 257 1256 440 1146 1337 994 60 187 296 0 0 0 0 0 0 0 0 0 0 0 0 0 0 65 423 1101 1350 1350 1350 1342 1350 1350 1318 1180 1166 1350 1350 1350 1350 1350 1350 1350 1350 1350 1350 1350 1350 1331 1229 132 91 0 0 0 0 581 1017 1276 1350 1279 1350
1142 958 68 689 380 277 482 454 543 251 52 401 418 574 345 758 472 173 0 153 19 265 266 156 344 32 110 521 1299 810 1326 1291 1338 1294 1348 1302 164 0 12 63 0 0 0 169 169 0 0 0 0 0 571 1102 1207 1350 1350 1350 1350 1350 1350 1350 1182 1225 1350 1350 1350 1350 1350 1350 1350 1350 1350 1350 1350 1350 1350 1207 1101 670 71 0 0 0 817 1350 1350 1350 1350 1350
1077 1236 940 258 798 1218 1301 1310 1121 572 511 971 864 75 664 925 981 639 481 795 1095 1207 202 148 444 113 212 382 956 827 1350 1350 1350 1350 1350 1346 329 232 874 1115 276 0 0 96 183 7 3 183 215 15 37 663 1350 1350 1350 1350 1350 1350 1350 1350 1350 1330 1346 1350 1350 1350 1350 1350 1350 1350 1350 1350 1350 1350 1350 1350 534 249 318 0 0 354 1318 1350 1338 1350 1350 1095
1179 1125 561 944 1034 1329 1350 1350 1338 1350 1350 1350 1339 365 260 429 892 1338 1350 1350 1205 925 1178 655 44 18 655 1323 1162 1337 1292 1350 1350 1350 1350 1350 1165 869 1287 1084 828 93 0 0 29 137 808 1348 1350 1189 1149 1316 1350 1350 1350 1328 1350 1350 1350 1350 1350 1330 1348 1350 1283 1166 1350 1350 1350 1350 1350 1350 1350 1299 1285 852 0 0 0 0 0 751 1348 1350 1350 1337 1193 557
339 734 1350 1301 1350 1328 1268 1274 1194 1147 1281 1336 962 834 394 622 1076 1350 1350 1348 1350 1350 1350 1040 416 838 1187 1317 1339 1309 1346 1350 1350 1350 1350 1350 1226 320 1319 1092 64 119 127 594 879 1161 1350 1350 1350 1350 1350 1350 1350 1350 1350 1338 1218 1350 1350 1350 1350 1350 1350 1350 1350 1350 1350 1350 1350 1350 1350 1350 1350 1297 919 151 0 0 0 0 35 934 1088 1246 1156 1178 1132 1263
562 1188 1340 1350 1350 1350 1350 1350 1170 950 1137 1328 1350 1350 1350 1350 1350 1350 1350 1217 1292 1350 1350 1350 1296 1348 1350 1350 1350 1350 1350 1350 1350 1350 1350 1350 1350 531 386 286 129 435 1322 1350 1350 1350 1350 1350 1350 1350 1350 1350 1350 1260 1348 1247 1320 1350 1347 1350 1350 1350 1350 1350 1350 1350 1350 1350 1350 1350 1350 1350 1350 1319 1318 938 0 0 0 0 166 1161 1350 1230 1303 1350 1350 1350
1260 1350 1350 1350 1350 1350 1004 807 1232 1248 1091 1346 1326 1350 1350 1350 1350 1350 1350 1243 1350 1338 1350 1346 1285 1350 1350 1350 1350 1350 1350 1350 1350 1350 1350 1205 1316 458 0 0 73 784 1350 1350 1350 1350 1350 1350 1350 1350 1350 1350 1350 1350 1350 1338 1187 1193 789 1133 1282 1350 1350 1350 1350 1350 1350 1350 1350 1350 1350 1350 1339 1339 1186 1076 206 0 1 447 1259 1350 1350 1350 1350 1350 1350 1350
1260 1350 1350 1350 1350 1350 1233 843 1311 1350 1225 1350 1350 1350 1350 1350 1350 1350 1328 1350 1350 1350 1350 1332 1348 1316 1346 1323 1350 1350 1340 1348 1350 1350 1350 1342 1345 590 0 0 571 612 1036 1350 1350 1350 1350 1350 1350 1350 1350 1350 1350 1350 1350 1060 1069 1236 765 1063 1314 1350 1350 1350 1350 1350 1350 1350 1350 1136 443 1155 1011 1288 1350 1350 823 424 690 1341 1350 1350 1315 1259 1310 1350 1350 1350
1260 1350 1350 1350 1350 1350 1350 1350 1338 1350 1284 1350 1346 1350 1350 1350 1350 1350 1350 1350 1350 1350 1350 1350 1350 1350 1350 1350 1350 1350 1350 1344 1350 1350 1350 1349 995 15 0 0 0 322 749 1350 1350 1350 1350 1350 1350 1350 1350 1350 1350 1350 1350 1161 1083 567 1141 1281 1285 1346 1264 1350 1350 1350 1350 1350 1241 1102 186 977 1350 1350 1350 1350 1350 1348 1243 1273 1350 1350 1319 1346 1350 1350 1338 1350
1260 1350 1350 1350 1350 1350 1350 1350 1350 1350 1350 1332 800 570 1350 1350 1350 1350 1350 1350 1350 1350 1350 1350 1350 1350 1350 1350 1350 1330 1335 1107 1350 1350 1350 1350 1350 863 18 0 0 809 1350 1350 1350 1350 1350 1350 1350 1350 1350 1350 1350 1350 1350 1248 904 723 970 827 652 1055 1319 1350 1350 1350 1350 1350 1350 1131 8 424 1235 1350 1350 1350 1350 1350 1342 1218 1350 1350 1350 1350 1350 1350 1350 1350
1260 1350 1350 1350 1350 1350 1350 1350 1350 1350 1221 799 1025 996 1162 1315 1348 1350 1350 1350 1350 1350 1350 1208 1349 1261 1332 1348 1115 1326 1006 1246 1350 1171 1348 1340 1350 1350 992 623 587 734 1350 1350 1350 1350 1350 1350 1350 1350 1350 1350 1295 1350 1350 1292 1314 1224 1044 1244 1151 705 1110 1062 1212 1218 1350 1350 1350 1350 1255 1244 1303 1350 1350 1350 1350 1350 1350 1350 1350 1350 1350 1326 1292 1298 916 805
1131 1350 1350 1350 1350 1350 1350 1350 1350 1350 1021 406 489 930 1102 914 1338 1350 1350 1350 1350 1350 1191 68 366 572 875 564 454 1289 87 263 1151 1158 1350 1348 1350 1350 1350 1350 1350 531 1350 1350 1350 1350 1350 1350 1350 1350 1350 1350 1350 1350 1350 1350 1139 1055 1150 1314 1328 1119 1287 1303 804 576 1051 1041 1261 1326 1157 1302 1350 1350 1350 1350 1268 1350 1350 1350 1350 1350 916 122 367 237 397 255
957 1350 1350 1350 1350 1350 1350 1350 1350 1350 1173 793 545 1043 595 769 1260 1348 1318 1350 1299 606 358 849 467 54 551 133 149 747 537 791 1143 1246 1307 881 1219 1350 1350 1350 1350 818 634 1216 1350 1350 1350 1350 1350 1350 1350 1350 1350 1350 1350 1350 1340 1338 1338 1350 1350 1326 1338 1281 1294 1350 1222 1128 1051 1305 799 1133 1288 1350 1350 1350 1332 1350 1350 1350 1350 1312 644 277 578 527 505 484
512 1257 1350 1350 1350 1285 1306 1350 1205 1233 1349 613 400 1190 805 590 793 1137 1211 1270 1013 38 726 1348 816 200 155 117 16 50 968 1232 1340 1041 573 364 1291 1338 1340 1350 1350 1350 1329 1064 897 1063 1350 1350 1350 1350 1350 1350 1350 1350 1350 1350 1348 1202 1336 1187 1044 1325 1350 1350 1350 1350 1350 1350 1213 646 85 503 1174 1348 1350 1350 1350 1350 1350 1350 1350 1229 959 684 480 339 672 487
1098 1236 1282 1350 1350 1350 1350 1350 1349 1340 1350 1300 1319 1338 1070 914 1011 1076 1340 1284 810 132 603 1350 1339 688 450 43 377 635 1320 1350 1287 249 158 706 1346 988 431 799 1022 751 438 995 1341 981 591 1102 1350 1350 1350 1350 1350 1350 1350 1350 1350 1350 1338 1252 1151 1276 1298 1349 1350 1350 1023 1329 1244 1017 172 545 1204 1350 1350 1350 1350 1350 1350 1350 1350 1350 1314 1125 1316 1244 990 742
1111 1238 1240 1350 1350 1350 1350 1350 1348 1330 1350 1350 1338 1314 1319 1241 1081 1186 1311 1338 1209 348 381 1320 1350 1160 1001 538 264 1208 1350 1350 1005 512 486 216 1326 964 20 1 982 1085 974 673 200 334 80 340 1005 1350 1350 1350 1350 1350 1350 1350 1350 1350 1350 1350 1350 1350 1349 1350 872 1314 1350 1243 1350 1105 378 1293 1326 1350 1350 1350 1350 1350 1350 1350 1350 1350 1350 1350 1350 1350 1312 270
1072 1083 1288 1350 1350 1312 1350 1350 1318 1317 1350 1350 1348 1167 1316 1340 1339 1348 1258 1241 1104 761 13 304 447 588 758 1350 1350 1277 1222 1293 1325 622 1110 1341 1350 575 176 315 951 850 261 1035 375 224 1008 1277 270 1298 1350 1350 1350 1350 1350 1350 1350 1350 1350 1350 1348 1334 1334 1245 1319 1193 1316 1350 1350 1174 1106 1305 1298 1350 1350 1350 1350 1350 1350 1350 1350 1350 1338 1350 1350 1350 1077 246
1179 1307 1338 1332 1344 1099 980 1268 1314 1013 1055 1047 1221 1093 1321 1327 1350 1350 1350 1043 716 659 171 0 537 813 1245 1350 1350 1350 1349 1302 1247 886 1154 1248 1271 917 767 857 763 1100 1315 1350 1350 1300 1350 1189 1022 495 1348 1350 1350 1350 1350 1350 1350 1350 1350 1350 1350 1178 1254 1350 1350 1350 1350 1350 1350 1350 1350 1350 1348 1350 1308 1350 1350 1350 1350 1338 1245 1328 1350 1350 1350 1350 1292 402
1023 1350 1350 1305 1302 1027 1093 1006 609 1004 856 887 1179 1168 1340 1332 1219 1240 1306 391 795 1101 1324 983 1282 1267 1350 1350 1350 1350 1350 1350 1236 1137 1291 1332 1025 369 834 797 167 1012 1350 712 657 997 1015 600 853 645 828 1350 1350 1350 1350 1350 1350 1350 1350 1350 1350 1346 1350 1350 1350 1350 1350 1350 1350 1350 1350 1350 1348 1280 441 1121 1350 1350 1350 1301 1350 1350 1305 1350 1350 1350 1229 148
64 422 606 1214 1209 684 390 479 460 254 141 396 397 462 657 754 1103 1138 939 8 12 15 803 671 1200 1350 1350 1350 1350 1350 1350 1286 1327 1180 1348 1209 1034 927 455 155 231 1319 1350 1348 1350 1350 1282 1181 997 976 922 758 1348 1350 1350 1348 1241 1350 1342 982 473 771 1278 1350 1350 1350 1350 1350 1350 1350 1350 1350 1346 1230 1207 1272 1350 1350 1350 1350 1348 1206 1158 1117 927 992 248 395
