data/outputs/Sarzedas de Vasco/2015/resolution_1/CONT_TOTAL_1_80.asc
ncols         18
nrows         18
xllcorner     -8.222016814931
yllcorner      39.947705019877
cellsize       0.000719457280
NODATA_value  -9999
17595 21699 24201 28053 21015 8011 10654 8818 8721 12179 9249 12561 28281 38381 37620 33970 22718 17198
29700 12552 14319 32119 11655 16488 9803 2994 8391 7769 15305 11133 12506 22092 32610 18535 4135 32988
12909 22668 21220 20445 14990 21219 5401 0 36 15670 28316 19301 27157 36309 20010 13373 30860 22884
27360 29793 24530 27784 20738 33676 34088 12346 18155 29661 37911 37947 38148 37958 9952 26874 28729 20491
37887 36349 33446 38354 36272 34899 36753 15156 38350 38345 32960 33682 36911 31869 32613 36151 34660 37999
35444 37869 29722 33365 17716 21352 27853 25091 26580 36922 38012 37118 35066 30415 38376 31892 17566 30459
20201 20459 16507 15869 20307 32800 25496 25290 35179 30998 37149 35052 37433 37471 37622 30643 22546 37016
29801 37449 32268 20829 29473 28831 25609 37245 36144 28753 27926 28346 37107 38183 38203 28525 26550 25833
32922 37698 30584 31195 21693 14846 22570 19723 14923 26497 12321 24234 35711 31966 36156 32819 38363 37929
34079 28908 35094 32629 26623 26812 17576 29150 13601 15576 14353 16761 27352 28925 37066 34256 36515 36624
35431 37917 37209 35345 38263 32607 18227 18293 15717 30145 27140 26999 37578 36648 37104 35179 37522 33318
26250 28944 34225 32386 38150 37183 22708 21013 34863 37796 32163 25001 33918 38400 38359 31435 36066 33305
17893 18124 12317 21793 33347 32412 31669 34677 34063 35958 36652 37422 38104 31988 36604 33417 38113 29895
24778 18494 30638 36984 38259 35012 29853 37474 35512 31218 32507 29529 35027 32258 36164 27180 30128 37955
17619 26801 33564 31298 31046 30336 36457 34609 36447 35847 32802 31087 37825 36634 34015 11211 28676 37310
16343 28131 35725 16377 23064 28098 36186 33054 37611 33628 37505 33522 38355 38033 27493 18009 30641 26268
16481 26794 31272 17623 26560 26176 32130 18161 32715 16878 30209 37951 36167 31350 10843 14502 21027 30686
8300 28850 13913 19429 21258 25899 9501 19604 9580 18745 31196 30665 28483 30939 31191 18684 30670 26805
