data/outputs/Sarzedas de Vasco/2015/resolution_1/CONT_SPEC_1_20.asc
ncols         75
nrows         75
xllcorner     -8.222016814931
yllcorner      39.947705019877
cellsize       0.000179864320
NODATA_value  -9999
[rows 29 to 57 of 75, columns 0 to 65 of 75]
0.0000 0.0000 2.087500 4.401250 2.342500 0.077500 1.716250 1.467500 0.003750 0.0000 0.733750 1.153750 2.2000 1.54500 0.04000 0.102500 0.267500 0.752500 4.33500 5.97000 5.726250 5.732500 6.0000 5.82000 3.3000 5.741250 4.146250 3.07000 4.716250 1.041250 5.216250 6.0000 6.0000 6.0000 6.0000 6.0000 6.0000 5.15000 4.067500 4.492500 6.0000 6.0000 6.0000 5.011250 3.703750 4.26000 5.392500 5.697500 5.71000 5.892500 5.96000 5.546250 6.0000 6.0000 6.0000 6.0000 5.99500 6.0000 6.0000 6.0000 4.991250 4.712500 3.737500 1.916250 0.36000 2.331250
0.0000 0.0000 0.0000 2.832500 4.757500 4.191250 2.571250 2.688750 0.58500 0.0000 0.047500 0.082500 0.851250 0.18000 0.0000 0.0000 0.0000 0.0000 2.092500 5.876250 5.892500 2.426250 1.91500 0.79500 0.841250 2.337500 0.616250 1.972500 1.267500 5.56000 5.352500 6.0000 6.0000 6.0000 6.0000 6.0000 5.632500 4.458750 5.842500 4.607500 4.138750 6.0000 6.0000 6.0000 6.0000 6.0000 6.0000 5.852500 5.91500 5.913750 4.941250 5.703750 6.0000 6.0000 6.0000 5.97000 5.97500 5.94000 6.0000 6.0000 5.897500 5.11000 2.751250 1.521250 1.67000 2.782500
1.728750 1.66000 2.902500 5.347500 6.0000 5.971250 5.537500 4.558750 5.152500 3.917500 2.332500 2.222500 3.298750 0.047500 2.226250 0.277500 0.012500 0.0000 2.866250 5.76500 5.507500 5.291250 2.628750 0.888750 0.042500 0.00500 0.648750 1.816250 4.51500 5.51000 5.99500 5.72500 5.99500 6.0000 5.942500 5.417500 3.302500 0.668750 3.3000 6.0000 4.103750 3.77500 6.0000 6.0000 5.99500 5.75500 5.728750 5.933750 6.0000 5.35000 4.148750 5.938750 6.0000 6.0000 6.0000 6.0000 6.0000 6.0000 6.0000 6.0000 6.0000 6.0000 4.522500 2.808750 5.502500 2.036250
5.48000 5.666250 5.77000 5.968750 5.91500 6.0000 5.97000 5.913750 5.99500 5.94500 5.833750 3.988750 0.948750 3.108750 4.373750 4.746250 4.48000 3.808750 4.141250 5.392500 4.702500 5.277500 5.927500 3.848750 1.283750 3.87500 5.296250 5.91500 6.0000 5.97000 6.0000 6.0000 5.97000 6.0000 5.892500 3.956250 0.79500 3.876250 5.99500 5.54500 6.0000 2.25000 4.67000 4.99500 3.957500 4.072500 5.048750 5.19000 5.918750 5.94500 6.0000 6.0000 6.0000 6.0000 6.0000 5.736250 5.618750 6.0000 6.0000 6.0000 5.94500 6.0000 2.896250 5.312500 5.388750 5.613750
5.382500 5.797500 6.0000 6.0000 6.0000 5.87000 5.97000 6.0000 6.0000 6.0000 5.65000 5.731250 3.27000 2.447500 5.162500 6.0000 6.0000 5.99000 6.0000 5.553750 5.721250 5.846250 5.427500 5.237500 5.93500 5.097500 5.202500 5.99500 5.95000 5.78500 5.99500 6.0000 6.0000 6.0000 6.0000 4.537500 2.161250 5.836250 6.0000 6.0000 6.0000 2.963750 5.406250 3.716250 3.63500 2.293750 4.217500 3.45500 5.672500 5.937500 5.89500 6.0000 6.0000 6.0000 6.0000 6.0000 6.0000 5.917500 6.0000 6.0000 6.0000 5.993750 3.97000 1.44500 4.307500 2.14500
1.683750 3.272500 5.842500 6.0000 6.0000 5.97000 5.94500 6.0000 6.0000 6.0000 6.0000 3.901250 2.207500 2.772500 5.18500 6.0000 6.0000 6.0000 5.831250 5.84000 5.94000 4.468750 2.263750 3.1000 6.0000 5.558750 5.351250 6.0000 5.776250 5.977500 6.0000 5.912500 5.9000 6.0000 6.0000 4.747500 5.331250 5.96500 5.271250 5.83500 5.852500 1.357500 2.938750 3.78500 1.581250 2.718750 5.558750 5.723750 5.961250 6.0000 6.0000 6.0000 6.0000 6.0000 5.872500 5.847500 5.97000 6.0000 6.0000 6.0000 6.0000 4.08500 1.563750 2.77000 4.553750 5.457500
2.097500 5.261250 5.97500 6.0000 6.0000 6.0000 5.92000 5.92500 6.0000 6.0000 4.402500 0.233750 3.988750 5.666250 5.748750 5.82500 5.542500 5.58000 4.282500 5.74000 5.747500 2.85000 0.807500 3.867500 4.421250 4.932500 5.723750 6.0000 4.302500 5.456250 6.0000 5.98500 3.688750 3.47500 5.306250 2.682500 2.912500 5.406250 4.612500 4.561250 5.72500 0.996250 0.002500 1.437500 1.742500 0.833750 4.047500 6.0000 6.0000 6.0000 6.0000 6.0000 6.0000 5.99500 5.887500 6.0000 6.0000 6.0000 6.0000 6.0000 6.0000 5.846250 0.832500 3.513750 5.99500 6.0000
4.21500 6.0000 6.0000 6.0000 6.0000 6.0000 6.0000 5.44500 5.331250 5.886250 5.90500 2.84000 1.548750 3.987500 4.57000 4.818750 5.836250 5.588750 5.448750 5.79500 2.421250 0.7000 2.56500 4.722500 4.886250 4.79000 3.177500 4.332500 4.143750 0.871250 4.032500 4.127500 1.473750 0.036250 1.261250 2.327500 4.543750 4.991250 4.97500 5.16000 4.248750 2.232500 1.572500 3.278750 3.522500 2.266250 4.536250 6.0000 6.0000 6.0000 6.0000 6.0000 5.94500 5.74500 6.0000 6.0000 5.87500 5.97000 6.0000 6.0000 6.0000 5.99500 1.773750 5.438750 5.96500 6.0000
3.542500 5.43000 6.0000 5.94500 5.97000 6.0000 6.0000 6.0000 5.972500 4.908750 3.527500 4.49000 5.693750 5.572500 4.452500 4.246250 3.20500 0.223750 0.652500 0.518750 0.162500 0.027500 0.0000 5.13500 5.046250 4.241250 2.341250 0.398750 1.713750 0.986250 0.327500 0.317500 2.15000 1.266250 0.772500 0.741250 1.472500 3.548750 4.44000 5.79000 4.093750 0.55500 0.037500 2.772500 0.84500 4.387500 5.886250 5.97500 6.0000 6.0000 6.0000 5.971250 5.338750 5.44500 3.44000 2.126250 3.09000 6.0000 6.0000 6.0000 6.0000 5.92000 4.961250 5.957500 5.977500 6.0000
5.48500 5.51500 4.17500 4.662500 5.143750 5.98500 5.97000 5.88500 4.838750 4.586250 5.562500 5.97500 6.0000 5.231250 5.327500 5.31000 3.988750 0.13000 0.013750 1.686250 5.392500 1.176250 0.347500 1.192500 0.75500 1.796250 2.832500 0.75000 0.077500 2.697500 4.45500 3.813750 3.236250 3.976250 2.562500 2.351250 2.327500 2.507500 5.018750 3.973750 0.392500 0.102500 0.74000 2.613750 1.62000 2.983750 3.937500 6.0000 5.712500 5.617500 3.133750 2.842500 5.99500 5.958750 1.822500 2.216250 3.47000 5.98500 6.0000 6.0000 6.0000 6.0000 5.807500 6.0000 6.0000 6.0000
4.581250 4.562500 4.296250 5.323750 3.397500 4.912500 4.131250 4.64500 5.69500 5.387500 3.087500 5.00500 5.89000 6.0000 5.872500 3.147500 4.643750 0.932500 2.056250 2.202500 1.767500 1.18000 3.251250 3.352500 2.007500 2.971250 5.948750 4.543750 2.552500 3.102500 5.886250 5.356250 3.29000 4.572500 1.461250 0.61000 2.081250 2.31500 3.866250 0.896250 1.70500 0.468750 2.236250 5.496250 1.44500 1.256250 3.14000 4.541250 5.968750 4.868750 0.882500 1.076250 3.412500 4.227500 3.972500 5.207500 5.507500 5.97000 6.0000 6.0000 6.0000 6.0000 4.912500 5.94500 6.0000 5.882500
5.03500 5.317500 4.712500 4.562500 5.47500 3.18000 2.25500 5.40500 5.97000 6.0000 5.336250 5.553750 5.99000 5.60500 4.141250 2.247500 1.17000 1.401250 2.356250 4.042500 4.657500 5.752500 5.872500 4.53000 3.653750 1.2000 3.697500 5.026250 5.103750 5.95500 5.686250 3.287500 3.661250 1.298750 2.9000 0.167500 0.936250 3.96500 4.543750 0.331250 0.652500 0.691250 0.65500 6.0000 4.852500 1.826250 1.437500 1.98500 3.78500 5.99000 4.9000 2.291250 4.28500 4.813750 3.35000 3.116250 4.957500 5.87000 6.0000 6.0000 6.0000 6.0000 4.46500 5.737500 6.0000 6.0000
5.7000 5.43000 6.0000 6.0000 5.948750 3.331250 0.887500 5.15000 5.568750 5.593750 5.92000 6.0000 5.46000 5.55500 4.563750 3.837500 5.928750 6.0000 6.0000 5.862500 5.546250 4.017500 5.603750 5.952500 4.338750 0.261250 2.311250 3.681250 4.71000 5.996250 4.628750 4.793750 0.962500 1.907500 1.052500 1.438750 4.156250 1.096250 0.57500 0.76000 0.656250 1.051250 0.452500 2.936250 3.65000 0.392500 0.78500 3.27000 1.36500 4.763750 5.101250 4.223750 5.786250 5.582500 5.47500 4.8000 5.673750 5.47500 5.94500 6.0000 6.0000 6.0000 5.591250 1.35500 3.666250 4.9000
5.7000 5.97500 6.0000 6.0000 5.97500 5.97000 5.60500 6.0000 5.948750 5.586250 5.187500 5.89500 5.761250 5.636250 5.89000 5.97500 5.96500 6.0000 6.0000 5.99500 5.142500 4.403750 3.757500 2.242500 1.442500 0.117500 0.101250 2.637500 5.142500 6.0000 4.15000 0.523750 0.546250 1.492500 4.003750 4.636250 4.076250 3.411250 3.518750 2.41000 0.59000 4.682500 4.25000 3.358750 1.901250 2.601250 4.702500 4.11500 5.821250 5.747500 5.913750 5.681250 5.993750 4.736250 4.002500 3.551250 5.352500 5.913750 6.0000 6.0000 6.0000 6.0000 5.957500 3.676250 5.287500 5.83000
4.903750 6.0000 5.998750 5.948750 5.92500 6.0000 6.0000 6.0000 5.80500 5.536250 5.563750 5.941250 4.063750 5.692500 5.642500 5.79000 5.852500 6.0000 6.0000 6.0000 4.946250 2.388750 2.262500 4.053750 2.256250 0.096250 0.811250 2.151250 4.988750 5.128750 5.818750 2.14000 2.542500 1.282500 1.332500 4.53500 3.018750 5.162500 5.072500 4.702500 3.07500 3.666250 5.341250 2.1000 2.072500 3.19000 5.85000 5.901250 5.92000 5.717500 6.0000 6.0000 5.996250 5.898750 5.63000 4.526250 5.46500 5.362500 5.958750 6.0000 5.963750 5.326250 4.69000 3.402500 5.94500 6.0000
4.29500 5.97000 4.946250 5.331250 5.91000 6.0000 6.0000 6.0000 6.0000 5.917500 5.04500 5.283750 1.856250 5.67000 6.0000 6.0000 6.0000 6.0000 6.0000 6.0000 6.0000 5.187500 5.692500 6.0000 5.062500 3.903750 2.598750 3.452500 4.152500 5.42000 3.28000 1.15500 1.978750 2.981250 2.958750 3.718750 0.482500 5.061250 5.92500 5.881250 5.287500 4.232500 1.512500 0.79000 2.836250 1.203750 5.507500 6.0000 6.0000 5.562500 5.251250 5.59500 5.84000 5.427500 5.76000 5.99000 6.0000 5.99000 5.656250 4.942500 5.59500 5.91500 6.0000 4.866250 6.0000 6.0000
5.29500 6.0000 5.94500 5.298750 5.041250 6.0000 6.0000 6.0000 6.0000 6.0000 6.0000 5.93000 5.75000 5.897500 6.0000 6.0000 6.0000 5.97000 5.93500 6.0000 6.0000 5.652500 5.99500 5.862500 4.387500 2.218750 0.36500 0.012500 2.958750 3.731250 3.527500 2.307500 2.892500 2.312500 3.132500 3.90500 5.15000 5.77000 4.682500 5.726250 4.891250 5.452500 5.886250 5.371250 3.621250 4.368750 3.46000 5.648750 5.99500 5.916250 6.0000 6.0000 5.99500 5.91500 6.0000 6.0000 6.0000 6.0000 6.0000 6.0000 6.0000 5.99500 6.0000 5.02000 6.0000 6.0000
5.317500 5.61000 5.89000 5.827500 6.0000 6.0000 6.0000 5.91500 6.0000 6.0000 6.0000 6.0000 6.0000 6.0000 6.0000 6.0000 6.0000 5.94500 5.95500 6.0000 5.702500 6.0000 5.958750 3.81500 4.972500 5.413750 5.18500 2.68000 0.121250 0.002500 0.061250 0.937500 1.00500 0.852500 1.841250 2.02000 5.611250 2.19000 4.92500 6.0000 4.707500 4.611250 4.948750 5.976250 3.743750 5.407500 4.706250 3.98000 5.986250 6.0000 6.0000 6.0000 6.0000 4.71500 5.92500 6.0000 6.0000 6.0000 6.0000 5.383750 5.948750 5.97000 5.98500 5.27000 5.483750 5.093750
5.7000 5.977500 5.507500 5.88500 5.91000 5.181250 5.88500 5.99000 6.0000 6.0000 6.0000 6.0000 6.0000 6.0000 5.94500 5.792500 5.913750 5.852500 6.0000 6.0000 6.0000 6.0000 5.02000 5.273750 4.832500 1.856250 3.047500 2.783750 1.996250 0.586250 0.012500 1.996250 2.942500 3.45000 3.938750 5.827500 5.722500 5.137500 5.71000 6.0000 5.99500 5.99000 5.83500 3.486250 4.193750 2.07500 1.45500 1.068750 3.95000 6.0000 6.0000 6.0000 6.0000 6.0000 6.0000 6.0000 6.0000 6.0000 6.0000 5.943750 5.70500 5.99500 5.767500 3.857500 2.998750 4.682500
3.937500 3.383750 3.903750 5.557500 4.008750 5.297500 5.277500 5.557500 6.0000 6.0000 6.0000 6.0000 5.631250 5.177500 5.89000 5.88000 5.638750 6.0000 6.0000 6.0000 6.0000 5.97000 5.99500 5.871250 5.888750 1.916250 1.116250 4.92000 2.48500 1.063750 2.602500 4.011250 5.153750 5.94500 6.0000 5.97000 5.93500 6.0000 6.0000 6.0000 5.952500 6.0000 3.723750 1.897500 4.412500 5.43000 1.846250 0.752500 3.826250 4.783750 6.0000 6.0000 6.0000 6.0000 6.0000 6.0000 6.0000 6.0000 6.0000 5.952500 5.58000 5.913750 4.748750 2.52500 5.062500 5.83000
3.36000 3.06500 3.25500 1.133750 1.723750 3.672500 4.43000 4.988750 5.24500 6.0000 6.0000 3.97500 2.143750 4.312500 6.0000 6.0000 6.0000 6.0000 6.0000 6.0000 6.0000 5.94500 6.0000 5.733750 4.62500 3.092500 2.033750 3.396250 4.742500 3.766250 4.366250 5.778750 5.958750 6.0000 6.0000 5.97000 5.98500 6.0000 6.0000 6.0000 5.49500 5.61000 5.562500 1.768750 2.45000 5.99500 4.976250 4.742500 4.926250 5.672500 5.262500 6.0000 6.0000 6.0000 6.0000 6.0000 6.0000 6.0000 6.0000 6.0000 6.0000 5.92000 4.596250 3.883750 5.99500 6.0000
5.617500 4.081250 3.87500 1.383750 2.298750 2.428750 4.061250 5.648750 4.228750 3.938750 5.47000 2.70500 0.0000 4.493750 5.788750 5.908750 5.97000 6.0000 6.0000 6.0000 6.0000 5.99500 5.15500 5.998750 5.621250 3.832500 2.607500 5.198750 4.30500 4.807500 4.34000 5.672500 6.0000 6.0000 6.0000 6.0000 6.0000 6.0000 6.0000 6.0000 6.0000 6.0000 6.0000 5.09000 5.267500 5.882500 5.978750 5.976250 4.218750 5.99500 5.231250 4.927500 6.0000 6.0000 6.0000 6.0000 6.0000 6.0000 6.0000 6.0000 6.0000 5.43500 2.34500 4.313750 5.843750 6.0000
3.076250 2.788750 0.798750 1.83000 2.37500 2.87000 4.46500 4.743750 5.883750 2.726250 1.367500 0.158750 1.096250 5.837500 5.158750 3.84000 4.91500 5.908750 6.0000 6.0000 6.0000 5.79000 5.132500 5.828750 5.546250 5.94000 6.0000 5.831250 4.951250 3.661250 5.568750 4.23000 5.247500 6.0000 6.0000 6.0000 6.0000 6.0000 6.0000 6.0000 6.0000 6.0000 6.0000 6.0000 6.0000 6.0000 6.0000 6.0000 6.0000 5.97500 6.0000 5.94500 3.723750 3.95000 6.0000 5.232500 4.596250 6.0000 6.0000 6.0000 5.882500 5.826250 3.148750 5.341250 5.847500 6.0000
4.203750 3.156250 1.77500 3.238750 4.056250 3.271250 0.91500 2.673750 2.341250 3.267500 0.0000 0.0000 3.36000 5.518750 3.266250 2.08000 4.60500 3.746250 5.88000 6.0000 5.516250 3.94000 3.018750 4.208750 3.766250 4.213750 5.15500 5.316250 4.94500 5.852500 5.811250 4.873750 3.736250 3.748750 6.0000 6.0000 6.0000 5.97500 5.99500 5.86500 5.62500 6.0000 6.0000 6.0000 6.0000 6.0000 5.97000 5.72000 5.92500 5.99500 6.0000 6.0000 5.71500 5.248750 5.246250 4.543750 3.518750 5.833750 6.0000 6.0000 6.0000 4.572500 3.692500 5.212500 5.743750 6.0000
2.35000 1.933750 3.988750 5.368750 2.748750 0.718750 2.427500 2.162500 4.781250 2.068750 0.0000 0.12000 5.04000 3.931250 3.976250 2.183750 2.777500 3.571250 5.98500 6.0000 5.108750 2.412500 5.68000 5.938750 5.846250 4.732500 5.462500 5.488750 5.98500 5.948750 5.776250 5.86500 3.99500 3.32500 6.0000 5.762500 5.947500 5.442500 4.902500 4.743750 5.257500 5.73500 5.098750 5.38000 5.521250 5.817500 5.946250 6.0000 5.86000 6.0000 6.0000 6.0000 5.94500 4.346250 5.072500 4.177500 6.0000 6.0000 5.71500 6.0000 6.0000 4.17500 6.0000 6.0000 5.99000 6.0000
1.33500 1.302500 3.43500 4.15000 2.221250 2.36500 4.031250 3.26500 4.206250 1.04000 0.426250 2.403750 4.01000 1.873750 1.95000 1.36000 4.09000 5.887500 6.0000 6.0000 5.79000 5.652500 5.74500 5.267500 3.391250 2.23500 4.737500 5.508750 5.75500 5.773750 5.758750 5.93500 5.96500 5.518750 5.942500 5.91500 5.862500 5.432500 4.431250 5.297500 6.0000 5.923750 5.761250 4.847500 5.813750 5.697500 5.12000 5.948750 5.96500 6.0000 5.65500 5.94000 5.907500 4.8000 4.648750 5.411250 5.90500 5.98500 5.95500 6.0000 5.908750 3.82500 5.956250 6.0000 6.0000 6.0000
1.316250 2.472500 1.872500 2.18500 2.87500 3.147500 1.718750 3.211250 2.141250 4.747500 5.907500 5.97000 5.978750 5.356250 4.93500 5.12500 5.836250 6.0000 6.0000 6.0000 5.732500 4.242500 4.228750 4.386250 3.97000 1.291250 2.006250 3.277500 5.392500 5.793750 5.566250 5.773750 5.09000 5.681250 5.928750 5.9000 5.34000 4.286250 5.537500 5.86500 6.0000 6.0000 5.873750 5.28500 4.18000 5.14500 5.19000 5.99500 6.0000 5.857500 5.91500 5.96500 5.857500 4.56500 4.70500 5.892500 6.0000 5.807500 5.15500 4.52500 3.693750 3.016250 2.343750 5.926250 6.0000 5.827500
2.97000 2.953750 0.838750 1.967500 2.086250 2.386250 1.887500 2.761250 5.12500 5.99500 5.94000 6.0000 5.842500 6.0000 6.0000 5.97000 6.0000 6.0000 6.0000 6.0000 5.87000 5.887500 5.77000 5.90500 4.483750 5.008750 4.33000 3.986250 5.863750 5.882500 5.721250 5.781250 5.638750 5.47000 5.581250 5.347500 5.87500 3.507500 2.916250 5.566250 6.0000 6.0000 5.88000 5.37500 4.62500 5.971250 5.671250 6.0000 6.0000 6.0000 5.95500 5.977500 4.956250 2.736250 3.02500 5.912500 5.952500 6.0000 6.0000 6.0000 6.0000 5.871250 3.957500 3.571250 4.612500 5.801250
5.45500 5.92000 5.822500 5.338750 5.873750 3.162500 0.58500 0.273750 2.816250 5.981250 6.0000 5.98500 6.0000 6.0000 6.0000 5.99500 5.95000 6.0000 6.0000 5.89000 5.83500 5.84500 5.97000 6.0000 5.68000 5.54500 5.527500 5.52500 6.0000 6.0000 5.97000 5.968750 5.953750 5.972500 5.94500 5.458750 5.807500 2.562500 3.647500 5.95000 5.90500 3.57000 3.803750 4.736250 5.08000 4.522500 5.82000 6.0000 6.0000 5.548750 4.907500 5.15000 5.57000 4.953750 4.95000 5.752500 4.602500 6.0000 6.0000 5.832500 4.136250 4.976250 5.97000 5.643750 3.308750 2.617500
