data/outputs/Figueira/2015/resolution_1/CONT_TOTAL_1_10.asc
ncols         150
nrows         150
xllcorner     -8.238677953804
yllcorner      39.915521016488
cellsize       0.000089932160
NODATA_value  -9999
[rows 48 to 95 of 150, columns 0 to 95 of 150]
339 527 600 600 600 600 590 600 600 570 472 446 536 534 583 600 547 584 600 600 600 592 537 419 600 600 528 600 600 600 509 572 445 100 17 367 590 456 594 600 255 204 363 112 0 0 234 33 40 498 64 96 104 529 588 469 241 167 4 0 0 0 0 0 11 0 66 197 422 568 543 542 600 600 600 543 169 78 7 86 280 333 600 600 587 594 600 426 385 600 600 413 12 2 8 285
517 257 477 396 600 594 122 299 394 381 61 334 509 279 583 600 600 600 600 600 546 249 14 134 533 600 600 422 431 366 13 506 507 26 11 15 95 107 578 576 576 566 487 2 0 0 111 24 164 132 163 113 447 505 600 590 474 367 264 100 1 14 0 0 0 0 0 0 74 291 587 568 600 433 79 8 0 0 0 0 7 382 563 600 575 546 600 600 600 600 600 507 327 209 416 554
540 485 540 220 79 93 75 19 175 131 89 128 229 439 600 600 600 600 600 600 543 493 553 599 600 562 331 113 6 1 223 335 41 0 78 3 46 544 600 600 600 600 237 0 0 0 52 27 0 40 0 0 5 192 499 366 27 534 600 595 414 176 37 10 17 0 0 0 0 0 116 289 427 177 0 0 0 0 6 5 0 2 196 464 598 600 600 600 582 600 600 394 14 513 249 258
460 429 112 91 0 0 1 34 102 160 180 31 0 28 528 600 590 600 600 600 600 600 600 600 376 50 95 556 270 297 600 213 2 19 167 308 7 445 600 600 598 355 7 2 169 58 0 0 0 0 0 32 1 19 45 397 525 600 600 591 546 600 327 210 244 40 2 12 0 0 0 0 0 27 212 150 6 0 0 7 3 0 3 30 150 266 478 544 578 600 517 17 102 600 592 563
2 5 0 0 0 0 32 273 137 6 246 78 0 0 228 600 564 228 599 590 600 600 571 327 59 0 380 590 533 411 184 16 2 78 221 324 77 71 538 325 119 9 0 44 354 102 168 0 39 146 58 49 7 0 139 192 323 488 600 375 513 600 592 550 600 517 308 123 82 66 96 0 0 0 0 0 0 0 0 0 0 3 0 6 2 0 129 92 544 600 153 172 526 600 600 600
0 0 0 0 0 0 78 408 544 316 19 0 0 0 57 492 598 491 466 594 600 465 134 27 9 139 543 113 598 316 299 1 180 50 212 221 224 220 79 7 0 0 0 0 1 38 70 0 0 0 0 65 97 204 486 414 0 7 330 491 590 561 549 544 600 600 600 481 269 339 351 18 0 0 0 0 0 0 0 0 0 9 80 37 0 0 42 153 285 588 261 499 600 600 600 506
0 0 0 0 0 0 0 38 218 559 192 12 0 38 293 593 568 159 409 559 600 600 440 0 101 104 513 271 325 574 211 0 314 63 64 91 283 541 141 0 0 2 0 170 0 0 125 175 159 56 9 54 2 26 22 73 170 0 127 535 588 426 508 598 600 600 600 599 390 383 274 31 0 0 0 0 0 0 0 0 0 0 1 9 45 233 348 206 361 600 533 378 595 600 538 184
63 0 0 0 0 6 237 490 404 66 416 304 66 335 567 600 508 7 137 224 553 372 131 0 0 229 600 573 291 399 169 0 105 238 389 242 472 600 541 287 27 198 214 255 178 85 0 0 0 0 3 3 0 6 286 451 196 1 0 151 600 600 600 600 600 600 600 600 600 600 596 371 0 0 138 0 0 0 0 0 0 0 0 0 0 0 40 54 175 543 600 475 214 590 502 319
84 0 0 0 0 326 382 417 522 201 419 383 585 503 253 536 262 0 95 59 0 0 0 0 74 590 600 600 480 349 62 18 418 600 600 574 600 595 269 582 401 106 41 352 587 292 0 0 0 32 281 34 0 2 0 145 12 2 4 335 524 556 467 566 299 433 567 592 600 600 236 20 163 19 19 0 0 0 0 0 0 0 43 45 0 0 0 0 0 13 97 334 306 487 345 361
213 0 0 48 34 342 600 589 600 600 600 528 465 600 593 600 305 0 2 0 112 3 0 55 205 583 600 600 600 600 399 567 600 600 600 600 600 347 0 176 588 269 17 114 472 566 375 46 26 279 115 3 2 3 0 0 0 0 0 9 174 545 418 445 0 7 39 54 582 424 499 193 456 66 0 0 0 0 0 0 18 120 363 124 150 215 0 2 0 0 0 0 0 18 0 72
166 0 6 39 57 169 315 583 600 600 600 600 600 600 600 600 326 0 19 64 534 416 484 594 600 600 600 549 600 580 439 600 600 600 600 600 600 175 0 306 499 409 552 199 17 334 129 16 446 423 76 10 44 119 0 0 131 102 0 0 42 557 600 196 0 98 300 535 557 77 243 377 600 431 12 0 0 0 0 0 165 469 186 61 375 597 301 472 40 1 6 58 1 26 0 0
224 269 95 0 0 0 382 494 599 600 600 600 600 600 600 600 597 429 525 600 600 600 600 600 600 600 600 598 588 321 561 600 600 600 347 236 519 154 24 538 600 586 274 11 0 0 1 95 553 599 324 428 151 0 0 4 10 31 0 0 164 477 593 47 0 76 45 488 600 154 107 582 600 600 459 84 10 0 7 232 541 600 544 425 600 562 184 473 283 448 124 45 0 71 16 2
139 9 232 223 0 0 13 249 536 595 600 600 600 600 600 600 600 600 600 600 600 582 600 600 600 600 600 362 485 65 557 600 600 494 514 576 590 292 97 589 590 576 245 0 0 107 71 159 320 525 336 577 30 13 59 6 32 0 4 337 382 15 250 42 61 38 43 21 314 217 538 579 600 600 600 572 423 280 153 462 372 189 368 411 240 289 15 331 511 258 29 214 228 457 566 514
387 265 325 260 97 332 334 322 539 590 600 600 600 600 600 586 590 600 600 600 600 371 541 460 600 600 538 129 184 0 521 495 550 535 384 537 503 54 280 600 580 600 363 486 478 547 437 9 317 307 261 448 317 416 523 34 1 35 343 292 135 262 8 7 30 0 30 84 387 513 600 600 600 600 600 469 146 173 250 339 393 411 445 388 202 28 0 68 127 1 106 138 597 600 389 598
185 431 582 556 600 600 600 600 600 600 600 600 600 600 600 582 578 600 600 600 600 444 203 58 403 540 455 138 242 226 547 413 520 394 189 112 448 256 413 592 391 596 569 600 552 250 177 42 46 321 290 586 552 418 324 401 287 563 244 257 554 130 17 0 0 0 0 7 258 600 600 598 526 516 152 281 533 600 600 600 600 600 600 600 506 49 332 0 2 150 74 314 521 399 366 412
425 586 600 600 600 600 600 600 596 600 600 600 600 600 543 598 600 584 600 600 600 351 10 0 93 261 325 2 42 392 426 125 556 257 76 420 363 341 570 232 122 63 217 418 444 244 6 216 366 0 103 547 350 101 144 311 541 337 462 203 38 0 0 0 0 0 0 0 0 425 600 600 446 198 530 600 600 600 600 600 600 600 600 600 600 338 485 271 262 341 469 262 122 125 245 470
527 570 600 600 600 600 527 280 144 589 600 600 600 594 258 600 600 428 599 600 558 406 75 131 138 287 427 311 62 541 446 272 201 35 365 299 275 600 571 216 81 0 85 216 245 589 169 154 0 0 0 41 29 2 127 208 406 432 174 100 107 6 0 124 108 45 0 0 0 168 182 262 202 588 600 600 600 600 600 600 600 430 542 503 600 600 600 600 600 600 600 527 577 554 519 433
422 582 600 600 600 591 193 10 2 472 600 600 600 600 378 416 536 311 362 269 255 136 159 290 370 488 305 361 125 404 308 159 24 0 0 17 555 361 208 598 261 124 0 45 496 465 600 553 258 141 425 178 0 45 227 407 92 0 16 0 21 34 0 228 331 0 68 272 26 41 41 278 582 600 600 600 600 600 600 600 600 487 199 450 600 600 600 600 600 600 600 600 600 530 593 89
515 600 600 600 509 150 2 0 0 435 600 600 600 600 138 49 14 0 9 324 471 503 315 303 459 387 367 509 369 71 0 64 139 268 11 3 149 337 353 297 490 133 23 107 480 258 372 279 50 440 533 587 84 0 25 67 148 21 0 0 108 512 8 35 143 21 329 573 201 92 443 331 171 592 598 600 600 600 600 600 600 244 121 555 440 598 600 600 600 600 548 599 600 600 600 261
528 600 600 600 404 306 11 0 0 333 600 600 600 600 156 34 4 2 0 196 466 381 213 289 172 427 396 340 186 266 19 264 276 23 0 82 58 379 600 429 392 262 359 222 144 33 0 62 126 137 111 173 0 165 238 0 108 8 0 0 0 49 69 174 294 4 72 16 133 597 600 429 306 129 100 458 600 600 600 600 386 86 441 557 349 574 600 600 600 600 509 600 600 600 600 591
540 580 407 358 179 26 8 36 128 436 600 600 600 588 542 371 29 0 0 0 307 442 89 67 43 12 125 222 92 142 0 110 151 61 146 61 445 332 429 231 13 49 490 274 460 343 312 399 198 400 282 375 555 564 462 0 0 0 0 0 0 52 343 436 254 242 242 430 409 600 600 600 500 259 140 38 520 600 600 600 161 48 247 590 575 504 590 600 600 600 600 600 584 600 588 591
540 379 125 50 0 0 87 112 85 351 600 600 600 538 408 168 195 0 0 0 14 53 0 0 1 3 11 20 4 234 0 307 239 89 0 161 155 97 139 310 362 466 555 600 600 600 600 600 202 354 246 447 210 186 117 2 0 59 62 14 110 43 181 417 100 382 51 382 600 600 600 600 600 600 568 259 478 600 600 550 442 295 502 234 43 465 589 600 600 600 600 509 245 530 429 245
448 374 70 0 3 285 186 43 200 359 600 600 600 570 475 0 0 0 38 38 46 7 0 0 0 0 8 39 0 29 42 417 219 571 115 295 345 0 0 355 600 600 600 600 600 600 600 396 257 187 137 105 203 590 482 303 56 11 242 39 120 151 4 1 146 95 0 389 600 600 600 600 600 600 599 411 584 600 600 600 365 293 578 142 302 569 597 600 600 600 588 412 476 320 566 355
298 60 0 0 55 565 498 386 36 400 600 600 562 592 376 37 162 0 0 9 223 19 0 0 0 0 32 3 3 403 594 600 598 600 504 154 249 2 0 56 572 600 600 600 593 493 516 30 0 11 63 0 0 69 393 48 10 56 89 66 19 368 61 11 309 61 235 453 600 600 600 544 357 445 600 574 569 600 600 600 600 496 413 469 269 267 542 539 600 600 600 600 600 541 402 536
135 58 23 0 0 308 586 598 343 482 596 600 484 119 330 480 403 2 57 29 0 0 0 0 17 317 376 44 156 510 600 600 581 479 338 575 567 258 230 276 557 418 248 412 460 514 543 307 27 102 104 256 0 0 53 42 0 0 197 122 0 2 31 215 40 419 568 600 600 600 600 600 463 10 526 582 555 511 307 258 444 598 592 588 572 570 569 578 600 600 590 600 600 577 256 7
92 70 307 151 2 0 342 576 450 450 598 390 239 0 357 174 68 250 19 7 233 91 0 0 381 548 491 263 323 600 600 488 27 0 0 186 367 260 345 219 317 342 145 14 0 188 144 36 0 41 26 0 0 0 0 0 0 107 557 403 75 8 80 108 470 310 236 482 587 596 600 600 456 163 113 533 146 0 0 0 130 301 483 600 600 552 133 523 600 600 598 600 600 509 312 113
313 231 226 54 2 0 56 405 103 482 335 0 2 3 2 198 183 248 52 151 358 471 376 245 396 600 564 600 600 600 600 325 73 7 0 0 0 0 17 114 340 231 58 45 0 0 0 0 0 58 17 0 0 0 7 0 0 3 41 492 215 0 202 512 203 97 42 172 405 544 397 427 247 2 0 143 63 43 15 0 0 23 222 600 600 527 212 426 600 600 600 600 600 424 221 96
431 139 214 526 73 21 0 21 102 113 414 101 0 1 0 261 485 375 304 544 600 591 581 600 600 600 600 548 528 600 600 600 587 42 0 0 80 0 0 0 5 51 0 21 0 0 0 0 0 0 0 0 0 0 13 162 0 0 0 271 120 0 260 346 489 491 29 162 539 284 196 2 23 82 0 11 11 0 0 0 173 520 600 599 600 600 566 600 600 600 492 379 358 256 73 0
360 496 92 465 175 0 126 316 508 272 533 163 55 372 473 515 361 569 511 600 600 600 600 600 581 587 600 398 463 595 592 600 457 16 0 22 39 0 0 0 0 5 0 0 0 2 155 0 0 10 425 36 0 212 87 160 31 171 19 294 244 47 193 132 273 229 312 192 63 21 22 32 10 11 9 102 3 47 199 11 1 428 600 430 270 423 374 439 363 293 20 8 22 154 95 0
185 321 199 54 373 137 325 588 500 154 177 28 558 459 236 552 597 487 419 600 600 600 576 600 600 600 596 492 552 94 21 266 582 23 0 111 154 0 55 199 0 0 0 51 247 267 116 0 0 45 289 28 0 2 29 157 33 376 117 99 162 13 81 7 2 4 18 0 0 0 0 0 0 0 0 0 0 0 272 99 1 167 545 596 432 169 0 52 13 0 3 400 557 590 464 44
3 0 12 272 271 332 102 142 152 230 396 407 577 598 600 600 381 141 488 600 506 281 587 567 600 600 426 393 600 152 0 0 114 0 156 0 45 47 46 64 2 0 0 140 144 234 21 10 0 26 248 69 12 13 9 0 0 16 162 177 0 0 0 0 0 9 18 0 0 69 3 6 23 2 0 0 1 0 0 0 0 34 467 600 600 541 236 93 53 0 52 119 93 499 457 24
0 1 9 0 12 0 420 462 478 397 321 406 409 554 580 600 314 334 49 96 138 310 588 565 457 482 191 88 334 0 113 260 0 0 24 70 211 32 145 0 0 0 39 49 0 0 28 125 0 173 395 2 94 0 0 0 0 12 8 22 39 0 0 0 0 0 0 0 0 213 295 208 67 0 0 0 0 0 0 0 0 10 317 512 483 460 360 0 0 0 82 5 0 0 0 0
0 0 0 0 2 0 2 0 16 5 100 63 3 15 39 134 76 86 0 75 381 600 517 572 231 157 27 75 51 37 11 54 0 3 0 0 0 0 133 233 14 140 264 306 415 122 0 0 68 292 164 7 0 0 0 0 0 0 2 0 11 0 0 0 0 62 0 0 0 0 7 11 59 25 0 0 0 24 0 0 0 0 0 99 54 0 0 0 0 0 0 0 66 280 94 0
5 256 19 0 0 0 0 0 13 0 114 66 0 53 5 52 123 271 373 132 195 86 16 216 106 170 4 2 219 79 6 274 14 0 0 0 0 115 595 372 50 504 600 600 469 20 0 66 0 0 0 157 123 0 0 0 89 6 0 11 241 135 18 70 97 0 0 0 0 0 0 14 159 90 41 130 33 253 13 93 38 145 0 0 2 0 0 164 71 191 0 0 48 482 367 79
430 173 460 8 0 34 164 14 15 7 0 0 111 421 153 17 257 485 413 0 0 0 0 10 0 3 67 236 246 262 35 424 260 35 13 396 327 359 275 304 386 600 600 479 36 0 0 217 246 24 41 584 523 339 36 0 55 96 30 189 563 381 15 0 0 0 0 0 0 0 66 55 49 303 469 271 439 269 68 148 0 2 0 183 58 0 0 187 306 65 0 0 7 3 10 514
540 398 191 24 0 0 175 118 84 49 66 132 381 493 270 86 178 44 50 0 0 18 77 430 454 412 297 22 84 520 407 586 600 108 224 600 598 470 386 154 596 600 600 510 386 285 402 583 600 514 420 446 410 325 472 487 283 117 25 107 48 427 70 0 0 0 0 0 133 277 297 139 146 434 365 347 86 10 169 142 0 0 0 131 4 0 0 52 505 218 0 0 35 132 16 206
540 575 85 0 0 0 0 0 39 128 383 466 591 320 179 472 573 546 468 212 0 13 3 15 281 504 596 518 594 600 600 600 600 334 466 598 500 567 336 543 600 600 588 600 600 525 334 447 569 363 232 221 223 600 600 600 600 442 213 42 0 0 144 152 278 3 106 319 271 46 210 498 349 58 197 394 78 0 81 233 278 176 133 219 439 268 269 21 563 87 0 0 27 142 78 14
284 241 186 0 0 0 204 148 188 326 323 412 410 216 598 600 600 600 522 546 111 145 84 308 421 445 579 600 600 600 600 600 600 600 600 600 600 600 600 600 554 600 600 600 600 587 590 600 588 600 598 559 438 600 578 600 600 600 285 0 0 1 198 25 18 1 70 316 399 16 16 481 501 377 257 352 4 0 152 320 324 554 567 559 547 492 434 23 507 119 0 0 0 5 0 0
154 25 95 2 0 0 13 34 84 197 248 323 127 503 600 600 600 600 600 516 76 380 427 275 59 16 547 600 600 600 600 600 600 600 600 600 600 600 600 600 600 600 600 600 600 600 600 600 600 600 571 545 542 600 587 600 584 427 0 0 0 286 576 369 232 48 160 282 208 104 269 272 508 447 423 500 35 64 115 19 146 598 586 505 531 574 600 591 378 3 2 5 26 57 0 0
110 124 188 128 0 0 0 0 0 61 65 0 68 466 598 600 600 600 600 299 321 414 59 0 0 0 401 600 600 600 600 600 600 600 600 600 600 600 588 600 600 600 578 600 600 600 600 600 600 577 548 352 559 401 263 219 50 24 94 207 61 511 594 600 581 78 229 559 600 505 525 530 180 299 294 291 105 147 131 76 155 590 600 600 596 578 600 600 588 363 65 36 38 0 0 0
188 164 144 32 0 0 0 0 0 80 52 0 24 12 215 600 580 576 600 361 420 598 309 1 0 3 198 600 600 600 600 600 600 600 578 600 512 557 600 600 586 397 235 577 578 535 600 600 518 586 600 118 16 0 0 36 12 50 12 78 192 119 350 569 344 143 68 571 600 600 562 318 0 0 8 7 114 143 96 9 14 555 600 600 600 600 600 260 416 600 472 157 83 0 6 0
2 0 0 1 0 0 0 0 0 22 358 0 149 41 427 490 335 531 568 115 544 566 403 212 211 469 555 454 252 576 600 600 600 573 600 600 586 407 588 589 145 3 36 224 125 417 295 277 400 531 600 520 192 166 123 146 70 14 106 170 121 11 1 121 60 329 185 103 360 511 477 27 0 0 0 0 96 237 12 0 0 511 600 600 600 600 600 499 471 600 484 148 15 5 11 226
6 0 7 3 0 0 5 9 0 3 174 279 5 287 213 346 301 75 3 2 518 505 596 585 476 80 354 277 159 439 555 560 599 439 568 580 578 576 512 375 103 12 7 41 2 150 118 486 600 600 600 553 240 68 210 18 165 468 150 0 0 4 1 0 0 19 514 408 121 0 0 0 0 0 0 0 157 508 284 74 0 493 600 600 600 600 600 600 600 600 537 418 132 260 320 291
24 0 0 6 0 3 104 61 107 3 0 64 50 31 2 21 14 99 349 112 389 543 600 598 461 0 0 53 395 540 447 598 564 322 471 594 451 546 171 81 0 75 45 106 50 13 300 569 520 600 600 589 598 362 542 458 203 283 0 0 0 97 402 225 0 0 49 44 7 0 0 0 0 0 75 57 0 16 211 448 482 600 600 600 600 600 600 600 600 600 499 305 310 218 226 134
160 0 0 186 106 130 442 420 522 141 8 0 0 21 4 6 62 417 120 284 385 549 598 378 213 0 0 184 530 518 594 588 573 600 600 426 194 337 215 10 3 17 25 2 6 183 518 600 597 600 600 600 600 600 577 539 76 3 0 2 206 498 588 365 158 0 0 0 0 0 0 0 0 53 298 120 0 0 0 0 29 116 412 573 600 600 600 600 600 600 600 600 600 445 480 163
12 116 39 0 328 521 524 382 517 372 67 6 0 0 0 88 436 243 2 37 194 342 284 138 40 9 0 313 540 582 588 560 358 476 597 91 457 85 170 110 3 12 76 59 29 435 600 600 596 600 600 590 565 282 472 281 26 0 185 316 436 525 474 509 301 4 0 2 0 0 353 223 343 548 154 60 0 0 48 29 0 0 1 34 152 332 586 600 600 600 600 600 600 270 185 8
42 312 101 17 581 566 278 522 594 116 0 5 32 10 0 17 340 404 150 155 57 176 51 44 0 0 49 475 574 324 429 324 0 170 224 84 215 11 15 7 0 0 94 214 477 599 600 600 483 453 439 522 388 3 0 6 2 0 229 514 492 600 600 386 31 85 96 44 347 257 438 455 585 600 600 436 1 0 0 0 0 175 454 462 255 56 66 198 452 593 600 600 600 411 175 0
21 0 0 108 484 594 424 394 516 206 100 35 206 72 29 5 146 590 477 189 243 224 220 9 0 0 208 325 166 513 434 250 3 19 95 411 196 0 0 0 0 0 18 579 600 600 600 600 293 190 263 149 59 19 54 0 0 0 0 161 534 600 600 485 71 236 152 385 227 101 72 534 600 600 600 595 302 0 0 0 0 106 453 600 589 583 212 115 0 100 341 536 576 330 472 0
