data/outputs/Figueira/2015/resolution_1/CONT_SPEC_1_30.asc
ncols         50
nrows         50
xllcorner     -8.238677953804
yllcorner      39.915521016488
cellsize       0.000269796480
NODATA_value  -9999
[rows 0 to 35 of 50, columns 0 to 49 of 50]
2.54000 3.828333 5.533889 2.94500 0.435555 3.001667 3.766667 2.791111 3.03500 4.956667 2.8000 0.568333 0.436111 0.0000 0.0000 0.0000 2.260556 4.235556 1.494444 1.593889 0.868333 5.464444 5.338889 0.640555 1.253333 5.068889 5.560556 4.7000 5.580556 2.340556 3.036111 3.866111 3.620556 4.558889 5.392778 1.307778 0.0000 0.0000 0.303333 1.898889 4.557778 4.876111 3.969444 0.33000 0.183333 2.390556 4.746111 2.788889 1.091111 0.061111
1.98000 2.611111 4.643333 4.48000 2.472778 4.213333 5.904444 2.623889 3.95000 4.943889 3.451667 2.293889 0.444444 0.38000 0.0000 0.0000 2.783333 3.742222 0.0000 0.82500 2.952778 5.632222 4.051111 0.0000 0.583888 3.48000 5.81000 5.871667 3.817778 3.601667 5.596667 2.248889 2.123333 3.246667 1.229444 1.242222 0.0000 0.0000 0.912777 4.732222 5.502778 2.255556 5.632222 3.252778 1.187778 0.950555 4.980556 4.61500 0.790555 0.011111
2.63500 4.9000 5.935556 2.636667 2.890556 5.794444 3.491667 2.029444 5.528333 3.626111 2.851667 1.362222 4.436111 0.245555 0.011111 0.827777 2.554444 0.4000 0.72500 1.462222 4.688889 3.831667 0.41000 0.758333 2.292778 2.266111 5.307222 5.973333 4.681667 2.463889 2.547778 1.247222 2.126111 3.689444 1.642778 2.297778 1.739444 0.664444 1.687222 3.93000 3.151667 3.847778 2.913333 4.079444 5.506111 2.422778 2.411667 2.317222 5.007222 2.175556
3.902778 5.226111 1.647222 2.269444 3.87000 3.190556 1.064444 0.966666 4.156111 4.760556 4.374444 0.410555 2.395556 1.31000 0.0000 0.0000 0.677777 0.123888 0.227777 0.0000 0.160555 0.063888 0.063333 5.328333 5.001111 5.646111 5.987778 5.986667 6.0000 5.021667 2.648889 2.53500 5.505556 5.437222 4.176667 3.280556 3.856667 2.971667 1.390556 0.091111 1.463889 1.459444 2.635556 0.752777 0.723888 3.902222 5.827778 5.928889 5.908889 5.695556
4.008889 4.095556 0.622222 0.602777 4.985556 2.221111 1.39000 0.66500 0.139444 0.388888 4.936667 2.75000 0.006666 1.452778 0.0000 0.196666 1.431667 1.094444 0.031111 0.0000 1.375556 1.533333 0.674444 1.132222 4.343889 5.773333 6.0000 5.247778 5.622778 5.571111 5.984444 5.901111 5.791111 6.0000 4.970556 3.279444 5.315556 5.177222 1.915556 2.304444 3.750556 3.985556 5.552778 5.676111 5.685556 3.686111 4.986667 3.913889 3.192778 3.338889
2.973889 1.002222 0.042222 0.072222 2.326111 5.17500 0.363888 1.813333 1.120556 3.878333 5.505556 4.428333 1.483889 0.145555 0.139444 0.057777 1.517778 2.388889 0.136111 2.309444 0.816666 1.582222 3.207778 2.275556 4.973333 5.676667 5.997778 5.082222 2.087222 1.912778 4.634444 5.691111 5.815556 6.0000 5.993333 4.979444 4.269444 4.268889 3.493889 3.092778 4.464444 5.393333 5.981667 6.0000 6.0000 3.349444 1.439444 0.055555 0.460555 0.472777
3.41000 0.868333 0.117222 0.634444 3.15000 1.404444 0.820555 3.259444 5.8000 5.77000 4.683889 2.298889 3.447222 2.118889 2.260556 3.212778 0.476666 0.920555 3.863333 4.898333 2.003889 1.597778 2.166667 5.551111 5.401111 5.85000 6.0000 5.823333 4.067222 1.148889 2.131111 2.558889 5.55500 6.0000 5.590556 3.576111 5.057222 5.957778 5.38000 1.826111 2.601111 3.42000 5.844444 6.0000 5.893333 3.776667 1.457778 0.001111 0.074444 0.578333
4.176111 3.744444 1.323333 0.327777 1.841667 0.935555 1.593333 0.697777 2.446667 3.312778 1.613889 1.924444 2.637778 5.512222 1.982778 3.25000 2.083889 0.806666 3.132778 4.183333 5.454444 2.391111 0.536666 1.877222 4.922222 5.474444 6.0000 5.518333 2.810556 4.957778 4.583889 0.26000 4.901667 5.973333 5.92500 5.337222 5.896667 5.884444 4.012778 5.685556 4.600556 3.663889 4.703889 5.816111 5.037778 3.708889 1.957778 0.634444 0.331111 0.91500
2.132222 2.138889 2.185556 2.637778 0.132222 0.741111 2.89000 5.146667 1.541667 1.112222 2.467222 3.173333 4.126111 5.787778 5.230556 2.77000 3.839444 4.532222 5.877222 4.86000 2.412222 0.002222 0.0000 0.064444 3.020556 2.423889 1.746667 0.741666 3.777778 4.142222 2.775556 0.87500 4.248333 5.937778 6.0000 5.848889 5.728889 4.886111 5.918333 5.975556 4.823333 4.046667 3.529444 4.827222 4.052222 2.533333 2.517778 4.463889 4.638889 0.737777
3.835556 0.977222 3.558333 1.033333 1.681667 1.056111 0.610555 1.822222 1.487778 0.913333 3.678333 3.890556 5.897778 5.774444 3.328889 1.64500 5.600556 6.0000 6.0000 5.417778 2.265556 0.47500 0.015555 0.0000 0.796666 2.13000 0.56000 1.211667 0.145555 0.122222 0.0000 2.908889 4.848333 4.067778 5.924444 6.0000 5.818889 4.775556 6.0000 5.425556 5.010556 2.619444 0.797777 3.662778 3.546111 1.665556 4.801667 3.320556 2.308889 0.23000
4.133333 3.311667 3.627778 0.011666 0.0000 0.277777 2.863333 4.477222 1.367778 0.016111 1.086667 3.594444 5.742222 5.405556 4.500556 2.000556 1.432222 3.527222 2.751667 1.314444 2.525556 2.637778 0.006666 0.0000 0.0000 2.25000 4.710556 4.058889 4.24500 0.997222 0.865555 4.500556 5.894444 4.010556 5.391111 5.081667 5.336667 5.988333 4.814444 4.542222 2.527778 1.089444 1.327778 0.703888 0.656666 0.778333 1.040556 1.547222 1.158333 1.431667
5.775556 5.892778 2.492222 0.0000 0.005555 0.102777 2.018333 2.407222 2.262222 0.331111 0.198333 0.387777 2.862222 0.632777 1.846667 0.178888 0.238888 0.15500 0.0000 0.0000 3.823889 5.322222 0.105555 0.007222 0.085555 0.0000 0.722222 2.757778 5.82000 5.318333 3.592222 5.976111 4.90500 1.188333 1.22500 2.35500 5.074444 5.452222 5.867778 5.50500 1.966667 0.02000 0.0000 0.144444 1.039444 0.157222 1.096667 4.17000 2.636667 3.463333
4.926111 5.78500 5.013333 1.908333 2.166111 1.633333 4.807778 0.975555 0.01500 0.236666 2.62500 1.708333 0.399444 0.972777 4.113333 1.713333 2.971667 0.465555 1.124444 1.291111 2.977778 4.366111 4.247222 2.419444 0.315555 0.015555 0.047777 2.267778 5.59000 5.768333 3.568333 6.0000 5.104444 4.137778 3.650556 5.963889 6.0000 5.610556 4.282778 1.286667 0.075555 0.0000 0.091111 0.14000 0.0000 0.0000 0.101666 4.946111 4.827222 4.583333
0.849444 2.593889 3.322778 4.743333 5.229444 4.769444 3.723333 0.287777 0.464444 0.093333 0.636111 2.947778 2.935556 1.130556 0.567777 1.628333 1.287778 0.364444 1.208889 2.046667 5.249444 5.316111 4.006111 2.444444 4.076667 4.793889 5.347222 4.307222 2.678333 1.120556 2.679444 5.142778 4.696111 2.220556 4.179444 5.656667 6.0000 5.94000 3.768889 0.154444 0.0000 0.0000 0.0000 0.0000 0.04000 0.281111 0.603333 1.790556 4.826111 5.388889
0.0000 1.83000 2.25000 1.342222 4.877222 5.989444 4.136111 0.506111 0.474444 1.102778 0.921111 3.013889 1.41000 2.822778 4.668333 1.297778 0.002222 0.167222 1.583889 2.627778 1.436111 0.367222 1.247222 1.014444 5.893889 6.0000 6.0000 5.938333 1.290556 0.336111 2.664444 4.382222 1.677778 2.746667 2.720556 5.31500 2.507778 3.556667 2.178889 1.471111 1.682222 0.121111 0.432222 0.72000 0.072222 0.106111 0.513888 2.158333 5.871667 5.147222
0.637777 2.977222 5.997778 5.07500 1.990556 3.526111 3.314444 4.593889 4.677778 5.839444 2.712222 3.272778 5.999444 2.263889 1.838333 0.922222 0.453888 0.193333 0.217777 0.171111 1.814444 3.012778 5.603333 5.63000 5.838333 5.871111 5.899444 5.978333 5.37000 2.942222 2.641111 1.861667 1.626111 5.947222 5.917778 5.432778 0.156111 0.014444 0.67000 3.012222 3.591111 1.05000 0.293888 3.272778 2.364444 3.837222 4.663889 4.304444 5.968889 3.981111
4.756111 4.201667 3.191667 2.898333 4.766667 5.922222 5.876667 3.987222 5.503333 3.486111 3.499444 0.68500 4.009444 5.083889 1.333333 0.532222 1.221667 2.209444 4.279444 2.92000 0.712222 0.041111 0.842222 3.891111 3.90500 0.886111 0.434444 4.152778 5.887778 5.546667 3.850556 2.768333 5.501667 6.0000 6.0000 6.0000 2.853333 4.151667 4.062778 2.148889 5.722222 3.940556 1.391667 2.373889 4.330556 5.147778 4.793889 4.706667 5.79000 2.646667
1.118333 0.100555 1.785556 1.148889 0.933333 5.291111 5.831667 4.357778 1.831667 4.090556 1.662222 1.774444 2.508889 2.235556 0.64000 0.483333 0.269444 0.524444 2.799444 4.533333 5.417778 4.336111 2.082222 0.96500 0.26500 0.172222 0.011111 0.185555 1.183333 4.425556 3.161111 5.844444 3.559444 4.714444 4.427222 4.828333 5.321667 3.757222 2.208889 3.738333 5.995556 5.076111 1.862778 1.355556 1.532778 4.343889 5.731667 5.861111 5.931111 5.8000
0.162222 0.368888 3.007222 2.832222 2.932222 3.590556 2.927778 1.712778 3.122778 4.288333 1.438333 3.177222 4.488333 1.778333 1.996111 0.75000 0.597777 0.14000 1.502778 1.282222 5.408333 5.438889 5.718889 3.45500 0.375555 0.0000 0.0000 0.107777 0.738888 2.166667 3.921111 4.360556 5.536111 5.617222 2.320556 4.807222 5.460556 5.179444 3.02500 5.41000 6.0000 4.51000 3.518889 2.629444 5.866667 6.0000 5.571111 4.853889 5.796667 5.261667
1.078889 0.76500 5.288333 5.92000 5.841111 3.84000 2.727778 3.723333 5.541111 5.59500 5.517778 5.314444 2.685556 4.410556 1.837222 1.733333 3.152778 0.841111 0.159444 0.157222 3.96500 0.964444 3.552778 2.948333 3.581667 0.104444 1.069444 3.211111 3.313333 1.908333 0.258888 0.226111 1.41500 1.90500 2.994444 2.84000 4.695556 5.526667 5.68500 4.933889 5.84000 4.617778 4.492778 5.432222 5.980556 5.842222 6.0000 4.960556 6.0000 5.471667
2.83500 2.963333 4.212778 5.982222 6.0000 5.927778 6.0000 4.28500 5.483333 2.032778 5.334444 4.146111 3.25500 5.680556 3.658333 1.996111 3.023889 3.726111 1.85000 2.303333 1.945556 0.195555 1.267778 5.381667 5.325556 3.860556 4.185556 4.456111 1.842778 1.606667 2.465556 4.777222 4.608333 4.061667 3.393889 1.511111 0.920555 0.385555 0.540555 1.279444 2.65500 3.44500 3.937778 5.335556 3.748333 4.694444 5.213889 5.312778 5.483889 5.8000
5.456111 5.99000 3.277778 5.844444 5.302222 5.191667 4.935556 1.727778 2.989444 2.487222 2.795556 1.629444 4.268333 1.883333 2.405556 3.327222 1.433889 1.43500 2.734444 1.913889 0.227777 0.927777 0.40500 2.882778 4.826111 6.0000 6.0000 4.899444 5.581111 4.97000 4.84000 3.951667 2.911111 4.697778 6.0000 4.956111 5.306111 5.351667 5.15500 5.226111 3.888889 2.858889 2.821667 2.167222 1.021667 0.93000 2.926667 3.337778 3.393889 3.531111
5.521111 3.478889 0.204444 5.336667 4.913889 0.555555 1.968889 2.888333 2.650556 2.437222 1.133889 0.725555 3.422222 2.549444 2.841667 2.283889 2.528333 2.780556 1.162778 0.031111 1.266111 1.777222 2.67000 4.767778 3.103889 5.128333 5.273889 3.207778 5.363889 6.0000 5.82000 5.588333 2.369444 4.150556 5.821667 4.803333 4.320556 5.421667 5.833333 3.898333 5.645556 5.541111 4.929444 4.597222 3.047778 5.518333 5.61500 4.791667 1.987778 0.003888
2.547778 1.063333 1.812778 5.232778 5.24500 0.622777 0.407222 0.087777 0.059444 0.816111 3.35000 2.763889 1.09500 4.35500 5.941111 4.925556 1.616111 2.01000 1.565556 0.705555 1.172778 1.688889 3.675556 5.937778 5.518889 5.192778 5.507778 3.798889 4.046111 5.931667 5.143333 4.356111 4.572778 3.246111 4.935556 4.872222 5.450556 4.592778 5.687778 5.81000 6.0000 6.0000 3.931111 3.423889 2.821667 5.654444 6.0000 6.0000 4.978889 0.557777
1.613889 0.573888 3.841111 4.368333 1.705556 2.226667 1.002778 1.312778 4.097222 4.106111 4.325556 1.76000 2.268333 3.124444 1.533333 1.923889 0.413333 0.283888 0.112777 2.133333 0.679444 2.634444 4.099444 5.51500 2.197778 2.859444 1.281111 4.450556 4.813889 5.695556 5.986667 2.791667 1.81500 1.543333 3.565556 3.097222 4.197222 5.47000 6.0000 3.488333 5.579444 4.828889 1.06500 0.820555 1.426111 4.367222 6.0000 5.191111 1.422222 2.890556
2.706667 2.026111 2.76000 2.170556 2.391111 4.665556 5.308333 5.941667 5.958889 4.742778 4.781667 0.236666 0.363888 0.288333 0.353333 0.599444 0.853333 0.308333 0.744444 1.493889 1.242222 2.189444 1.459444 0.617222 0.148888 0.191666 0.838333 4.981667 3.812778 3.287222 2.486111 1.860556 2.289444 4.455556 5.691111 6.0000 5.604444 5.84500 5.694444 5.558333 3.823889 5.957778 5.303333 2.452778 4.864444 5.912222 6.0000 4.773333 4.5000 4.785556
0.027222 0.986666 1.968889 2.581111 3.747778 2.96000 2.589444 5.09500 3.521111 1.92000 0.612222 0.280555 0.73000 0.502222 1.506667 0.597222 1.516111 0.218888 0.01000 0.442222 0.054444 0.078888 0.02000 0.9000 0.193888 0.027777 0.0000 2.264444 3.036111 0.161666 0.462222 1.503333 3.780556 5.934444 5.253333 5.527778 5.343889 2.748889 4.39500 4.753333 5.38500 6.0000 6.0000 4.29500 5.669444 6.0000 5.771667 2.181111 3.546111 3.661667
2.74500 0.072222 0.647222 0.481666 2.09500 1.679444 1.29000 0.946666 1.678333 1.852778 2.893889 1.527222 3.468889 3.958889 4.753889 1.746667 2.048889 3.227778 1.578889 0.643888 2.106111 0.185555 0.147222 0.94000 2.281111 2.04000 0.742777 0.510555 0.07000 1.952222 0.098333 2.008333 5.268333 5.836667 5.984444 5.952222 5.465556 1.830556 0.142222 1.043333 1.316667 5.018889 5.445556 6.0000 6.0000 5.986667 3.72000 2.581111 1.846111 1.543889
2.425556 0.002222 0.786666 3.114444 3.936111 5.766111 3.388889 1.831667 3.827778 5.902222 6.0000 5.552778 5.557778 5.885556 5.986667 5.42500 5.244444 4.806111 5.942222 2.230556 1.336667 1.248889 2.364444 2.123889 3.460556 1.582222 1.850556 4.327778 4.614444 2.543333 0.066111 0.327777 2.652778 1.401667 3.996667 5.984444 4.12000 1.011667 3.177778 1.813333 1.218889 1.657222 5.629444 5.381111 4.890556 6.0000 4.391667 5.580556 4.412222 0.773888
1.020556 0.178888 0.0000 0.707777 2.221111 5.456667 4.250556 2.843889 2.04000 5.423889 6.0000 5.945556 5.596667 4.576111 3.944444 5.025556 5.510556 2.580556 1.018889 0.838333 2.175556 3.136667 3.636111 4.502778 0.866666 1.26500 0.546666 5.839444 5.971111 4.883333 1.662222 0.275555 0.651111 3.983333 5.930556 5.446667 2.605556 3.133333 3.229444 1.987778 1.059444 0.914444 5.111667 3.588889 4.801667 5.5000 4.416111 2.97500 0.185555 0.022777
0.217777 0.481111 1.853889 0.745555 0.678888 1.487778 2.4000 5.501111 1.758333 3.435556 5.64000 5.108333 3.976111 0.748888 0.313333 3.260556 5.907222 4.675556 3.096111 1.00500 1.993889 0.852222 1.267222 0.0000 0.472222 0.951666 1.696667 5.103333 6.0000 6.0000 4.443889 2.816667 2.718333 5.541667 6.0000 5.925556 4.677778 2.32500 2.521111 5.9000 5.647778 1.859444 0.631111 2.289444 5.619444 5.293889 2.65500 2.751667 1.791111 3.456111
0.711666 3.551667 4.61000 1.004444 0.385555 2.52000 1.668333 1.651667 0.338888 4.232778 3.272778 2.40500 1.273889 0.14500 2.382222 5.814444 4.350556 2.861667 0.932777 1.559444 5.399444 2.34000 1.39000 2.702222 5.143889 1.546111 0.085555 2.537222 3.142778 3.618333 5.613889 2.05500 1.707222 3.673889 4.542222 4.313333 3.799444 3.46500 2.967778 5.112222 6.0000 5.816667 5.377222 5.251111 5.817778 5.975556 5.568889 2.50500 2.16500 2.689444
0.24500 0.67500 4.887778 3.150556 4.037778 2.197778 3.411667 0.839444 1.722778 4.177222 0.798333 0.287222 1.863333 2.779444 5.432778 4.452778 0.516111 1.27500 1.897778 3.128889 3.915556 3.641111 0.403333 3.118889 6.0000 2.993889 2.127222 2.483889 3.725556 5.024444 1.348889 1.587222 2.865556 4.761111 4.651667 4.782778 4.639444 2.567778 1.767222 3.297778 5.989444 6.0000 4.053333 2.264444 5.699444 6.0000 6.0000 3.766667 2.041667 2.83000
0.426666 0.522777 3.013333 5.612778 3.422778 4.758889 1.75000 2.193333 4.093333 3.642222 4.031111 1.868889 0.218888 1.611111 5.178333 3.009444 0.908888 1.652778 3.256111 5.911111 5.596667 4.425556 1.702778 1.201111 3.143333 4.179444 1.403889 0.356111 2.749444 5.901111 3.444444 4.73000 6.0000 6.0000 5.986667 4.788333 4.951667 5.542222 5.016111 4.632222 3.460556 4.611667 4.357222 4.56500 6.0000 5.784444 4.668889 5.786111 3.656111 2.466667
0.080555 1.028889 3.913889 3.48000 1.158333 1.957222 2.002778 1.681667 4.294444 3.818333 2.855556 1.818333 3.311111 5.35500 5.997778 5.783889 4.503333 2.712222 4.951111 5.988889 5.172778 3.808889 3.268889 1.076111 1.415556 2.047778 0.561666 0.0000 2.778889 5.673333 4.01000 4.007778 5.869444 5.570556 6.0000 4.57500 4.588889 5.23500 5.653889 5.021111 4.791667 4.341111 4.947778 5.96500 6.0000 5.916667 4.733333 5.902778 5.745556 4.034444
1.226111 1.006667 2.615556 3.884444 1.634444 2.232222 2.323333 2.117778 1.76500 3.332778 3.807778 5.986667 5.262778 3.959444 1.403333 2.012778 4.482778 5.938889 6.0000 5.973333 5.350556 4.938889 2.668333 1.329444 1.671667 4.16500 2.43000 2.974444 0.93000 0.9000 1.743333 3.034444 3.253889 3.584444 1.993889 0.207777 5.655556 6.0000 5.427222 5.349444 5.433889 4.116667 3.66500 4.68000 5.82000 5.336111 6.0000 5.961667 5.434444 2.366667
