data/outputs/Figueira/2015/resolution_1/CONT_SPEC_1_60.asc
ncols         25
nrows         25
xllcorner     -8.238677953804
yllcorner      39.915521016488
cellsize       0.000539592960
NODATA_value  -9999
2.739861 4.400556 2.530833 3.771528 4.221389 2.278472 0.315138 0.0000 3.255417 0.978333 3.729444 2.507639 2.596528 5.485556 3.835139 3.686944 3.387361 2.293056 0.0000 1.961806 4.298056 3.296111 1.178056 4.282639 0.488472
4.165972 3.122222 3.936389 1.888056 4.517778 2.249722 2.096806 0.209722 0.939027 0.603750 2.186250 1.64000 3.801528 5.813750 4.541806 2.244722 4.189583 2.849444 2.308056 1.774722 2.480694 2.595278 3.138750 4.121389 4.696806
3.020139 0.334861 3.676944 1.058056 1.381806 4.405139 0.772222 0.098472 1.608194 0.619166 1.326944 1.822500 5.191806 5.581944 3.798472 5.552778 5.901667 4.805694 4.757778 2.701667 4.398472 5.802639 4.680278 2.598889 1.866250
3.049722 0.600694 1.832917 1.592778 4.332361 2.630278 3.429028 2.676528 1.071944 4.019444 2.861806 2.532917 5.411944 5.835417 3.246111 2.383472 5.607500 5.107222 5.699028 4.226111 3.571389 5.591111 4.604167 1.012778 0.474722
2.270972 2.353750 0.902777 2.617361 1.263750 3.302361 5.396528 3.243611 4.993056 5.538750 1.288750 0.02000 2.092778 1.06500 2.046944 1.639861 4.775556 5.943333 5.302361 5.829861 4.12500 3.204306 2.949306 3.775972 1.978889
4.778333 1.532917 0.096527 2.941528 0.994305 1.316806 3.660694 2.131667 1.338333 1.016528 3.577361 0.029861 0.583888 3.062361 4.095139 3.733611 3.999583 3.513194 5.462917 5.182361 1.400972 0.544027 0.657916 1.963611 2.172500
3.538611 3.746944 3.449583 2.448611 0.202361 1.979306 1.359583 2.005694 1.272361 1.417778 4.477361 3.279306 2.300417 2.992500 3.789306 4.347639 4.039722 4.862639 5.887639 2.373194 0.018888 0.057777 0.080277 1.860417 4.906389
1.361250 3.666250 4.095833 3.137639 3.023611 2.48000 3.124028 2.181667 0.204166 1.150139 1.657639 3.373750 5.900833 5.954028 2.484722 2.887361 2.999444 4.846528 1.558750 1.833056 1.611111 1.179722 1.59500 2.910139 5.242222
2.544167 2.256111 4.228333 5.013333 3.727917 1.905278 3.459444 0.747222 1.056250 3.633056 2.626806 1.945139 1.307083 1.195972 4.260833 3.906111 4.943889 5.313889 4.020972 3.039722 5.183611 1.745972 3.838750 5.273333 5.041944
0.593750 4.261944 4.050972 2.772917 4.636806 3.861944 3.340694 1.579167 1.182917 0.775416 3.944167 3.918750 1.015417 1.097083 2.031806 2.191667 3.618333 3.240556 5.215556 4.763472 5.241944 4.018333 5.922361 5.346389 5.632500
4.311111 4.829306 5.605417 4.237083 3.248194 3.476389 3.771806 2.846806 2.404722 2.200417 0.824166 2.484306 5.003056 4.885278 3.500139 4.008611 4.069722 3.965278 2.990972 3.050278 3.211944 3.565556 2.598611 4.197778 4.552222
3.152778 3.146667 2.834306 1.338056 1.490833 1.993333 2.855417 3.998056 2.233750 0.866250 1.476250 4.262778 4.735972 4.447083 5.335417 5.226944 3.584722 5.108194 4.946389 5.307361 5.796667 4.220417 4.260556 5.601667 1.882083
1.730139 3.28500 2.747222 3.391389 4.726250 2.775972 1.511250 1.102500 0.464722 1.121111 1.686389 2.922778 1.349444 2.887917 4.402361 3.281250 2.525833 4.588472 5.279167 5.185278 5.047500 2.410417 4.142500 5.491111 3.399583
0.957777 1.419722 2.620556 2.480278 2.243056 1.328472 2.16500 2.151111 1.752917 0.668750 0.606250 0.501805 1.135694 0.879444 1.30500 1.018056 5.20500 5.679444 3.847222 2.583472 4.430139 5.435139 5.914028 3.563472 2.649444
0.906805 1.152222 4.34500 3.078750 4.298472 5.874583 5.404028 5.095417 4.535417 2.507500 1.974444 3.156806 1.793611 3.141111 4.503056 0.582916 2.172222 5.339583 2.717639 2.552083 1.212500 4.927778 5.298056 4.340833 1.348611
1.240556 2.053472 1.268056 2.805278 2.441389 4.106528 1.535972 2.942639 4.448750 1.648333 2.646389 1.339861 2.028472 2.355694 4.690278 3.732361 3.410278 5.195278 3.566806 4.125278 4.830972 3.387222 5.676667 3.370139 2.525417
0.467361 4.166111 3.604306 2.048611 3.408889 1.746389 1.618194 4.518333 1.088194 3.548472 4.394722 1.606528 4.079167 1.592778 4.350139 2.777639 4.906667 5.052361 4.425278 3.678333 5.015417 3.81000 5.870972 5.055417 2.748611
0.835555 3.473472 1.745556 2.031389 3.302639 3.617083 4.472083 3.799444 4.409306 5.728333 4.817778 2.085694 2.32500 1.491528 2.570556 3.198889 4.569583 3.194167 5.369861 5.362917 4.670833 4.814444 5.768194 5.649444 4.395278
3.749861 2.278750 1.812361 2.041111 4.337083 2.761389 0.782916 0.527500 3.885833 3.695556 5.953889 1.769028 1.504444 3.260417 5.130694 3.426111 2.121806 0.868194 2.931944 5.881111 5.23500 5.420139 2.697500 4.950694 3.122778
5.163889 2.675556 1.117500 1.387361 1.727083 1.005833 0.151111 3.185972 3.134028 4.163056 3.646250 1.497639 1.270556 2.329444 5.378333 4.596944 2.152222 2.304444 2.987083 3.818889 3.838472 3.891667 5.28000 5.370556 4.676944
2.903194 1.521528 2.926806 3.359167 4.69000 3.924306 2.72000 4.168333 2.271389 4.711944 2.381806 1.047639 1.506806 0.754305 2.825833 4.855556 3.616111 3.680417 4.463889 3.808750 3.144306 1.163472 3.727778 5.167222 5.085972
1.560694 4.506111 5.306944 2.784167 3.156389 4.325417 2.638333 4.276944 2.498333 1.165833 3.987778 0.152500 1.602778 2.992083 4.410139 5.977778 4.617500 5.113333 5.397639 3.699028 2.701250 3.584167 5.439861 5.900694 5.351667
2.636111 3.580417 3.125278 3.516944 2.851944 4.046806 4.825139 3.055139 4.015694 2.470139 2.957083 4.147361 1.977778 2.663194 2.889167 2.962500 3.87500 3.04000 3.804861 4.933472 5.760556 5.225139 4.56500 5.98000 5.899444
5.140972 4.241667 3.962917 3.472361 4.560833 5.753056 4.756528 4.449028 5.067778 5.036528 3.335417 2.556667 3.642639 1.636944 0.872777 1.799306 3.233472 3.106806 4.410556 4.298333 5.481528 5.005972 5.262917 5.753333 5.417083
4.389583 3.938611 4.624028 4.243194 3.777917 4.855417 5.407222 5.811667 5.818611 5.508333 3.790278 1.756528 2.785278 5.536111 1.228889 0.616388 2.128611 3.445278 3.765972 4.470556 3.549306 4.526528 3.605278 4.197778 2.942778
