data/outputs/Figueira/2015/resolution_1/CONT_NORM_1_5.asc
ncols         300
nrows         300
xllcorner     -8.238677953804
yllcorner      39.915521016488
cellsize       0.000044966080
NODATA_value  -9999
[rows 220 to 274 of 300, columns 0 to 95 of 300]
80 100 100 100 93 87 29 1 24 45 85 99 100 100 100 92 5 0 0 30 58 53 40 68 2 0 27 14 24 0 0 0 0 0 0 1 87 49 21 0 0 0 44 85 100 100 100 100 100 100 100 85 63 42 37 98 96 15 75 100 93 98 88 28 24 70 20 0 0 0 13 97 33 0 34 76 79 7 0 4 68 6 0 0 0 0 0 0 0 0 0 0 0 0 13 94
80 100 100 100 91 59 9 0 31 40 97 100 99 82 30 21 21 8 68 77 100 69 73 76 45 42 87 80 57 22 68 89 92 49 11 39 9 1 0 0 0 0 5 59 79 89 100 100 100 100 100 87 11 2 52 98 100 66 42 36 62 93 55 56 36 1 0 0 1 1 2 31 8 0 7 33 85 2 0 14 8 0 0 0 0 0 0 0 0 0 0 0 0 0 45 100
80 100 100 100 88 28 11 5 6 0 39 42 87 99 85 4 0 20 57 68 55 40 42 28 27 23 29 24 35 16 57 99 100 99 92 100 35 22 17 9 37 0 0 0 16 96 100 100 100 100 100 88 78 36 6 24 56 72 46 56 37 79 37 29 0 0 0 0 1 4 2 2 0 0 0 0 0 0 0 0 0 0 0 0 0 0 0 0 0 0 0 0 0 0 43 100
80 100 100 100 100 100 93 92 80 77 77 85 100 100 80 17 0 7 30 12 1 0 25 50 36 29 56 64 69 17 46 84 58 38 69 59 29 12 0 0 24 2 12 0 5 56 100 100 100 100 100 66 87 61 14 37 23 46 98 100 96 64 0 0 0 0 0 0 0 4 4 0 2 0 0 0 0 0 0 0 0 0 0 0 0 0 0 0 0 0 0 0 0 0 0 80
80 100 100 100 100 100 94 64 75 64 69 99 100 98 29 17 55 80 47 15 46 82 71 12 56 55 73 56 38 32 48 41 0 3 19 13 12 12 5 14 17 25 23 6 0 0 28 96 100 100 100 80 84 84 73 94 100 100 100 100 100 81 25 9 0 0 0 0 0 0 0 0 3 0 0 0 0 0 0 0 0 0 9 0 0 0 0 0 0 0 0 0 0 2 1 33
80 100 100 100 100 93 92 23 11 24 31 39 69 87 93 58 30 41 11 0 2 9 7 0 9 15 7 28 16 0 0 0 0 7 12 26 3 3 16 72 70 2 5 0 9 0 0 33 91 100 100 100 86 18 90 100 92 100 100 100 100 100 100 21 0 3 7 0 1 0 4 1 1 1 0 0 0 0 0 0 0 5 89 17 0 0 0 0 0 0 0 0 0 0 30 50
80 100 100 100 100 100 100 66 29 66 56 35 10 18 65 11 0 0 0 0 0 0 0 0 4 21 9 8 4 0 0 0 0 0 10 39 14 1 0 28 46 0 10 0 0 0 8 5 10 76 100 100 99 96 100 100 100 100 100 100 100 100 100 31 0 0 3 0 0 0 0 0 1 0 0 0 0 0 0 0 0 7 71 37 0 0 0 0 0 0 0 0 0 1 66 85
80 91 100 100 100 100 100 100 62 95 37 87 61 8 27 26 1 0 0 0 0 0 0 0 12 92 44 0 0 0 0 0 0 0 0 24 22 1 0 0 6 23 59 28 1 0 0 0 0 2 46 92 49 92 100 100 100 100 100 100 100 100 100 74 1 2 1 23 0 45 18 0 0 0 0 0 0 0 0 0 0 0 0 0 0 0 0 0 0 0 0 0 1 44 54 93
80 93 100 85 85 77 100 92 92 70 54 7 29 27 1 63 26 58 73 29 15 13 21 8 0 12 0 13 2 0 0 0 0 10 8 0 2 27 0 0 0 0 0 0 5 16 16 2 9 57 0 0 13 87 78 99 100 100 100 100 100 100 94 79 5 2 0 0 0 27 97 29 0 0 0 0 0 0 0 0 0 0 0 0 0 0 0 14 58 2 31 91 32 77 100 92
80 100 100 100 100 89 100 99 65 97 99 90 59 17 1 41 65 65 20 79 20 99 80 83 57 63 93 100 80 17 39 25 15 20 46 14 0 5 0 0 0 2 6 4 62 100 97 29 0 9 0 0 2 31 58 100 100 100 100 99 98 73 73 21 1 27 3 0 0 2 18 1 0 0 0 0 0 0 0 0 0 0 0 0 0 0 0 5 42 60 79 100 74 85 70 23
80 100 100 100 100 100 100 97 55 78 100 93 99 70 47 35 87 70 91 98 85 60 64 81 56 67 99 71 57 50 99 68 14 44 11 0 3 4 0 0 7 65 81 44 54 36 18 0 0 0 0 0 10 1 2 44 69 93 100 59 15 11 0 1 59 89 42 4 0 0 0 0 0 0 0 0 0 0 0 0 1 0 0 0 0 0 0 0 29 91 97 59 100 100 30 11
80 100 100 100 100 100 80 99 92 95 89 96 93 79 32 38 71 66 30 49 40 59 69 42 87 77 70 26 41 91 75 35 7 24 29 21 0 4 11 32 23 28 42 17 0 0 8 49 16 1 7 59 67 1 0 0 0 18 59 90 40 10 53 64 9 7 42 0 0 1 3 2 0 0 0 0 0 0 1 0 0 0 0 0 0 2 19 4 0 34 100 100 100 100 74 5
80 100 100 100 100 100 100 92 68 67 30 10 11 54 57 91 93 85 60 36 42 34 6 34 87 44 25 34 86 76 42 0 17 9 0 0 0 0 0 4 4 4 5 36 22 6 27 91 44 2 0 6 45 11 0 0 3 8 0 5 24 66 87 71 0 0 0 0 1 11 1 0 0 0 0 0 0 0 0 0 10 8 0 0 0 14 84 35 0 64 100 100 100 100 100 91
80 100 100 92 73 100 100 100 100 99 98 78 34 61 38 19 22 39 53 14 32 24 0 15 26 53 64 39 32 32 2 15 16 1 0 0 0 0 0 0 0 7 94 72 66 41 0 5 7 0 0 29 77 51 0 0 3 15 6 46 9 38 5 2 0 0 0 0 0 0 0 0 0 10 1 0 0 0 36 5 0 0 0 9 1 0 7 8 67 99 100 100 100 100 100 78
80 100 100 82 69 100 100 93 86 100 87 92 93 76 15 23 21 6 0 0 54 72 65 68 19 29 13 2 0 1 0 2 9 0 5 0 0 0 0 0 0 30 99 86 85 99 47 23 0 0 0 8 2 1 4 7 0 30 30 12 15 58 25 1 0 0 0 0 3 0 0 0 0 0 0 0 0 0 24 4 0 0 0 3 0 12 6 66 100 100 100 100 100 100 100 100
64 53 79 100 100 92 99 39 10 90 88 88 71 71 82 73 29 7 9 27 12 28 80 20 0 2 0 2 0 0 0 0 2 0 0 0 0 0 3 41 9 8 21 72 100 99 72 82 60 13 0 3 10 23 9 6 0 5 35 3 0 8 32 13 22 0 0 4 0 0 0 0 0 6 0 0 0 0 0 0 0 0 0 0 0 0 12 97 92 92 100 100 100 91 100 100
70 65 100 93 52 100 100 82 48 87 86 15 5 61 77 97 76 60 37 11 0 0 29 0 21 11 0 2 0 0 0 0 0 0 0 0 0 0 3 18 0 0 0 52 54 25 4 33 82 70 2 26 56 0 27 64 25 0 26 10 8 4 0 2 1 0 4 10 0 0 0 0 0 8 0 0 0 0 0 0 0 0 0 0 0 0 21 81 99 76 89 96 92 43 84 89
80 97 90 77 31 100 100 100 100 82 92 69 9 4 64 99 34 21 12 39 38 0 4 17 19 0 1 0 0 0 0 1 2 1 0 0 1 1 0 0 3 0 14 32 27 2 0 0 72 16 0 60 54 69 47 61 86 34 4 1 8 33 1 23 35 12 0 0 0 0 0 0 0 0 0 0 0 0 0 0 0 0 0 1 0 0 0 3 40 35 24 4 0 1 12 15
80 86 52 91 93 100 100 100 100 93 100 94 80 89 59 79 97 75 55 70 12 0 13 8 1 0 0 0 0 0 0 0 0 0 0 0 0 4 0 14 2 0 59 75 74 55 0 47 54 0 0 56 75 53 1 9 27 9 0 0 4 12 16 23 32 50 32 1 4 3 19 10 0 0 0 0 1 0 53 28 3 5 22 27 2 12 26 9 6 28 69 53 93 95 80 81
80 84 100 87 74 80 69 80 94 100 100 94 98 100 94 66 89 30 7 1 0 0 0 0 0 0 0 1 0 0 0 0 0 0 0 0 0 9 1 65 3 0 72 29 69 91 36 0 0 3 2 0 25 36 43 25 80 44 31 22 1 4 0 24 17 43 60 24 35 61 0 4 1 2 11 29 15 0 15 17 0 0 1 9 38 7 4 17 64 85 98 76 93 100 100 100
80 78 99 96 21 20 14 55 98 100 100 99 93 85 86 91 6 0 0 8 0 0 0 0 6 5 0 0 0 0 0 5 0 0 0 0 6 0 0 0 0 0 27 50 91 73 17 1 1 9 0 18 8 5 6 2 1 42 11 5 0 2 41 17 53 14 25 72 60 65 0 0 4 3 0 0 9 9 0 0 0 0 0 3 32 45 77 99 76 64 100 100 82 87 71 100
80 86 63 50 78 59 31 20 58 77 87 100 100 85 94 32 2 0 0 0 6 0 0 16 26 3 3 3 0 0 2 1 0 4 5 0 0 0 0 0 0 3 6 15 29 34 3 50 73 59 1 46 45 37 15 65 70 61 0 0 0 0 48 14 18 13 25 30 35 84 19 1 6 11 17 8 2 27 23 0 0 1 20 35 41 62 98 46 7 74 100 87 9 12 42 92
79 92 76 36 9 11 84 70 30 5 32 90 100 68 10 0 0 0 0 0 6 0 10 12 1 0 0 0 0 0 10 11 1 0 3 2 0 0 0 0 3 4 22 0 0 4 9 40 2 17 37 7 12 9 73 100 99 62 10 62 37 8 0 0 4 27 27 70 16 80 29 20 75 25 54 13 0 14 14 1 8 1 80 100 93 80 94 24 94 98 90 93 35 4 79 100
41 93 80 82 42 53 75 97 81 75 0 2 24 7 0 0 0 0 0 0 0 0 0 0 0 0 0 0 7 6 47 74 58 17 2 0 31 41 11 2 18 7 21 15 6 15 0 1 5 76 99 73 58 29 87 94 98 16 51 100 100 91 43 2 2 35 70 50 69 83 4 24 73 44 50 69 15 86 33 50 85 60 80 85 99 69 48 36 93 98 46 49 0 39 91 80
1 54 48 70 91 99 89 95 57 6 10 0 0 0 0 0 0 0 0 0 0 3 14 0 0 0 0 0 19 16 82 75 76 93 83 2 7 17 5 27 66 40 44 65 39 1 19 76 81 99 92 100 100 99 92 99 100 54 57 100 100 100 89 85 56 39 69 84 91 64 75 60 92 81 22 2 36 86 55 97 49 85 100 100 100 92 51 59 91 100 95 44 2 85 97 90
56 50 89 77 86 100 99 59 66 26 32 2 0 0 0 0 0 0 0 0 0 16 1 0 0 0 0 0 0 19 99 95 76 100 99 60 43 49 0 69 99 19 17 22 3 0 26 80 100 100 100 100 100 100 100 100 100 100 85 100 100 100 98 100 100 28 7 66 97 68 50 84 69 5 4 54 88 17 81 97 48 70 100 62 97 75 22 60 99 41 10 13 31 100 75 98
72 46 45 98 92 88 98 87 95 64 84 77 0 0 0 0 0 0 0 1 28 15 0 0 0 0 2 9 0 20 88 82 100 100 80 100 80 49 46 75 100 96 97 97 63 15 0 28 100 100 100 100 100 100 100 100 100 100 99 100 100 100 100 100 100 68 0 59 79 91 91 81 76 0 0 3 34 33 80 85 5 81 100 100 100 17 22 28 56 46 19 68 100 100 100 98
80 72 83 39 49 53 68 99 56 0 1 23 1 0 0 0 0 0 0 61 62 21 23 60 43 30 14 64 27 63 100 100 100 100 91 99 78 68 75 99 100 100 93 85 99 88 92 73 93 100 100 100 100 100 100 100 100 100 100 100 100 100 100 100 100 100 68 68 84 100 100 100 79 1 39 82 19 41 26 10 28 84 100 97 88 44 43 7 30 42 67 100 100 100 84 57
44 34 15 2 7 44 74 93 26 0 0 1 10 0 0 0 0 0 2 0 24 95 100 100 100 100 97 91 84 87 68 79 100 100 100 100 100 100 100 100 100 100 100 100 100 100 100 93 99 100 100 100 84 93 100 100 100 100 100 100 100 100 100 100 100 100 100 98 75 100 100 83 38 0 48 76 5 25 45 46 97 92 100 91 38 59 4 8 11 29 87 100 100 92 80 93
39 1 8 26 45 19 69 63 2 1 0 9 2 0 0 0 1 0 43 63 78 100 100 100 100 100 92 97 59 68 24 46 100 100 100 100 100 100 100 100 100 100 100 100 100 100 100 100 100 100 100 100 99 100 100 100 100 100 100 100 100 100 100 100 100 100 100 91 74 74 91 66 10 0 64 96 20 78 58 47 75 82 100 100 82 92 48 13 71 100 99 93 100 84 43 62
0 4 44 7 56 13 38 14 50 11 9 16 11 35 38 58 12 20 86 100 100 100 92 100 100 77 43 75 99 100 73 92 100 100 100 100 100 100 100 100 100 100 100 100 100 100 100 100 100 100 100 100 100 100 100 100 100 100 100 100 100 100 100 100 100 100 100 84 0 0 0 5 2 12 68 100 33 12 8 16 57 28 56 67 70 46 33 81 94 100 99 99 100 62 55 100
6 2 0 0 11 51 0 29 7 0 19 45 15 6 73 95 46 11 87 100 100 100 100 100 100 93 82 98 100 100 91 99 100 100 100 100 100 100 100 100 96 100 100 100 99 97 92 100 100 99 85 100 100 92 100 100 100 100 100 100 100 100 100 100 100 100 100 92 34 65 19 47 59 54 93 92 44 25 46 92 70 1 29 74 100 93 91 98 100 85 86 73 99 75 100 100
0 5 17 24 55 23 1 0 10 0 1 3 5 0 17 96 99 63 22 97 100 100 100 100 100 100 100 100 100 100 100 100 100 100 100 93 99 100 85 51 51 99 100 93 79 73 51 75 100 78 76 100 100 93 100 99 100 100 100 100 100 100 100 100 100 100 100 93 37 98 78 49 51 65 22 53 9 2 20 88 86 8 66 100 92 46 98 100 100 95 92 69 83 65 99 91
0 11 74 96 58 0 0 0 0 31 62 71 19 7 9 74 100 89 90 99 100 100 100 100 100 100 100 100 100 100 100 100 100 100 100 100 100 100 100 91 98 99 86 99 100 76 80 100 47 18 8 87 66 38 96 24 87 100 100 100 100 100 100 100 100 94 99 96 39 72 74 51 83 25 39 49 48 46 73 80 55 78 83 100 99 100 100 100 82 46 96 70 78 99 71 33
0 0 0 11 4 0 4 6 25 37 34 79 13 23 76 100 100 98 100 100 100 100 100 100 100 100 100 100 100 100 100 100 100 89 72 44 81 60 97 100 100 100 100 99 99 61 18 55 24 82 94 79 18 38 97 54 83 99 100 97 100 100 100 100 100 99 100 63 0 19 23 44 99 42 27 9 67 61 83 71 62 98 62 100 100 100 100 76 99 92 85 8 92 100 82 12
0 0 0 0 0 0 6 84 98 85 9 74 70 21 75 80 85 100 100 100 100 77 43 99 100 100 100 100 100 100 100 100 100 97 82 46 71 51 99 100 100 79 55 37 10 7 0 31 4 32 83 100 46 74 92 96 100 100 93 60 87 100 100 100 100 100 98 61 57 84 98 91 98 41 37 2 45 92 69 1 0 43 77 100 100 100 100 83 65 45 66 78 63 72 68 31
0 0 0 0 0 0 36 66 48 84 14 80 51 0 0 30 99 100 100 100 100 100 82 100 100 100 100 100 100 100 100 100 94 99 100 45 42 100 100 100 100 68 0 3 0 0 1 0 0 0 13 13 13 94 99 57 93 100 99 76 57 49 81 100 57 41 50 61 100 100 92 34 29 4 51 58 42 48 17 9 1 14 83 87 100 100 100 93 93 99 72 91 37 23 38 84
0 0 0 0 0 0 21 12 0 0 1 49 34 5 0 58 100 100 99 79 98 100 100 100 100 100 100 100 100 100 100 100 99 100 100 39 7 38 91 60 52 5 0 0 0 0 0 0 1 0 24 33 5 50 65 66 99 100 100 83 74 59 28 42 71 87 39 98 100 100 100 94 96 96 88 99 69 39 1 0 0 14 54 60 93 100 100 100 99 100 100 99 99 99 59 78
1 0 0 0 4 19 12 1 5 68 49 26 4 0 4 62 100 100 100 91 89 100 100 100 100 100 100 100 100 100 100 100 88 86 99 41 0 4 19 65 82 18 1 1 0 0 0 0 10 18 2 0 0 0 1 27 83 100 96 61 6 24 1 26 40 15 72 100 92 94 100 100 100 92 44 48 48 7 0 1 1 30 9 1 69 100 100 93 65 99 70 86 99 65 29 57
0 0 0 9 0 26 0 1 12 14 65 71 26 49 88 87 79 100 60 85 100 100 100 100 100 100 100 100 100 100 100 100 77 23 68 32 2 0 18 31 78 60 4 0 2 0 0 0 51 47 0 0 0 0 5 8 34 17 25 49 49 10 3 5 0 7 91 100 98 78 100 100 100 100 68 22 23 2 0 0 0 17 10 0 30 100 100 100 97 96 100 75 42 49 68 18
0 0 1 2 18 48 47 21 3 5 63 100 98 55 1 52 50 97 65 94 100 100 100 100 100 100 100 100 100 100 100 100 83 52 70 36 39 66 45 11 17 66 14 0 32 2 1 39 58 27 1 0 12 11 24 9 19 0 29 85 49 17 67 6 0 63 100 100 100 100 100 100 100 100 77 1 0 0 0 0 0 0 0 0 4 49 97 100 72 61 100 94 84 70 45 52
0 0 0 4 47 97 76 57 52 17 72 100 100 69 8 0 52 42 58 100 100 100 100 100 100 100 100 100 100 74 86 99 63 63 56 29 58 96 100 68 57 1 13 12 65 26 0 5 28 82 67 52 96 92 40 2 10 15 23 31 81 71 35 0 29 96 100 100 100 100 100 100 100 100 79 48 40 57 7 2 0 0 0 0 0 1 77 100 100 100 99 90 88 67 3 6
0 0 0 0 1 33 77 93 85 34 96 78 92 93 33 4 64 26 15 96 100 100 100 100 100 100 100 100 100 33 32 43 85 79 44 59 27 38 78 91 26 0 9 52 93 78 12 71 53 30 47 52 55 82 25 0 21 90 97 59 4 3 0 2 30 67 100 100 100 100 100 100 100 100 100 100 97 28 0 0 0 0 0 0 0 0 21 93 100 84 36 21 34 49 2 4
0 0 0 0 0 11 53 95 74 100 93 99 100 100 87 44 54 71 87 100 100 100 100 100 100 100 100 100 100 73 62 28 6 54 89 24 43 37 4 44 1 1 2 28 33 66 73 99 92 29 64 61 4 1 4 2 79 100 100 40 51 30 0 51 100 100 100 100 100 100 100 100 100 100 100 100 100 87 0 0 0 0 0 14 17 39 65 93 79 32 25 75 33 20 32 67
0 0 0 0 0 0 0 4 7 84 100 100 100 100 100 93 100 100 100 100 100 100 100 100 100 100 100 100 100 99 33 1 0 0 1 31 98 95 2 18 14 23 2 0 0 1 5 10 15 0 3 0 0 4 1 14 88 100 100 82 100 40 19 98 100 100 100 100 100 100 100 100 100 100 100 100 100 100 41 29 42 67 79 85 69 34 9 78 100 97 100 98 50 47 65 93
0 0 0 0 0 0 0 4 50 99 100 100 100 100 100 100 100 100 100 100 100 100 100 100 99 100 100 100 71 47 10 0 0 2 62 30 20 27 0 73 100 100 81 44 2 0 0 0 0 0 2 1 6 10 5 53 100 100 100 59 86 88 19 74 100 99 89 100 100 100 100 100 100 100 100 100 100 100 100 89 61 18 7 0 1 1 5 36 100 99 100 100 99 77 56 99
0 0 0 0 0 0 0 12 79 15 56 94 100 100 100 100 100 100 100 100 100 100 100 100 93 91 57 53 25 0 4 0 0 0 20 21 0 0 0 5 77 89 85 93 21 1 1 0 0 0 0 4 1 43 40 67 100 100 92 78 96 77 59 89 25 55 90 100 100 100 100 100 100 100 100 100 100 100 100 93 27 22 31 1 2 3 37 77 100 80 84 100 100 100 100 67
0 23 79 3 0 0 0 0 0 0 2 17 78 100 100 100 100 100 100 100 100 100 100 100 100 71 2 1 10 72 95 51 0 0 0 1 0 37 8 0 0 0 17 7 10 1 53 0 0 0 0 0 0 7 0 5 58 99 100 99 70 18 4 32 10 50 100 100 100 100 100 100 100 100 100 100 100 100 87 96 24 45 24 0 9 5 62 98 96 66 54 100 92 100 100 86
3 4 57 46 63 24 0 0 0 0 0 0 20 31 72 100 100 100 100 100 100 100 100 100 100 54 0 0 4 72 100 93 57 36 1 1 1 0 12 22 0 0 0 16 54 7 6 0 0 0 3 0 8 89 32 0 66 82 41 31 5 0 1 8 17 39 85 100 100 100 100 100 100 100 100 100 100 100 99 100 99 99 44 0 3 25 81 55 46 89 90 51 93 100 100 96
23 25 3 11 79 91 48 33 0 0 0 0 0 0 2 77 100 100 100 100 100 100 100 90 43 0 0 0 0 2 30 71 89 41 0 25 22 67 96 96 76 69 37 21 9 2 17 19 1 5 84 35 43 92 36 0 13 28 56 73 42 0 0 3 0 0 51 41 78 60 84 100 100 100 100 100 93 73 100 100 100 98 31 2 0 32 35 1 41 98 99 49 33 99 100 71
24 76 80 5 56 94 88 97 67 20 25 0 0 0 0 10 68 76 73 77 99 100 51 47 97 57 1 47 56 49 23 78 38 26 27 74 44 97 100 100 100 100 100 83 25 4 10 54 53 28 54 98 74 38 78 14 8 96 100 100 65 0 0 26 3 14 13 16 1 0 50 100 100 100 100 100 100 100 100 100 100 100 21 0 0 0 0 0 7 52 65 73 8 18 99 99
0 15 39 2 22 93 100 100 100 100 99 61 0 0 0 0 1 0 0 0 17 29 5 64 100 100 85 55 67 76 2 70 99 100 100 100 100 100 100 100 100 100 100 94 56 46 96 57 12 52 36 97 99 82 63 58 12 56 55 81 26 8 42 96 43 83 90 22 5 58 65 92 87 94 100 100 100 100 100 100 100 100 49 0 0 0 0 0 0 20 37 13 31 60 100 100
1 14 0 5 68 100 100 100 100 100 100 100 71 31 0 0 0 0 0 0 0 0 0 35 77 94 99 68 20 81 88 89 65 93 100 100 100 100 100 100 100 100 100 86 84 100 100 98 77 39 80 82 100 100 70 29 5 25 8 1 0 32 100 100 100 100 98 73 54 7 11 10 14 58 99 100 100 100 100 100 100 100 48 0 0 0 0 0 0 0 15 71 100 93 100 100
0 0 0 72 100 100 100 100 100 100 100 100 85 20 0 8 7 0 0 0 0 0 0 0 0 1 64 99 98 93 96 61 98 100 100 100 100 100 100 100 100 100 100 87 71 100 100 100 93 100 100 100 88 100 91 72 52 65 33 0 2 81 100 100 100 100 100 100 80 35 81 72 11 11 65 100 100 100 100 100 100 100 98 43 1 0 0 0 0 0 28 47 91 93 92 100
0 0 0 76 100 100 100 100 100 100 100 100 78 49 73 66 48 9 3 0 0 0 0 0 0 0 0 9 35 77 76 75 78 100 100 100 100 100 100 100 100 100 100 92 100 92 100 100 99 70 63 49 90 100 93 98 57 23 39 0 9 99 100 100 100 100 100 100 100 100 93 96 53 13 99 99 87 92 99 100 100 100 100 96 4 0 0 0 0 0 30 90 36 2 51 100
