data/outputs/Figueira/2015/resolution_1/CONT_NORM_1_5.asc
ncols         300
nrows         300
xllcorner     -8.238677953804
yllcorner      39.915521016488
cellsize       0.000044966080
NODATA_value  -9999
[rows 110 to 164 of 300, columns 0 to 95 of 300]
2 0 0 0 0 0 0 0 0 0 0 0 0 8 89 71 53 57 22 3 77 97 96 21 0 0 51 80 96 99 100 100 100 90 4 0 24 15 0 84 100 100 99 95 82 5 0 0 0 0 0 35 100 100 82 100 62 30 63 100 81 4 0 0 0 6 0 11 48 18 40 31 44 97 100 100 93 85 28 0 0 0 23 67 52 65 85 39 1 5 0 0 0 0 0 0
34 6 0 0 0 0 0 0 0 0 0 4 53 96 81 85 78 81 7 12 26 76 44 42 41 2 30 63 83 100 100 100 100 49 0 1 34 19 1 64 80 89 53 1 0 0 0 0 0 0 19 98 100 100 100 100 91 11 10 92 27 0 0 0 2 61 54 94 100 93 51 40 75 99 100 100 99 83 100 64 18 0 2 39 19 6 47 0 36 76 54 2 0 0 0 0
5 24 0 0 0 0 0 0 0 0 35 95 64 53 46 69 100 84 8 5 24 55 31 52 100 90 85 60 48 71 78 82 96 5 0 0 0 16 21 0 0 0 0 0 0 0 0 0 0 12 94 100 100 100 100 100 88 31 25 27 0 0 0 0 23 100 100 100 100 100 94 89 100 100 100 100 95 52 100 100 80 8 0 0 0 16 33 34 91 100 96 5 0 0 0 0
25 1 0 0 0 0 0 0 0 0 30 57 76 61 77 86 100 64 40 81 100 100 90 82 100 100 100 90 23 28 98 99 71 3 0 0 0 47 18 0 0 0 0 0 0 0 0 0 0 38 100 100 100 100 100 100 100 100 97 83 28 13 10 2 56 100 100 100 100 100 100 100 100 100 100 96 11 21 88 100 93 86 54 17 0 12 68 100 100 100 94 0 0 0 0 0
28 11 0 0 0 0 0 0 11 2 15 99 100 100 94 98 100 100 100 100 100 100 98 54 42 68 100 100 97 98 100 100 81 0 0 0 0 1 0 0 0 0 0 0 0 0 0 0 0 0 89 100 100 100 100 100 100 100 100 100 87 83 98 80 100 100 100 100 100 100 100 100 100 100 100 40 0 0 15 58 93 100 72 79 6 0 5 71 100 100 100 77 62 8 0 0
80 23 0 0 0 0 25 7 6 4 32 82 100 100 100 100 100 100 100 100 100 100 100 100 100 100 100 100 100 100 100 100 100 23 0 0 0 1 0 0 43 31 2 0 0 0 5 32 65 72 100 100 100 100 100 100 100 100 100 100 45 50 100 100 100 100 100 100 100 100 100 100 100 100 89 2 0 0 0 44 100 98 17 11 5 0 0 0 28 87 100 100 97 82 30 1
43 9 0 0 0 4 26 0 0 38 84 27 34 69 99 100 100 100 100 100 100 100 100 100 100 100 100 100 100 100 100 100 95 5 0 0 0 0 0 0 76 100 63 14 54 68 96 100 100 100 100 100 100 100 99 99 100 100 100 97 21 84 100 100 100 100 100 100 100 100 100 100 100 100 54 0 0 0 0 84 83 50 23 85 96 76 39 0 0 11 76 100 48 3 0 0
34 24 0 0 0 0 0 0 0 0 1 2 33 74 92 98 100 100 100 100 100 100 100 100 100 100 100 100 100 100 100 100 89 28 0 0 0 13 13 29 80 100 100 100 100 100 100 100 100 100 100 100 100 100 92 77 100 100 91 99 88 100 100 100 100 100 100 100 100 100 100 100 100 100 62 0 0 0 22 99 100 100 99 66 98 98 81 13 0 0 2 44 36 0 0 11
53 93 55 2 0 0 0 0 0 0 0 0 65 100 95 72 99 100 100 100 100 100 100 100 100 100 100 100 100 100 100 100 100 98 52 33 52 98 100 100 100 100 100 100 100 100 100 100 100 100 100 100 100 100 100 99 100 92 88 28 97 100 100 100 100 100 100 100 86 44 50 86 100 97 45 0 0 5 68 100 100 100 100 92 82 25 1 5 0 0 0 0 0 1 2 0
0 2 42 80 62 1 0 0 0 0 0 0 3 87 79 83 100 100 100 100 100 100 100 100 100 100 100 100 100 100 100 100 100 100 100 100 100 100 100 100 100 100 100 100 100 100 100 100 100 100 100 100 100 100 100 100 100 100 91 6 77 100 100 100 100 100 100 100 72 30 3 19 96 53 53 5 0 11 91 100 100 100 100 99 34 42 1 0 0 0 0 0 0 0 20 41
21 3 0 5 46 87 75 8 0 0 0 0 0 8 47 99 100 100 100 100 100 100 100 100 100 100 100 100 100 100 100 100 100 100 100 100 100 100 100 100 100 100 100 100 100 100 100 100 100 100 100 100 100 100 99 100 77 100 40 0 83 100 100 100 100 100 92 72 93 97 89 95 99 94 80 16 1 31 97 99 93 100 100 90 39 9 0 0 0 0 0 0 0 0 32 74
68 0 0 1 0 21 38 27 0 0 0 0 0 0 0 20 94 63 96 100 100 100 100 100 100 100 100 100 100 100 100 100 100 100 100 100 100 100 100 100 100 100 89 99 100 100 100 100 100 100 100 100 100 100 21 22 68 78 2 1 88 100 100 100 100 100 100 65 72 80 100 100 100 100 81 18 8 24 97 100 100 100 100 93 99 17 0 0 0 0 4 67 37 11 0 0
79 13 2 27 11 42 24 9 0 0 11 24 16 9 0 25 98 61 93 100 100 100 100 100 100 100 100 100 100 100 100 100 100 100 100 100 100 100 100 100 100 100 41 96 100 99 100 100 100 100 100 100 100 70 0 7 16 3 0 0 74 100 100 88 99 100 100 81 73 100 100 100 100 100 34 1 1 73 100 100 100 100 100 100 95 1 50 83 72 53 65 99 99 89 6 0
80 87 89 57 86 78 82 59 33 31 86 100 99 98 94 96 100 100 100 100 100 100 100 100 100 100 100 100 100 100 100 90 93 100 100 100 100 100 100 100 100 100 57 53 99 63 44 63 100 100 100 100 100 89 45 34 79 24 0 0 73 100 86 56 81 87 100 75 6 77 85 73 93 43 0 0 15 97 100 100 99 88 100 100 78 67 91 100 100 93 100 100 47 56 0 0
39 54 81 91 100 88 71 100 100 100 100 100 100 100 100 100 100 100 100 100 100 100 100 100 100 100 100 100 100 100 100 88 100 100 100 100 100 100 100 100 100 100 98 27 26 82 26 7 77 100 100 100 100 99 62 6 20 0 0 18 87 100 84 93 83 98 76 62 14 57 17 43 60 63 80 1 42 100 100 100 76 16 97 100 97 100 100 100 100 69 91 54 61 6 7 21
28 2 23 92 100 100 100 100 100 100 100 100 100 100 100 100 100 100 100 100 100 100 100 100 100 100 100 100 100 100 100 100 85 100 100 100 100 100 100 100 100 100 100 70 2 26 5 0 2 89 69 90 91 14 2 22 95 45 53 79 100 77 22 76 100 65 68 57 20 34 0 14 85 90 89 0 41 93 100 94 81 88 100 100 82 100 100 100 100 99 21 0 47 4 0 0
58 45 90 100 100 100 100 100 100 100 100 100 100 100 100 100 100 100 100 100 100 100 100 100 100 100 100 100 100 100 100 100 100 100 100 100 100 100 100 100 100 100 99 43 0 3 0 0 2 48 18 51 90 16 0 0 13 2 28 100 100 70 0 54 99 100 80 16 5 0 19 86 100 35 23 34 99 100 75 53 0 21 25 17 34 82 92 100 100 64 10 5 4 0 2 29
80 100 100 100 100 100 100 100 100 100 100 100 100 100 100 100 100 98 100 100 100 100 100 100 100 100 100 100 75 86 99 100 100 100 100 89 100 100 100 100 100 100 89 2 0 3 0 0 0 12 13 91 89 21 0 1 0 13 35 99 97 17 8 21 76 95 66 10 22 24 75 100 97 10 76 94 100 81 12 14 60 0 0 0 3 27 8 78 65 66 77 71 0 0 13 100
80 100 100 100 100 100 100 100 100 100 100 100 100 99 88 96 37 44 100 100 100 100 100 100 100 100 100 99 12 94 100 100 100 100 99 63 100 100 100 100 100 100 100 81 15 4 0 1 4 4 1 62 97 32 28 81 23 6 80 99 93 9 46 72 73 11 0 23 92 100 97 68 49 55 100 100 100 83 28 0 0 0 0 0 1 46 82 57 0 69 100 92 7 0 9 26
71 100 94 86 100 100 100 100 100 100 100 100 100 52 0 3 0 14 92 100 100 100 100 100 100 100 100 97 9 57 100 100 100 100 98 25 99 100 100 100 100 72 34 56 23 7 1 85 51 33 35 93 100 56 5 93 11 2 89 93 100 95 34 29 46 5 0 0 15 37 18 15 15 65 100 100 99 99 92 23 39 15 0 0 0 9 5 0 13 82 100 100 80 25 26 41
52 85 92 96 100 100 100 100 100 100 100 100 84 16 0 5 1 0 61 100 100 100 100 100 100 100 100 100 66 68 100 100 92 100 69 46 100 99 93 80 45 22 0 2 25 9 6 97 100 48 48 100 99 29 59 60 4 21 100 71 74 94 62 43 16 0 0 0 0 0 0 11 93 97 89 81 33 64 100 99 75 11 24 1 0 0 0 1 68 100 100 100 100 100 100 69
45 99 100 100 100 100 100 100 100 100 100 94 28 0 0 1 0 0 54 100 100 100 100 100 100 100 100 100 90 28 27 50 68 97 51 41 32 10 0 6 7 96 42 46 69 3 5 85 95 3 78 100 75 0 77 45 2 56 81 17 22 16 0 1 0 0 0 0 0 0 0 0 81 99 49 22 1 41 100 100 63 25 56 2 0 0 0 29 71 91 23 86 100 100 100 100
66 100 100 100 100 100 100 100 100 98 64 34 1 0 0 0 0 0 45 100 100 100 100 100 100 100 100 100 67 0 1 0 0 9 0 0 0 0 4 86 43 98 53 97 73 4 0 64 100 21 30 99 69 20 97 48 64 95 18 0 0 0 0 0 0 5 38 53 4 1 0 1 42 57 37 57 47 15 52 79 77 97 61 22 0 0 0 0 28 100 71 40 83 94 78 96
77 100 100 100 100 100 100 100 91 50 2 0 0 0 0 0 0 0 44 100 100 100 100 100 100 100 100 100 25 0 30 2 0 0 0 0 0 6 63 63 75 97 86 100 99 35 40 98 99 86 53 76 76 80 99 95 61 25 15 14 0 0 21 21 6 81 60 28 2 0 1 0 0 0 32 99 100 73 44 23 59 93 6 0 2 13 23 48 93 100 59 2 42 28 2 10
72 100 100 100 100 100 100 100 69 50 48 7 0 0 0 0 0 0 25 100 100 100 100 100 100 100 100 100 52 0 18 1 0 0 0 0 0 0 7 93 48 90 58 98 88 15 32 91 16 49 94 97 97 100 70 78 21 6 91 59 1 11 77 83 16 94 14 0 0 0 27 9 0 0 31 100 100 100 93 36 85 100 83 8 45 69 77 48 54 25 7 8 0 0 0 2
80 100 100 100 100 100 100 100 89 61 54 95 7 0 0 0 0 0 6 91 100 100 100 100 100 100 100 100 51 0 0 4 0 2 1 0 0 0 5 25 88 86 47 51 38 0 24 45 5 45 69 24 34 33 5 73 90 7 16 10 0 0 0 15 38 36 1 0 0 0 19 0 0 38 49 72 100 100 100 57 10 66 67 16 71 54 12 11 0 16 6 0 0 0 0 39
80 100 100 100 100 97 100 73 72 47 7 10 0 0 0 0 0 5 2 94 100 100 100 100 100 100 93 99 89 72 67 74 14 3 0 0 0 0 0 0 43 81 64 81 28 0 39 6 3 26 8 0 1 14 23 43 20 0 0 0 0 0 4 59 53 46 12 0 9 57 1 0 39 93 96 17 51 100 68 7 0 9 0 33 99 94 1 7 20 87 14 16 21 0 0 74
80 100 100 87 44 29 66 0 0 0 0 0 1 4 0 24 14 66 95 100 100 100 100 100 100 100 100 100 100 100 94 12 2 0 0 0 0 0 0 0 54 27 54 96 31 0 0 0 0 0 0 0 49 19 45 36 0 41 78 17 0 0 4 5 2 0 25 3 0 31 5 35 99 66 54 54 42 93 79 0 0 0 0 0 34 100 77 96 100 100 99 100 99 88 93 99
80 100 100 32 40 43 33 0 0 0 0 0 19 30 6 65 14 33 38 99 100 100 100 100 100 100 100 100 100 59 43 39 68 34 0 0 0 0 0 0 5 4 20 16 0 0 0 0 0 0 0 0 0 7 9 0 0 1 46 13 0 0 58 96 63 21 0 0 0 0 21 80 51 6 12 45 53 39 80 21 10 32 56 55 70 100 100 100 100 100 100 100 100 100 100 100
80 100 100 20 0 0 0 0 0 0 0 0 9 0 4 0 0 9 3 95 100 100 100 100 100 100 74 84 99 14 11 19 27 2 0 0 0 0 0 0 0 0 0 0 0 0 0 0 0 1 2 0 0 0 0 4 1 0 59 39 0 0 23 28 5 70 59 0 0 0 0 7 8 39 7 0 0 0 11 94 99 100 100 100 100 100 100 100 100 100 100 100 100 100 100 100
80 92 100 72 0 0 0 0 0 0 7 17 39 37 18 1 0 24 25 55 100 100 100 100 100 100 100 80 99 48 0 0 0 0 0 0 0 8 0 0 0 0 0 0 0 0 0 0 0 0 0 0 0 2 3 2 0 0 6 13 0 0 26 82 19 22 99 82 6 0 11 56 65 0 0 0 0 0 70 91 100 100 100 100 100 100 100 100 100 100 100 100 100 100 100 85
79 48 25 52 44 1 0 0 0 2 76 90 4 44 10 0 16 93 69 91 100 100 100 100 100 100 100 100 100 70 0 0 0 0 0 0 2 15 4 21 17 14 5 0 0 0 0 0 0 0 0 0 1 1 21 0 0 0 0 0 5 23 70 100 74 31 99 100 71 0 32 98 100 65 0 0 0 0 3 72 100 100 100 100 100 100 100 100 100 100 100 100 100 100 76 2
78 64 20 0 0 0 0 0 0 28 100 100 60 96 87 10 0 8 17 90 100 100 100 100 100 100 100 100 100 54 0 0 4 0 0 0 0 0 0 6 58 78 13 0 0 0 0 0 0 0 0 0 0 0 0 0 0 0 38 86 96 100 100 100 100 99 100 100 99 43 0 29 49 36 0 0 0 0 0 32 100 100 100 100 100 100 100 100 100 96 73 100 100 88 11 1
7 50 20 0 0 0 0 0 0 9 85 92 84 91 100 60 1 15 59 100 100 100 100 100 75 100 100 95 82 15 0 24 93 11 0 0 0 0 0 0 7 5 0 0 0 0 0 0 0 0 0 0 8 13 0 2 2 0 45 100 100 100 100 100 100 100 100 100 100 94 40 33 54 27 1 0 0 0 0 5 81 100 100 100 100 100 100 100 100 99 68 87 100 56 0 8
11 11 0 32 9 1 0 0 0 0 38 100 98 94 100 99 45 46 83 90 100 100 100 100 100 97 72 7 14 60 88 44 80 40 0 0 0 9 9 0 0 0 0 0 0 0 0 0 0 0 5 20 42 50 0 22 64 1 89 85 100 100 100 100 100 100 100 99 99 100 99 100 100 78 39 0 7 2 35 81 85 100 100 96 83 73 71 86 99 100 70 76 75 88 25 0
57 11 5 1 3 2 0 0 0 0 1 66 99 100 100 100 84 54 98 50 98 100 100 100 96 29 0 0 47 100 89 99 99 50 1 0 0 29 10 0 0 0 0 0 0 0 0 0 0 11 86 100 100 58 0 7 30 8 85 81 100 100 100 100 99 89 80 41 10 16 85 100 100 100 93 40 66 78 41 28 86 100 79 3 7 2 78 40 36 72 96 100 99 100 99 81
43 0 0 0 24 18 40 41 0 1 0 0 64 100 100 100 78 43 99 87 100 100 100 85 72 2 0 0 24 100 55 35 41 4 23 61 0 0 0 1 12 39 5 0 0 0 0 0 42 49 65 100 100 57 0 21 12 37 100 100 100 100 100 95 18 0 0 0 0 0 40 84 96 100 96 66 79 99 69 14 55 100 99 66 71 24 9 0 0 0 45 81 68 28 17 7
18 0 0 46 79 83 14 6 0 0 0 0 0 65 84 100 84 95 51 63 100 99 67 8 50 36 0 0 24 90 26 0 0 0 2 81 12 0 0 3 17 87 56 0 0 0 0 0 63 100 100 100 92 78 81 73 73 93 100 100 100 100 100 30 0 0 0 0 0 0 0 0 15 33 11 0 5 47 57 6 0 57 57 6 2 0 0 0 0 0 0 0 0 0 0 0
78 50 31 44 94 45 2 0 0 0 0 0 0 12 67 54 14 6 34 96 100 49 0 0 0 0 0 0 0 1 0 51 32 0 0 19 2 0 0 18 58 52 84 37 46 41 43 3 15 85 100 100 100 99 100 100 100 100 100 100 100 100 87 0 0 0 0 0 0 0 0 0 0 0 0 0 0 8 51 24 82 71 49 12 0 12 5 0 0 0 0 0 0 0 0 0
50 30 52 27 2 10 34 0 0 1 0 0 5 20 85 64 23 25 92 99 72 2 0 0 1 1 1 1 0 0 0 81 88 2 46 100 33 0 9 74 85 43 99 94 64 99 88 30 64 100 100 100 92 85 100 100 100 100 100 100 100 100 94 35 13 36 4 0 0 0 0 0 0 0 0 0 0 3 1 0 60 13 39 54 0 27 25 0 0 0 0 0 0 0 0 0
80 74 6 22 22 76 88 62 3 23 14 0 0 0 11 1 0 0 0 64 82 8 1 0 0 0 1 0 0 0 1 79 66 76 98 58 24 87 64 99 100 100 100 94 87 100 100 100 100 100 100 100 100 100 100 100 100 100 100 100 100 100 100 100 99 100 20 0 0 0 0 0 0 31 0 0 0 0 0 0 3 0 7 2 0 0 0 0 0 0 0 0 0 0 0 0
48 86 58 6 3 41 100 100 21 1 0 0 0 0 0 1 45 23 0 11 90 96 64 2 0 0 0 0 0 0 25 69 100 81 84 11 2 90 100 100 100 100 100 100 100 100 100 100 100 100 100 100 100 100 100 65 52 100 100 100 100 100 100 100 100 92 8 0 0 0 0 0 0 22 0 0 0 0 0 0 0 0 13 12 0 0 14 0 0 0 0 0 0 0 0 0
2 81 100 35 3 40 87 100 19 0 0 0 0 7 15 15 87 52 32 71 83 100 86 9 0 0 19 42 39 84 99 100 90 48 91 95 55 92 100 100 100 100 100 100 100 100 100 100 100 100 100 100 100 100 100 83 51 100 100 100 100 100 100 100 98 45 2 0 0 0 0 0 13 5 0 0 0 0 0 0 0 0 0 3 0 0 0 0 0 0 0 1 23 14 0 0
62 94 99 96 18 0 28 95 71 26 0 0 0 77 100 81 100 100 17 61 86 86 13 0 1 35 86 100 100 92 54 91 55 48 93 100 93 100 100 100 100 100 100 100 100 100 100 100 100 87 91 100 100 100 54 28 58 100 100 96 95 100 100 100 100 62 8 0 0 0 0 15 8 0 0 0 0 0 0 0 0 0 0 0 0 0 0 0 0 0 0 0 34 32 0 0
52 56 93 91 26 2 0 10 94 80 0 2 14 58 100 100 100 92 14 53 16 69 2 10 90 99 93 77 31 23 76 93 98 100 66 88 28 85 100 100 100 100 100 100 100 100 100 100 100 100 100 100 100 98 64 86 87 98 50 5 1 13 36 89 100 91 5 0 0 0 0 74 68 34 0 0 0 4 20 1 0 0 0 0 0 0 0 2 10 6 21 56 24 0 0 0
15 0 10 20 63 41 26 0 47 28 16 74 72 73 92 100 86 55 13 23 2 31 0 7 89 94 91 44 28 76 99 100 100 100 88 82 67 100 100 100 100 100 100 100 85 99 100 100 100 100 100 100 100 99 77 100 85 98 8 0 0 0 0 52 100 97 10 0 0 0 0 0 0 0 0 0 0 32 98 14 0 0 0 0 0 0 0 32 97 51 31 70 52 1 0 0
2 0 0 0 0 8 58 44 86 57 98 88 30 8 21 23 10 7 0 11 36 28 53 21 94 91 100 99 100 100 100 100 100 58 47 18 72 100 100 100 100 82 75 43 99 93 86 100 100 100 100 100 100 96 88 100 100 100 59 0 0 0 0 0 20 55 0 0 0 0 0 0 0 0 0 0 0 31 40 2 1 0 0 0 0 0 12 80 82 2 69 15 10 2 0 0
0 0 0 0 0 0 14 65 35 2 16 19 17 13 19 31 24 60 56 86 100 100 100 97 100 100 100 100 100 100 100 100 90 6 1 28 80 74 100 100 96 59 48 21 100 100 93 99 100 100 100 100 76 11 5 69 100 100 42 0 0 0 0 0 0 0 0 0 68 36 0 0 0 30 31 0 0 0 0 0 0 0 0 0 0 0 0 1 8 4 40 32 2 0 7 0
0 0 0 0 0 0 0 0 0 0 0 0 55 99 100 100 90 100 100 100 94 89 97 100 100 100 100 100 100 100 100 100 99 15 14 77 26 2 25 39 53 38 29 72 92 100 93 99 100 100 100 75 53 37 2 44 87 59 0 0 0 7 31 10 0 0 0 0 5 3 4 42 73 61 21 0 20 39 0 0 0 0 0 0 0 7 2 15 0 0 0 0 0 17 73 7
0 0 0 1 6 0 0 0 1 7 0 0 37 89 56 53 42 87 46 19 6 25 29 45 31 41 91 78 87 100 100 100 91 5 37 95 5 0 0 0 0 0 34 71 100 100 100 85 30 74 90 56 24 12 0 13 64 13 0 0 0 68 100 32 0 0 0 0 0 8 1 0 7 0 0 0 9 28 0 0 0 0 0 0 0 19 15 0 0 0 0 0 0 2 3 0
0 0 0 0 0 0 0 0 0 1 0 0 0 1 0 0 0 10 3 0 5 60 35 4 0 2 6 2 2 24 33 28 44 5 33 22 0 0 0 0 2 57 100 100 100 100 100 88 52 68 11 35 0 0 1 49 13 5 6 14 5 2 23 4 0 0 2 0 0 0 0 0 0 0 0 0 0 0 17 3 0 0 0 26 17 0 7 13 18 58 15 0 0 0 0 0
0 0 0 0 0 0 0 0 0 0 0 0 0 0 0 0 0 0 0 0 0 2 1 2 0 0 0 2 0 0 6 21 2 0 0 2 0 0 0 50 95 100 100 100 96 48 96 97 15 19 55 4 18 0 0 0 0 16 5 0 0 0 2 7 0 0 0 0 0 0 0 0 0 0 0 0 35 53 69 66 9 0 0 68 98 61 84 100 100 100 66 0 0 0 0 0
0 1 50 32 0 0 0 0 0 0 0 0 0 0 0 0 0 0 0 0 0 56 39 0 0 0 1 31 1 0 2 10 0 10 1 44 52 31 9 78 73 57 41 17 8 0 54 90 8 29 84 30 3 0 0 1 17 8 5 0 0 0 12 9 0 0 0 0 0 0 0 0 0 0 0 22 99 100 100 30 0 0 43 100 100 100 100 100 100 96 13 0 0 0 37 7
2 0 48 41 1 12 0 0 0 0 0 0 0 0 0 0 0 9 0 0 0 20 5 0 0 0 0 3 2 0 0 22 22 50 57 79 100 65 0 0 0 0 0 0 1 1 0 0 12 21 0 0 0 0 0 0 49 71 44 3 0 4 81 81 9 0 0 0 0 0 0 0 0 0 0 54 100 98 85 32 26 7 93 100 100 100 100 100 92 24 0 0 0 0 0 0
71 41 5 67 60 67 0 0 0 0 0 0 0 3 2 0 0 0 0 0 0 0 0 0 0 58 54 35 0 0 0 0 4 72 100 85 99 41 0 0 0 0 0 0 0 0 0 0 0 0 0 0 0 0 0 27 74 18 27 42 0 2 54 100 41 0 0 0 0 0 24 45 29 7 13 69 63 20 81 38 29 31 100 100 100 100 100 100 24 0 0 0 0 0 0 2
