data/outputs/Figueira/2015/resolution_1/CONT_NORM_1_45.asc
ncols         33
nrows         33
xllcorner     -8.238677953804
yllcorner      39.915521016488
cellsize       0.000404694720
NODATA_value  -9999
40 76 58 61 83 58 82 30 6 1 2 77 14 32 96 17 26 93 85 61 76 50 58 30 0 7 67 61 75 18 40 71 10
63 80 32 85 33 77 74 22 48 0 13 17 7 46 29 28 53 80 98 62 26 45 61 36 37 20 46 50 44 62 62 55 81
68 33 39 55 22 12 42 51 25 0 4 20 1 10 14 32 83 100 92 93 90 93 92 69 84 42 31 51 75 67 66 80 70
36 4 10 70 21 45 83 69 26 14 8 27 29 30 31 59 89 100 82 25 68 93 100 86 78 72 40 75 99 100 48 5 5
71 21 16 22 18 49 60 35 60 46 60 13 69 72 30 37 85 99 84 57 45 62 100 80 93 84 80 62 89 92 52 16 3
44 32 26 21 48 46 32 51 84 86 57 81 94 49 3 0 45 21 17 48 22 58 93 99 91 93 94 62 54 76 45 69 41
55 61 6 2 43 28 11 54 97 72 27 68 60 44 20 0 11 54 54 25 29 91 77 89 90 91 73 38 15 25 20 34 20
97 66 4 12 46 27 9 8 30 36 10 11 0 43 64 10 2 5 60 95 76 86 37 49 89 92 63 2 1 9 3 59 43
35 73 67 70 48 4 8 43 29 19 30 15 31 58 81 55 49 58 65 44 57 89 47 94 100 74 1 0 0 0 2 34 88
0 55 42 82 49 19 39 42 44 64 13 1 23 33 24 46 99 100 83 27 48 38 63 80 32 31 33 13 16 12 21 42 99
65 71 61 84 90 87 64 37 82 28 15 23 46 16 26 65 67 36 84 83 52 62 100 99 35 52 63 60 27 58 81 80 84
9 19 19 68 91 36 59 21 44 16 9 6 42 85 76 34 3 0 5 57 75 71 73 78 84 41 79 82 32 41 86 97 99
10 63 84 68 38 70 78 86 63 44 30 19 7 53 43 66 30 8 40 25 23 41 52 52 87 90 91 89 75 93 97 84 98
64 73 100 97 89 64 47 69 65 61 35 49 38 29 3 67 81 77 74 40 55 76 78 50 35 29 41 41 55 47 63 91 87
90 24 94 43 48 44 37 15 60 37 44 39 21 11 31 50 71 95 67 99 98 47 78 86 83 99 82 91 80 52 69 60 27
23 42 87 36 5 11 36 57 41 84 57 24 17 16 37 98 80 79 71 95 87 57 55 65 83 90 96 92 43 37 92 95 46
42 34 37 52 73 89 83 23 9 8 5 9 13 27 34 37 10 7 76 61 59 29 67 90 89 98 69 91 58 55 92 90 63
10 18 35 44 45 51 24 7 21 38 7 18 2 10 2 7 9 5 32 16 19 51 99 92 73 44 56 94 97 88 100 54 41
32 11 45 71 33 50 81 84 86 94 83 76 71 23 16 35 55 21 53 44 4 46 50 99 61 31 23 35 91 89 90 69 54
9 0 15 62 66 40 83 95 86 44 77 64 23 22 40 54 9 25 98 92 28 22 83 96 62 44 51 22 56 69 86 39 7
15 69 11 24 42 19 75 55 21 20 85 70 23 65 26 27 54 5 58 71 84 29 72 85 59 47 93 87 65 94 93 60 48
9 47 65 54 37 27 55 16 24 71 40 20 46 75 47 30 93 34 30 88 32 60 90 78 78 50 63 96 60 83 99 83 38
10 44 58 44 30 69 66 35 46 94 84 41 82 92 59 32 25 25 3 91 60 98 97 85 77 91 85 69 82 100 93 85 85
29 29 45 41 35 41 61 92 62 29 42 87 91 94 82 22 33 45 48 21 42 58 44 10 83 96 89 81 74 79 72 93 68
75 53 27 26 20 71 77 16 7 3 45 49 47 95 91 11 32 20 91 98 55 35 39 9 34 86 97 87 95 85 25 98 66
88 60 40 19 19 25 38 10 1 20 84 55 70 95 45 16 25 22 71 96 92 33 28 35 46 69 46 73 79 82 92 89 87
72 46 5 16 20 39 47 36 25 49 64 37 66 58 17 25 48 9 26 75 74 37 62 67 50 70 91 48 14 50 94 83 91
33 26 74 88 93 83 98 78 46 71 68 9 53 79 27 6 0 11 41 36 98 95 66 50 95 71 26 39 39 25 78 99 86
18 57 95 81 38 29 51 78 45 58 58 52 25 52 39 2 26 49 56 93 99 99 59 99 95 85 49 52 64 88 96 99 94
29 58 75 43 52 29 49 69 93 36 82 61 39 53 73 51 33 42 59 58 53 72 49 62 65 89 97 96 98 91 81 100 100
78 80 49 45 87 65 72 96 77 65 62 77 74 40 43 83 65 3 7 18 35 49 49 41 49 45 73 97 76 74 88 98 87
91 62 76 93 53 55 89 99 84 95 79 93 94 64 42 25 85 74 41 7 9 39 46 57 80 84 80 80 81 77 77 89 96
62 81 56 80 68 77 71 68 84 98 97 98 94 88 44 28 27 73 85 12 8 28 62 56 63 76 71 53 71 70 78 59 40
