data/outputs/Figueira/2015/resolution_1/CONT_TOTAL_1_50.asc
ncols         30
nrows         30
xllcorner     -8.238677953804
yllcorner      39.915521016488
cellsize       0.000449660800
NODATA_value  -9999
6874 11450 5243 10038 8113 11951 5625 900 244 1030 9398 2534 7191 10938 1821 13041 12927 9612 10411 8288 10662 2281 0 4724 11459 10353 913 8087 7955 762
8184 12027 6119 11581 5729 11510 6014 6630 16 2351 3064 2483 9889 2798 5218 9066 14866 8645 4723 6614 5437 4603 3305 6872 7812 7975 10093 7650 9330 7847
10778 3848 9007 5155 2098 4567 9720 3589 490 587 2472 100 2566 1979 10202 14765 14129 13994 12403 13769 13307 9433 10222 3832 6665 10303 9069 10447 11980 10773
5148 513 4672 6674 5524 10290 11324 5973 1889 1975 3952 7011 2932 7008 11774 14586 13203 4316 9733 14312 14795 11439 12190 7104 9672 14288 14996 6836 637 891
9501 2791 3056 3539 3779 7977 5325 7591 9305 7961 3757 10553 10443 894 9636 13404 11522 9783 6887 11287 14739 12971 14056 12627 10087 11357 11978 7567 3986 1874
6544 5487 3982 2266 6970 3126 8605 13118 12056 8467 14142 13986 3228 21 2495 3783 2316 3957 2669 9788 14071 14861 12862 14479 11755 5322 11651 6469 9263 4266
11008 6727 5 1999 9051 1434 2880 11036 7962 2514 4712 3014 8268 1223 0 5451 8592 8917 7900 11954 8905 10963 13928 12317 4528 1474 2186 1542 5851 4536
12058 12123 5505 7327 3881 797 4974 3757 5561 3892 1868 2200 10753 9646 2423 1848 6861 12808 11698 13326 7281 14184 14282 6617 389 167 62 74 10167 10691
855 6746 9855 13109 1830 1379 4061 4243 6944 2769 1371 5904 7090 4382 10121 14663 13396 1611 7371 8308 7067 11957 10789 3705 1613 619 530 519 5817 13569
7047 13066 8894 10932 10666 13659 6292 12679 4753 2396 3653 2827 3333 9403 13766 9684 13245 11492 6966 8976 14926 9555 3483 6135 9362 2251 7330 10790 12045 10519
2961 3394 3411 13497 10693 7684 3568 6889 3265 1251 2008 8955 10994 6006 2015 173 1635 9625 10849 10510 11915 12657 9859 7544 14205 5872 5994 13262 14230 14081
1295 10119 12614 7093 7130 13328 10910 9632 6961 4292 1884 1580 9666 9825 6783 333 4826 4399 4311 7229 7460 10477 13931 12690 14242 11297 13188 14478 12850 14086
9994 11642 14594 14743 9620 7809 10066 9818 8515 5374 6587 6006 2271 3145 12514 11877 11997 6853 8994 10936 11471 7395 5112 6372 6793 8239 6822 8802 12935 12720
11516 3769 13546 3285 5792 5859 2653 6781 7403 7777 6232 1000 3936 6376 10863 13702 9248 14719 14060 5876 13481 12281 14138 12816 14117 12756 9806 12259 10168 3421
2968 8134 9629 2599 2859 7106 8975 4863 9549 5045 2501 2879 3346 9886 10746 8890 10275 13199 12788 8089 7380 10672 11860 12574 14032 6063 3758 13246 13092 4802
4680 5895 8413 10778 13526 11115 5050 1318 752 1209 1961 2282 2405 2648 988 754 8982 6831 5175 6930 13482 14633 12888 13962 12972 13286 10041 14921 9973 10652
3704 860 4419 5117 4218 5776 5651 7854 11140 5674 5919 3392 2647 1215 4036 3276 1957 2964 1783 11059 13270 14439 5064 3221 7666 14210 14619 13015 8042 6028
2065 1355 6231 13237 6337 11692 14951 14626 11834 13700 10071 4981 5934 7038 6766 3020 12134 11692 1613 3015 10150 11794 6115 6460 1789 11257 11169 13465 9935 1332
2041 6337 1254 4077 8716 6390 11799 6885 1453 12016 11196 3919 6895 1993 4723 2445 8436 13081 10588 7054 13537 11335 8275 12045 12288 6389 12720 12862 6612 7274
1570 9614 7738 6951 3009 7852 2763 3369 9257 6965 3471 6572 11059 3411 12367 6506 6212 10616 5920 7731 11573 12399 8835 6364 14230 10795 12094 14986 9457 5325
1373 8237 6745 7593 5459 10736 7677 5450 13155 11229 5718 13987 11807 7096 3158 5215 239 12672 9490 14509 14951 11273 13091 13645 10672 11568 14867 13460 13594 10198
4275 5794 5351 6286 5842 7918 11996 9826 4394 6989 12236 13625 13628 8747 2577 5733 9033 4294 7201 8537 4001 5186 13341 13937 12171 11398 11949 10410 13688 7104
11823 6954 4778 3292 5706 11159 4662 1065 744 8268 6718 10041 14661 6232 2501 3145 12125 14907 9479 3692 4664 3963 8466 14191 12754 13890 12777 7077 14603 8691
13107 8732 4090 1153 4769 3546 2289 456 2829 11622 5117 11330 9372 4742 4514 1836 7300 13546 12617 5461 5958 6246 8663 8949 9631 8878 11163 13006 13989 10900
8680 2740 3680 7524 8125 11198 9892 5943 9175 10652 5770 12936 5727 3860 2982 2650 1752 8401 12042 8854 6964 12266 9585 9574 9482 4212 4575 13413 12340 12764
2320 8533 14619 12350 7915 10560 11214 7576 10826 8884 3495 3420 10856 1295 41 4090 10831 9285 14998 14318 9319 13145 12404 6112 6089 6796 8414 13338 14820 12267
3182 11328 12353 5837 3871 6196 9553 12610 6259 10870 9796 4865 11385 6716 4042 6742 5447 12090 11486 11753 8406 11207 14129 14334 10677 13001 14468 14499 14978 14700
10722 8948 5502 11431 12018 9278 11571 12061 7787 10445 9517 7797 5281 10419 11869 1919 3735 2873 5673 9069 8597 6548 7110 9338 14035 12896 10125 11755 14360 13637
13512 9376 13119 10245 6650 12677 14600 12529 13792 10394 14152 12633 8640 3396 12094 8148 5691 1804 2740 5968 7771 8751 13787 11026 13674 12533 12816 12526 13499 14538
10034 10921 9523 12452 10065 9324 11826 12164 14700 14662 14597 13925 10526 5177 4999 7965 13519 2138 1365 4328 9341 9162 9572 11400 7813 10700 10344 11374 9201 5329
