data/outputs/Figueira/2015/resolution_1/CONT_SPEC_1_25.asc
ncols         60
nrows         60
xllcorner     -8.238677953804
yllcorner      39.915521016488
cellsize       0.000224830400
NODATA_value  -9999
[rows 30 to 59 of 60, columns 0 to 59 of 60]
3.15600 2.804800 0.95600 2.685600 2.386400 2.21200 4.510400 4.72800 5.955200 5.96800 5.777600 4.943200 5.349600 1.040800 0.649600 0.061600 0.096800 0.07600 0.493600 0.01600 0.929600 0.54800 1.067200 1.542400 1.371200 2.376800 1.953600 1.790400 0.433600 0.183200 0.245600 0.734400 3.08400 4.920800 4.059200 3.82400 2.259200 2.10800 0.574400 2.60400 4.954400 5.656800 6.0000 6.0000 5.426400 6.0000 5.961600 5.373600 3.223200 5.582400 5.94800 3.45200 2.499200 5.13600 5.873600 6.0000 5.94400 4.83200 5.006400 4.804800
0.28000 1.247200 2.616800 3.172800 3.535200 5.326400 4.43600 3.570400 4.076800 5.640800 4.08800 2.974400 1.010400 0.678400 0.645600 0.751200 0.003200 1.027200 1.019200 0.405600 1.563200 0.09600 0.057600 0.98400 0.099200 0.0000 0.043200 0.449600 0.96000 0.003200 0.001600 0.22400 0.81200 5.553600 2.733600 0.31200 1.054400 2.857600 1.909600 6.0000 5.991200 4.96800 5.996800 5.41600 4.895200 4.298400 5.01600 5.987200 5.948800 6.0000 6.0000 5.857600 2.66800 5.761600 6.0000 6.0000 3.943200 1.236800 2.738400 4.492800
1.006400 0.193600 0.01600 0.052800 0.546400 0.532800 1.253600 1.820800 2.51200 2.15600 0.575200 1.185600 1.044800 0.004800 0.282400 2.963200 2.750400 4.264800 0.314400 0.620800 1.386400 0.256800 0.24000 0.084800 1.337600 0.267200 0.099200 0.0000 0.21200 0.974400 0.940800 0.460800 0.294400 0.302400 0.022400 1.18800 0.0000 2.151200 1.796800 5.758400 5.872800 5.97600 5.96800 5.24800 2.324800 0.90800 1.453600 1.16400 2.673600 5.518400 6.0000 6.0000 6.0000 6.0000 6.0000 5.835200 4.293600 2.07600 2.011200 1.269600
4.140800 0.584800 0.703200 0.60400 2.46400 3.527200 3.001600 2.110400 0.049600 2.030400 3.588800 3.89200 5.04000 2.951200 5.66000 3.660800 5.96800 4.84000 3.365600 4.777600 3.244800 4.582400 3.666400 1.435200 1.820800 0.808800 0.427200 1.417600 2.423200 2.847200 2.425600 1.414400 0.851200 1.683200 0.859200 2.672800 0.044800 0.65600 4.139200 6.0000 3.771200 5.61200 5.908800 5.977600 3.706400 1.163200 1.081600 1.454400 0.988800 3.08400 5.508800 5.227200 6.0000 5.390400 6.0000 2.98800 2.57600 3.920800 4.209600 2.154400
1.51600 0.108800 0.509600 1.495200 2.746400 4.236800 6.0000 5.403200 2.00800 2.200800 4.100800 6.0000 6.0000 6.0000 6.0000 5.980800 5.926400 6.0000 5.963200 5.980800 5.355200 5.439200 5.169600 1.283200 1.641600 2.897600 1.423200 2.708800 3.526400 4.07600 2.00400 1.39600 4.435200 5.552800 5.03600 2.899200 0.132800 0.131200 0.069600 1.62000 0.409600 4.881600 6.0000 4.74800 0.306400 2.190400 2.50400 1.896800 0.46400 0.537600 3.52000 5.812800 4.63200 4.296800 5.873600 5.755200 5.765600 5.629600 2.020800 0.080800
1.224800 0.454400 0.0000 0.163200 0.819200 2.167200 5.240800 4.534400 4.808800 1.121600 3.391200 5.215200 6.0000 5.921600 5.467200 5.953600 3.321600 3.685600 4.89200 5.083200 4.019200 1.3000 0.494400 1.021600 1.621600 3.333600 2.035200 5.093600 3.06800 0.155200 1.030400 0.400800 3.425600 6.0000 5.857600 4.913600 2.281600 0.035200 0.929600 2.20400 4.992800 5.955200 5.437600 2.68400 5.12800 2.158400 3.97200 1.962400 1.47600 0.384800 3.611200 5.067200 3.158400 5.783200 5.76800 4.147200 3.73600 0.76400 0.001600 0.02800
0.187200 0.38800 0.87200 0.698400 0.926400 0.855200 1.528800 1.523200 5.165600 5.287200 1.052800 3.67200 5.585600 4.97200 5.325600 3.179200 0.41200 0.362400 2.408800 5.812800 5.695200 3.680800 2.65600 0.635200 1.02400 1.26400 1.378400 0.476800 0.0000 0.33600 0.935200 2.0000 3.933600 6.0000 6.0000 6.0000 4.420800 2.979200 2.351200 4.436800 5.460800 6.0000 6.0000 5.401600 2.819200 3.131200 2.746400 5.926400 5.617600 2.793600 0.26000 0.042400 3.046400 5.796800 5.402400 3.98400 1.795200 1.400800 2.216800 2.691200
1.101600 1.588800 4.464800 4.103200 0.161600 0.062400 1.95200 1.519200 2.508800 0.983200 0.670400 4.828800 4.51200 3.808800 1.940800 0.569600 0.032800 1.517600 5.432800 5.570400 5.593600 2.94400 0.98800 1.991200 5.123200 3.620800 0.349600 0.983200 2.999200 4.221600 0.853600 0.123200 0.64800 2.915200 3.450400 5.479200 6.0000 3.540800 0.382400 4.11600 4.648800 5.548800 4.553600 2.18000 4.213600 3.07600 4.620800 5.977600 6.0000 5.249600 5.354400 4.565600 5.991200 5.517600 5.574400 5.617600 3.295200 4.08800 3.289600 3.440800
0.106400 1.414400 3.798400 4.675200 1.51600 2.104800 1.293600 4.048800 2.366400 0.459200 1.472800 3.701600 1.76800 0.333600 0.970400 0.0000 1.39600 5.042400 5.936800 2.091200 0.759200 1.463200 0.134400 1.126400 3.967200 3.52000 2.133600 1.690400 4.11200 6.0000 3.108800 0.104800 2.755200 4.78400 4.317600 2.502400 2.144800 3.32400 0.234400 1.449600 3.345600 4.869600 5.485600 4.512800 3.856800 1.09600 1.034400 4.64800 6.0000 6.0000 5.98400 5.161600 3.61600 5.963200 6.0000 5.987200 4.388800 0.930400 2.377600 1.68800
0.376800 0.614400 1.176800 5.73200 3.715200 5.04400 3.461600 2.317600 1.341600 0.647200 3.638400 3.749600 1.592800 0.725600 1.491200 2.92800 3.383200 4.989600 2.655200 0.460800 0.448800 2.882400 3.72800 5.525600 5.334400 4.872800 1.147200 0.485600 3.675200 6.0000 4.298400 2.897600 1.522400 0.876800 4.395200 5.769600 2.855200 1.14800 4.706400 5.978400 6.0000 4.301600 4.714400 5.124800 4.617600 4.565600 2.310400 2.189600 5.008800 5.758400 5.440800 0.684800 3.777600 5.993600 6.0000 5.990400 5.90400 3.90800 1.567200 2.886400
0.43200 0.679200 1.315200 5.00800 5.2000 2.806400 5.200800 2.834400 1.27600 4.499200 4.23600 4.518400 4.789600 2.73600 0.416800 0.809600 3.206400 5.879200 4.430400 2.66000 0.813600 1.252800 4.653600 5.976800 4.916800 4.46000 3.415200 1.58000 1.173600 1.563200 4.417600 1.397600 0.21200 0.149600 4.001600 5.98400 4.603200 3.538400 6.0000 6.0000 5.996800 5.98400 4.905600 4.248800 4.975200 5.814400 5.259200 5.86400 3.870400 3.408800 4.69600 4.70400 5.787200 6.0000 5.68000 4.323200 4.337600 5.876800 3.492800 3.247200
0.098400 0.987200 2.03200 4.823200 2.16800 0.617600 1.437600 2.67600 0.655200 2.30400 4.936800 3.486400 2.647200 2.109600 2.779200 4.714400 5.961600 6.0000 5.910400 4.964800 3.841600 3.24000 5.76400 5.98400 5.613600 3.9000 2.918400 3.439200 0.562400 1.752800 1.239200 1.289600 0.002400 0.017600 4.694400 5.594400 4.699200 2.343200 5.960800 5.253600 5.94000 6.0000 4.660800 4.221600 5.041600 5.114400 5.96400 4.74400 4.57200 5.223200 3.10800 6.0000 6.0000 6.0000 6.0000 5.532800 5.555200 5.980800 5.855200 3.720800
1.689600 1.136800 1.239200 3.94000 2.566400 1.064800 1.78000 2.703200 1.097600 2.846400 2.364800 3.08400 2.924800 5.947200 5.979200 4.575200 4.594400 1.262400 2.376800 3.404800 5.78000 5.982400 6.0000 5.980800 5.497600 4.307200 3.791200 2.777600 0.973600 1.693600 4.970400 1.929600 4.06800 0.941600 1.03600 0.743200 1.898400 2.30400 3.364800 4.0000 3.34000 1.975200 0.058400 4.419200 6.0000 5.94000 5.006400 5.29200 5.600800 4.47600 3.428800 4.354400 5.772800 5.947200 5.749600 6.0000 5.980800 5.996800 4.79600 2.889600
2.282400 1.731200 2.358400 1.73200 3.036800 1.892800 2.940800 2.632800 2.167200 3.235200 2.847200 4.372800 4.804800 5.51600 4.338400 0.82800 1.165600 0.00800 0.16800 5.23200 4.914400 2.900800 5.520800 4.297600 6.0000 6.0000 5.931200 1.494400 0.063200 1.392800 0.829600 1.442400 4.376800 5.065600 1.92000 3.170400 2.217600 5.100800 4.09600 2.197600 1.085600 0.0000 0.43600 3.38400 3.459200 5.945600 6.0000 6.0000 3.989600 5.406400 5.853600 4.599200 3.417600 3.980800 0.53200 4.374400 5.962400 3.960800 3.538400 0.141600
5.69200 2.910400 4.991200 1.801600 2.773600 2.323200 2.787200 1.308800 1.293600 5.43600 3.929600 4.262400 2.85600 0.240800 0.57200 0.72000 0.215200 0.0000 0.247200 5.766400 3.462400 1.191200 1.487200 5.300800 6.0000 6.0000 5.525600 1.651200 0.036800 1.654400 3.023200 0.730400 4.985600 5.931200 5.898400 5.952800 1.915200 4.66000 3.337600 1.802400 3.277600 0.240800 0.160800 1.345600 1.427200 4.52800 6.0000 6.0000 6.0000 5.646400 5.50400 5.924800 5.820800 5.83200 0.634400 2.078400 5.996800 5.849600 4.422400 2.41200
5.651200 4.663200 2.661600 1.671200 1.053600 1.494400 0.462400 0.708800 0.81200 1.58800 3.687200 5.974400 4.012800 0.348800 0.41200 0.0000 0.540800 0.434400 2.240800 4.973600 3.708800 2.385600 3.727200 5.549600 5.91200 5.545600 2.704800 0.088800 0.38400 1.925600 1.167200 0.110400 2.51200 5.971200 6.0000 6.0000 5.763200 2.827200 0.766400 0.0000 2.79600 1.147200 1.02800 3.805600 3.88000 3.709600 5.902400 4.802400 5.009600 3.749600 5.587200 5.207200 4.480800 4.309600 3.82400 4.786400 6.0000 5.518400 4.865600 2.205600
5.556800 5.518400 3.916800 2.87200 2.935200 2.834400 1.256800 0.18800 2.326400 1.247200 0.919200 1.671200 1.588800 0.475200 0.038400 0.16800 0.073600 2.016800 5.667200 4.75600 4.196800 2.063200 3.566400 5.993600 5.875200 3.784800 1.979200 0.522400 2.113600 2.35600 0.240800 2.13600 3.948800 4.824800 5.110400 5.996800 5.812800 5.539200 1.38800 0.895200 0.665600 2.052800 1.78400 1.761600 3.467200 4.109600 2.554400 1.166400 4.780800 4.809600 5.295200 4.899200 4.243200 5.42000 6.0000 5.891200 5.503200 6.0000 5.71600 1.434400
4.743200 5.15200 4.296800 2.885600 0.724800 0.048800 0.01600 0.38400 1.857600 2.199200 1.626400 1.45600 0.777600 0.82000 0.144800 0.377600 0.25600 2.179200 4.302400 3.868800 1.7000 0.227200 3.08800 5.479200 4.29600 1.039200 1.711200 3.374400 0.88000 1.872800 0.40800 0.15200 0.693600 2.212800 5.373600 5.192800 5.080800 3.753600 2.492800 3.960800 4.229600 2.584800 3.937600 2.509600 1.438400 4.845600 5.65600 4.940800 3.274400 2.544800 1.77600 2.233600 3.126400 5.070400 4.862400 4.055200 4.88000 5.999200 5.93600 4.352800
3.900800 3.499200 3.053600 0.334400 0.241600 0.150400 1.559200 0.362400 1.37200 1.840800 2.753600 3.259200 2.180800 3.104800 1.891200 1.56000 3.017600 4.259200 3.694400 4.893600 3.37200 2.456800 4.976800 4.052800 3.859200 1.505600 1.819200 1.498400 0.260800 4.43200 3.999200 0.240800 0.0000 1.396800 3.886400 4.857600 4.519200 3.302400 2.465600 1.304800 3.71200 3.34000 5.614400 4.692800 2.162400 3.214400 4.801600 6.0000 5.924800 3.162400 1.062400 0.680800 0.090400 4.893600 6.0000 6.0000 3.975200 3.852800 5.726400 4.959200
3.010400 3.477600 0.58400 0.411200 2.799200 2.69600 5.342400 4.773600 5.01600 4.770400 5.942400 5.961600 5.993600 4.54800 3.064800 2.99200 4.843200 2.56000 4.665600 3.789600 0.999200 2.40400 5.88800 5.779200 3.420800 0.376800 2.206400 0.65200 0.076800 0.001600 0.0000 0.0000 0.602400 0.803200 0.105600 4.59200 5.634400 5.811200 5.64000 4.75600 1.75200 2.338400 3.62400 5.693600 5.642400 4.316800 2.52000 1.996800 3.905600 2.178400 2.590400 2.405600 0.54800 1.78800 4.815200 4.645600 5.91600 6.0000 5.529600 4.207200
1.16400 0.840800 1.646400 4.66000 5.980800 5.68000 5.799200 5.524800 5.751200 4.620800 4.965600 5.620800 6.0000 4.28400 2.711200 2.940800 4.179200 5.174400 4.885600 1.943200 0.041600 0.466400 1.478400 2.978400 5.819200 2.545600 1.196800 0.490400 0.0000 0.0000 0.0000 0.327200 5.403200 3.296800 0.231200 3.43200 5.996800 6.0000 5.716800 5.766400 5.29200 2.093600 3.294400 5.914400 5.225600 4.892800 3.29600 1.003200 1.317600 2.234400 0.857600 2.73200 2.107200 2.192800 5.077600 5.04800 5.837600 5.977600 5.087200 3.96000
0.034400 1.672800 2.08000 5.266400 5.729600 6.0000 5.551200 2.884800 1.808800 0.483200 1.942400 4.367200 3.041600 4.616800 4.688800 1.780800 2.382400 5.585600 4.193600 3.191200 1.975200 3.10800 0.880800 0.134400 4.77200 4.23200 0.370400 0.013600 0.053600 0.01200 2.211200 4.005600 3.381600 5.247200 5.921600 5.271200 6.0000 6.0000 6.0000 5.425600 1.861600 5.662400 5.86000 5.962400 4.959200 4.768800 3.819200 1.660800 2.538400 3.65200 3.173600 4.109600 3.371200 5.790400 5.251200 5.963200 5.980800 5.915200 5.737600 4.842400
0.17600 2.814400 4.893600 3.99600 6.0000 5.709600 3.189600 2.966400 1.342400 2.160800 1.914400 2.870400 2.36000 5.822400 5.894400 2.49200 0.90400 4.033600 3.424800 3.405600 4.165600 3.463200 1.86800 0.118400 3.499200 5.342400 1.379200 0.495200 0.721600 2.004800 4.096800 2.145600 0.693600 0.89600 5.079200 5.799200 5.718400 5.883200 6.0000 3.949600 3.978400 5.714400 5.98400 6.0000 5.996800 5.980800 5.828800 5.105600 2.506400 2.758400 4.088800 4.862400 5.537600 5.944800 6.0000 6.0000 6.0000 6.0000 6.0000 5.76000
1.00800 1.092800 3.291200 5.94400 5.817600 2.236800 1.82800 1.354400 2.416800 0.273600 1.29200 3.83600 2.212800 4.888800 5.960800 5.828800 1.797600 3.278400 5.221600 5.339200 3.804800 4.239200 2.801600 2.99600 4.196800 5.176800 5.470400 3.400800 1.671200 2.068800 0.934400 3.610400 3.487200 3.638400 5.120800 3.344800 2.36400 4.411200 3.702400 5.152800 1.756800 1.999200 2.547200 3.4000 4.71200 5.916800 6.0000 6.0000 5.838400 5.979200 5.849600 6.0000 5.879200 5.787200 5.217600 5.980800 5.964800 6.0000 6.0000 5.76000
1.809600 5.66400 2.861600 1.07200 1.731200 3.435200 4.516800 5.797600 5.46800 4.272800 4.860800 2.610400 3.434400 3.713600 4.021600 5.945600 3.501600 0.190400 3.46800 5.653600 3.533600 1.32400 2.204800 2.098400 1.295200 0.724800 4.280800 5.69600 4.478400 3.26400 0.335200 1.923200 3.195200 2.464800 1.803200 0.794400 1.55200 2.714400 3.433600 4.833600 2.808800 4.864800 2.674400 3.232800 1.99600 3.58000 2.90400 5.340800 6.0000 6.0000 5.996800 5.368800 3.511200 4.344800 1.56800 5.974400 5.996800 5.942400 6.0000 5.76000
3.684800 5.996800 5.75200 4.631200 2.835200 0.800800 2.419200 5.55600 5.641600 3.846400 3.7000 3.673600 5.384800 5.980800 4.24400 5.086400 5.068800 3.697600 3.050400 4.539200 5.129600 5.24000 5.531200 2.640800 2.700800 3.72800 1.678400 5.014400 5.98000 5.26800 0.75200 0.059200 0.20400 0.111200 0.699200 1.299200 2.261600 2.548800 2.84000 3.403200 3.90800 2.172800 2.706400 1.863200 3.314400 2.484800 2.64000 4.055200 4.45600 6.0000 5.72800 3.539200 3.642400 4.700800 5.284800 5.980800 5.84800 5.188800 4.299200 5.76000
5.735200 5.433600 4.003200 3.726400 5.460800 5.842400 3.671200 1.179200 3.10400 4.145600 5.399200 5.199200 5.44400 6.0000 4.914400 3.430400 5.320800 5.516800 3.642400 3.601600 5.057600 5.890400 5.91600 3.842400 3.52800 3.549600 1.357600 0.894400 4.854400 6.0000 1.14000 1.806400 1.078400 1.117600 0.66000 1.04000 1.387200 2.513600 2.618400 3.68400 3.654400 2.860800 3.055200 4.82000 5.93600 5.280800 3.09600 5.671200 5.864800 5.358400 5.20400 5.765600 5.98400 5.620800 5.814400 6.0000 6.0000 5.324800 5.881600 5.76000
5.76000 4.689600 3.571200 3.7000 4.55200 5.134400 5.944800 5.59600 2.48800 0.901600 3.91200 5.77200 5.986400 5.929600 6.0000 5.700800 5.481600 5.747200 5.340800 4.045600 5.695200 6.0000 5.52800 4.926400 4.005600 2.74000 2.689600 0.49200 2.49600 6.0000 4.24400 5.845600 5.464800 1.44400 1.123200 0.062400 0.232800 0.250400 1.876800 1.369600 2.12800 3.790400 3.104800 3.021600 5.804800 5.037600 5.50800 3.365600 5.601600 5.053600 3.17200 5.910400 5.601600 3.298400 2.917600 5.309600 5.571200 4.701600 5.996800 5.621600
5.244800 5.166400 4.093600 3.990400 3.588800 3.888800 4.480800 5.02800 2.318400 4.410400 3.260800 2.549600 5.978400 5.674400 5.352800 5.69200 6.0000 6.0000 6.0000 5.948800 6.0000 6.0000 5.921600 5.518400 4.26400 2.604800 2.38400 0.925600 1.992800 3.61200 2.076800 5.559200 6.0000 5.59600 0.921600 0.005600 0.119200 0.53600 1.304800 1.067200 3.135200 4.36400 4.298400 4.345600 1.886400 4.708800 5.980800 4.35600 3.355200 2.737600 3.035200 5.042400 5.171200 2.89600 3.606400 5.363200 3.706400 4.493600 3.74000 2.978400
2.075200 3.56800 5.601600 3.787200 3.41600 4.343200 5.14400 5.270400 4.740800 4.634400 5.260800 3.846400 5.24000 2.028800 3.24000 5.176800 5.76000 5.76000 5.750400 5.76000 5.76000 5.594400 5.421600 5.417600 5.7000 4.272800 2.06800 2.904800 1.080800 1.31200 0.434400 4.673600 5.597600 4.436800 2.136800 0.356800 0.488800 1.039200 1.02800 3.524800 4.182400 3.263200 2.501600 3.512800 4.26800 4.45200 3.862400 4.040800 3.483200 2.924800 4.759200 4.283200 4.780800 3.701600 4.748800 4.479200 3.049600 3.47200 1.06000 0.747200
