data/outputs/Figueira/2015/resolution_1/CONT_SPEC_1_55.asc
ncols         27
nrows         27
xllcorner     -8.238677953804
yllcorner      39.915521016488
cellsize       0.000494626880
NODATA_value  -9999
2.759008 4.994545 2.722314 5.158843 3.851405 3.593388 1.548099 0.113223 0.249090 3.377025 1.422975 4.451901 2.102975 1.511240 5.414876 4.301322 4.048264 2.494711 3.055702 0.795867 0.105950 3.287934 3.931405 3.825455 1.279339 4.374380 1.460661
4.035702 2.857025 3.666612 2.019504 3.460826 4.140331 1.620992 0.824628 0.351735 0.902809 0.373719 1.463306 1.555041 4.378843 5.799339 5.731405 3.021653 3.697025 4.189752 3.360165 2.425455 1.283636 2.199835 2.470744 3.106942 4.227438 5.371901
3.248430 0.303305 3.301157 1.490083 0.813057 3.938347 2.579174 0.433884 0.280495 1.488595 0.774049 1.459339 1.809752 4.840826 5.795868 3.918347 4.751240 5.791074 5.957686 4.430083 4.403802 3.031240 4.972066 5.915537 5.043471 2.477025 1.474711
3.116860 0.618843 1.939504 1.039835 3.882314 3.849421 2.638512 3.226446 2.673058 0.923966 4.268595 2.704298 2.511074 5.463140 5.942810 3.758678 3.116529 3.634380 5.975207 4.717190 5.694050 3.786777 3.476364 5.878347 4.960496 0.936694 0.141157
2.423140 1.983306 1.158182 2.059504 2.571240 2.127273 3.724298 5.272397 3.240826 4.822149 5.265124 1.128264 0.022148 2.254545 1.531570 2.015372 2.094215 3.052562 5.499504 5.883471 5.276364 5.859008 3.798512 3.537686 3.295537 4.171074 2.193884
4.065455 2.131074 0.099008 1.887603 2.303306 0.599669 4.163140 3.986446 1.558347 2.725289 1.957190 2.976860 0.003636 0.518016 3.243306 3.310909 1.536364 5.290909 4.025289 4.670744 5.638843 4.622314 1.755041 0.845785 0.944462 1.576198 1.618017
5.017355 4.103967 1.664132 3.311405 0.469256 1.023471 1.738347 1.731074 1.593223 0.828099 0.837024 4.707603 2.905289 0.464793 1.035868 4.864959 4.443636 5.620496 2.921488 5.307603 5.518182 2.389752 0.077851 0.070743 0.089090 1.704793 4.330909
0.555702 2.808595 4.614545 3.648760 0.366942 1.141322 2.334545 2.741157 1.381983 0.501322 2.209587 2.652066 1.897190 5.612231 5.840661 2.674050 1.84000 3.589917 3.043306 4.570744 3.772727 1.393884 0.425785 0.514214 0.136198 0.912231 5.090083
3.267603 4.404959 3.691405 5.005785 4.897521 3.799339 3.094380 3.117355 0.831570 1.529917 1.773223 1.26000 3.753223 4.273719 3.250413 5.524463 3.584463 3.022810 5.999835 4.314545 2.253058 3.044959 3.198678 1.926281 4.101157 5.063140 5.022975
0.415206 2.003306 2.685620 4.380661 2.536033 2.68000 2.711240 1.580661 0.758016 0.557520 3.065289 5.282479 3.180165 0.227603 0.017355 0.962644 4.186281 4.728926 4.250744 4.934050 4.062314 4.121653 5.013223 2.083306 4.142479 5.693058 5.873058
1.160496 4.792893 5.794380 3.549587 4.957355 4.776694 4.363636 3.663306 2.347107 1.840826 0.726942 2.065785 3.191736 3.327934 2.020496 2.498347 1.354876 2.570083 2.759835 2.527769 3.621818 4.040661 5.040165 5.129917 5.244959 5.277190 5.845950
5.42000 4.028430 5.050909 4.166612 2.845620 2.694545 2.491240 2.879504 2.597686 2.214545 2.026281 0.886776 2.266281 4.758678 5.474050 4.917025 4.653388 3.868099 5.440992 4.592066 4.512562 4.252893 3.183306 2.925455 2.575207 3.923471 2.949752
2.189917 3.194876 4.296694 0.644297 0.573388 2.390744 2.427769 3.885950 3.627273 2.237355 0.493884 1.538512 4.789752 4.538512 4.665785 4.906942 5.654711 3.757190 3.822314 4.770083 4.919669 5.395702 5.803967 3.416033 3.712231 5.991074 3.184628
2.023306 2.792066 2.503636 3.886281 5.049752 4.349587 0.472562 0.890413 0.476363 0.495371 1.511736 1.512727 2.143140 0.863140 1.211901 4.411901 3.811405 2.208926 4.307438 5.260331 5.496198 4.681653 5.273223 2.730909 4.292066 5.662645 3.548926
0.900661 1.269091 2.378512 1.808595 2.465950 1.874215 1.529091 2.886777 1.547934 1.731570 0.669752 0.579173 0.538677 1.220992 0.519834 1.395041 0.689256 3.116860 5.813223 5.651240 2.571240 2.368926 4.774545 5.533554 5.980661 4.158678 2.385950
1.078182 0.889917 3.755372 4.242314 2.576694 5.900661 5.655207 5.428595 5.525455 4.171074 2.243471 2.239339 3.188099 2.285124 2.193554 4.794050 1.776364 1.026777 3.442810 4.940826 2.279504 1.861983 1.415537 5.156529 5.239339 4.869421 2.284959
0.865124 2.072231 0.806281 2.623967 2.469421 4.640826 3.867934 0.875206 3.913719 4.492397 1.537190 2.213554 1.253388 1.427769 1.693388 4.776033 5.059008 2.211570 5.429587 4.767273 3.306612 5.255868 4.026446 3.077521 5.624463 3.324959 2.496694
0.655867 3.958678 2.686446 2.762975 1.632066 2.693058 1.154050 2.797521 3.292893 1.295372 2.993223 4.149256 1.413884 5.252066 1.722975 3.575868 3.018678 3.095702 4.671570 4.905455 3.702479 3.159174 5.770909 3.642479 5.907273 5.347438 2.238347
0.761322 3.689587 2.113223 2.342810 3.682810 3.342810 2.644132 4.828264 4.990413 3.115372 5.724959 4.347603 2.258182 1.777025 1.204132 2.254711 3.842975 5.069917 5.683636 4.16000 5.331405 5.085124 4.384793 5.474050 5.933884 5.194380 5.384463
2.163140 2.754711 2.202314 1.982810 3.327273 4.222479 3.801653 0.965619 1.896529 4.255207 4.957521 5.990744 2.24000 1.825785 3.053388 3.32000 2.751736 3.697025 1.552727 1.482645 4.534545 5.731901 4.804959 4.760496 3.603967 5.070744 3.627769
5.227438 2.608430 2.028099 0.887272 2.315702 3.293554 0.204297 0.245619 3.377851 3.158678 4.585455 5.091405 0.964297 1.778017 2.091405 5.714876 5.253388 1.792893 1.622479 1.823306 3.968760 4.366446 5.117355 5.098182 4.379504 5.415041 5.000992
4.412231 2.115868 0.514876 0.790743 2.115702 1.788595 1.217025 1.664959 4.361322 2.164959 4.387603 2.404298 1.872397 2.223471 0.461322 3.440661 4.728760 2.676364 3.383471 3.934050 3.022479 4.916529 3.071240 1.711901 5.035207 4.743967 5.405455
2.015041 2.54000 4.692231 5.297686 4.848595 5.825455 3.416033 3.878017 3.957521 1.071405 3.845455 2.798182 0.597686 0.008099 1.620165 1.524959 5.408264 5.706116 3.407934 4.482314 4.929421 2.102645 2.418678 2.023636 3.420661 5.464959 5.261322
1.315537 4.698843 5.102975 2.474876 1.289421 3.283140 5.302975 2.220992 4.239174 3.500992 1.284959 4.401983 0.815537 1.777355 2.182645 4.174215 5.481488 5.927603 3.597521 5.491736 5.616694 4.371736 3.453554 4.584298 5.779504 5.996033 5.923140
3.303967 3.095372 2.649091 4.512397 3.373554 3.185289 4.871901 3.514215 4.268595 3.656198 2.680496 2.471901 4.865289 2.564959 2.564793 2.493223 1.936860 3.476860 3.493719 2.554215 3.424959 4.607603 5.760165 4.584793 4.056198 5.965620 5.739174
5.331074 4.056694 4.78000 3.366281 3.892066 5.498182 5.361322 5.074876 4.052727 5.505124 4.946612 3.328926 1.640165 4.522810 2.597355 0.760165 0.920495 2.364298 3.051901 3.585455 4.929421 4.708264 5.410248 5.375868 5.055041 5.674380 5.528760
4.268264 4.077521 4.339669 4.480661 4.050579 4.536364 4.394711 5.825124 5.877686 5.856694 5.487769 3.660826 1.746281 2.342810 5.222975 2.875372 0.239338 1.288760 3.299669 3.533388 4.022810 4.439669 3.374876 4.489091 3.657851 4.163802 3.211570
