data/outputs/Figueira/2015/resolution_1/CONT_TOTAL_1_45.asc
ncols         33
nrows         33
xllcorner     -8.238677953804
yllcorner      39.915521016488
cellsize       0.000404694720
NODATA_value  -9999
4834 9235 7000 7415 10026 7105 9932 3596 760 130 185 9410 1709 3935 11641 2123 3121 11266 10332 7371 9241 6051 7003 3652 0 822 8165 7406 9151 2217 4910 8644 1266
7669 9709 3933 10276 4009 9366 8962 2619 5806 10 1605 2105 842 5556 3539 3363 6454 9714 11890 7484 3123 5475 7367 4330 4485 2470 5544 6075 5368 7527 7526 6622 9848
8248 4051 4758 6649 2634 1480 5139 6196 3038 19 466 2401 155 1252 1655 3861 10072 12117 11209 11330 10955 11307 11193 8408 10151 5141 3768 6201 9078 8200 8007 9704 8542
4314 453 1233 8473 2514 5509 10089 8435 3194 1719 1024 3336 3481 3614 3742 7176 10803 12128 10020 3001 8232 11283 12150 10455 9530 8741 4893 9074 12052 12150 5795 627 573
8567 2559 1924 2652 2172 5930 7301 4251 7235 5609 7250 1634 8331 8694 3678 4472 10304 12032 10182 6866 5447 7557 12126 9707 11300 10229 9727 7580 10770 11178 6322 2001 311
5378 3903 3202 2553 5805 5570 3861 6218 10181 10416 6952 9787 11440 5987 337 60 5447 2499 2118 5864 2687 7043 11257 12014 11074 11283 11477 7583 6588 9277 5431 8363 4984
6627 7403 771 290 5259 3354 1305 6556 11819 8799 3267 8207 7309 5347 2482 3 1340 6589 6535 2981 3488 11008 9320 10846 10902 11083 8825 4571 1871 3058 2456 4153 2479
11824 8012 534 1423 5640 3315 1115 959 3677 4386 1256 1348 22 5201 7733 1158 215 650 7268 11537 9218 10478 4463 5952 10840 11167 7686 249 168 1074 308 7162 5173
4304 8846 8086 8461 5814 497 924 5251 3505 2348 3629 1872 3718 7010 9823 6698 5927 7072 7950 5312 6974 10830 5735 11370 12150 9041 173 0 32 36 280 4083 10671
50 6737 5147 9911 5952 2365 4747 5118 5392 7742 1542 153 2738 3953 2877 5560 12009 12150 10086 3246 5823 4674 7595 9706 3866 3739 4009 1577 1987 1415 2584 5117 12023
7896 8576 7436 10257 10889 10558 7779 4437 9945 3409 1860 2746 5571 1926 3129 7919 8135 4362 10235 10133 6268 7513 12150 12022 4269 6263 7632 7248 3249 7077 9809 9700 10155
1100 2281 2353 8249 10997 4404 7155 2544 5358 1951 1070 690 5111 10314 9222 4107 394 10 613 6951 9094 8569 8883 9491 10228 5006 9611 9986 3875 5020 10449 11787 12088
1227 7701 10178 8318 4671 8528 9484 10390 7709 5306 3627 2257 875 6404 5228 7959 3656 963 4864 3089 2843 4949 6266 6370 10597 10944 11100 10813 9153 11358 11843 10170 11943
7770 8913 12134 11810 10779 7752 5761 8395 7901 7356 4265 5960 4595 3563 313 8101 9879 9360 8968 4881 6671 9292 9438 6127 4250 3574 4947 5042 6642 5704 7711 11108 10605
10940 2923 11403 5203 5820 5286 4447 1848 7259 4452 5336 4721 2579 1355 3769 6065 8599 11497 8199 12088 11870 5767 9500 10392 10118 11970 9958 11048 9723 6378 8361 7328 3289
2808 5103 10569 4396 617 1382 4402 6929 5038 10201 6968 2964 2064 1924 4489 11956 9711 9543 8597 11552 10511 6913 6740 7845 10068 10934 11624 11237 5231 4522 11214 11519 5554
5056 4085 4533 6269 8886 10874 10037 2828 1137 1016 558 1151 1584 3294 4081 4511 1206 903 9223 7365 7196 3552 8128 10955 10812 11875 8444 11038 7084 6661 11227 10949 7673
1228 2226 4255 5399 5412 6181 2895 909 2612 4660 865 2194 215 1268 256 840 1043 656 3883 1974 2322 6163 11989 11155 8868 5325 6802 11436 11773 10696 12105 6585 4995
3939 1303 5472 8600 4057 6104 9866 10218 10457 11387 10081 9209 8613 2815 1899 4213 6701 2562 6379 5298 533 5534 6079 12062 7460 3760 2845 4304 11086 10827 10920 8382 6560
1119 30 1799 7593 8005 4818 10064 11509 10446 5310 9323 7826 2786 2723 4802 6570 1147 3023 11872 11145 3378 2666 10142 11624 7482 5388 6224 2729 6858 8369 10502 4791 881
1776 8440 1369 2926 5046 2340 9057 6688 2522 2384 10326 8514 2842 7868 3217 3257 6582 566 7107 8663 10172 3535 8749 10307 7212 5771 11351 10565 7958 11455 11332 7253 5837
1049 5771 7848 6552 4553 3260 6706 1979 2964 8593 4866 2378 5578 9079 5724 3651 11239 4165 3679 10716 3915 7309 10939 9419 9498 6048 7600 11710 7347 10059 11974 10069 4646
1203 5293 7086 5314 3602 8377 8024 4260 5614 11403 10149 4940 9967 11213 7113 3895 3096 2987 387 11043 7324 11930 11752 10296 9351 11070 10298 8324 9925 12136 11304 10358 10302
3497 3479 5486 4959 4246 5007 7439 11145 7532 3529 5144 10527 11075 11401 9939 2686 4050 5516 5852 2548 5159 7050 5303 1209 10105 11633 10758 9860 8931 9627 8717 11328 8249
9140 6493 3332 3183 2437 8679 9409 1943 906 417 5515 5893 5665 11555 11039 1382 3928 2481 11057 11959 6733 4244 4738 1099 4167 10475 11803 10558 11529 10299 3085 11849 8037
10741 7302 4874 2369 2280 3041 4635 1169 157 2418 10197 6681 8503 11519 5416 1969 3056 2664 8614 11639 11164 3985 3428 4260 5607 8332 5601 8825 9632 9982 11213 10782 10572
8741 5608 653 1888 2387 4730 5663 4330 2978 5937 7754 4506 7994 7033 2052 2985 5885 1043 3167 9084 9010 4514 7540 8089 6073 8470 11097 5811 1758 6052 11442 10053 11061
4031 3152 9034 10727 11342 10138 11902 9472 5646 8660 8289 1111 6415 9633 3229 749 1 1347 5035 4377 11877 11569 8069 6132 11493 8668 3162 4698 4716 3032 9422 11980 10426
2183 6976 11574 9807 4677 3474 6183 9477 5418 7072 7056 6284 3091 6328 4747 257 3117 5929 6778 11321 12070 11983 7166 12039 11498 10356 5934 6274 7832 10655 11659 12085 11474
3476 7052 9159 5181 6320 3516 5924 8409 11257 4377 9940 7366 4700 6405 8905 6211 4029 5135 7176 6988 6409 8787 6008 7507 7899 10797 11771 11665 11956 11083 9858 12102 12150
9466 9722 5895 5475 10521 7956 8692 11626 9368 7953 7486 9369 8943 4836 5254 10056 7942 377 802 2154 4283 5982 6013 5014 5969 5438 8868 11786 9234 8981 10697 11862 10613
11078 7551 9221 11250 6497 6717 10863 12080 10241 11526 9542 11290 11445 7762 5134 3090 10376 8953 4952 834 1051 4708 5570 6979 9775 10250 9737 9777 9881 9411 9370 10761 11644
7502 9787 6826 9667 8218 9372 8568 8207 10230 11880 11842 11880 11389 10719 5374 3390 3334 8850 10281 1457 993 3418 7578 6850 7647 9208 8644 6486 8603 8510 9418 7114 4893
