data/outputs/Figueira/2015/resolution_1/CONT_SPEC_1_40.asc
ncols         37
nrows         37
xllcorner     -8.238677953804
yllcorner      39.915521016488
cellsize       0.000359728640
NODATA_value  -9999
2.175937 4.023125 4.558125 2.160312 5.855625 3.593437 4.241875 4.174688 1.934375 0.359062 0.156250 0.0000 3.387500 1.850313 1.070312 3.127500 5.734063 0.54500 1.073438 5.140625 5.676875 4.212187 4.086875 3.460625 2.874062 3.093750 1.74000 0.0000 0.030312 3.213125 4.62500 4.024375 3.392187 0.731875 3.328125 4.437188 0.621562
3.304063 5.211250 2.796250 3.639375 4.393125 1.561250 5.554375 3.746875 1.131250 3.228125 0.006250 0.465625 1.671250 0.547500 0.827187 3.759063 1.220312 1.510938 2.867812 4.056875 5.98500 4.576562 2.69500 1.206875 3.673437 2.571563 2.290938 2.212500 1.2000 2.538750 3.242188 2.785625 3.044062 4.523125 3.183750 3.000625 5.12000
3.788750 3.150625 1.687500 4.602812 1.768438 1.034063 1.935312 3.756250 1.924063 1.829375 0.230625 0.097812 1.307500 0.201562 0.037812 0.581250 0.255937 2.722500 4.970625 5.946875 5.885625 5.796875 4.882500 4.736250 5.62500 5.303438 3.590313 4.983437 2.472812 0.71000 1.969062 3.218125 3.582813 2.408437 5.007812 5.829063 5.240312
3.391875 0.567187 0.049687 3.425937 2.234375 1.099375 1.087500 4.483125 4.628750 1.03000 0.208125 0.052812 1.917812 0.606562 1.365625 1.631563 2.203438 1.810312 5.036562 5.958437 5.167500 2.810938 3.850312 5.754688 5.861562 6.0000 5.013125 4.329063 4.174375 3.349063 4.937812 5.601250 5.992500 5.915938 2.451875 0.392812 0.57500
3.343125 0.843125 0.509375 2.621250 1.022500 1.959688 5.623125 4.907500 2.045313 3.289687 2.62500 2.938750 0.825312 2.364688 4.035938 2.726250 1.460625 4.346563 5.530625 5.98000 5.881563 3.124687 2.922813 1.803125 5.591563 6.0000 4.014375 5.420937 5.754688 3.032500 2.991875 4.685313 6.0000 5.790625 2.004688 0.298125 0.128750
2.885937 2.648438 1.082812 0.462812 2.439062 2.730625 1.575312 1.421563 2.619063 3.597187 5.0000 2.672188 2.110313 3.558438 5.045937 4.239063 0.139062 0.581562 4.113750 3.727187 3.208750 3.572812 5.299688 1.267813 4.891563 5.98500 5.891875 5.818750 4.896250 5.856562 4.478750 3.913125 4.649687 3.408125 2.916250 3.160938 1.808750
3.264687 2.165313 1.876250 1.444375 0.571562 2.376250 1.872187 2.210625 3.66500 5.781250 5.177812 2.095937 5.728438 6.0000 5.483125 1.575312 0.013125 0.001250 1.733125 1.285625 0.950937 0.823125 0.501875 1.645938 4.432188 5.419062 6.0000 5.398125 5.524375 5.676875 4.782188 2.045625 3.56000 3.645625 3.078438 3.467188 2.279375
4.113437 4.056563 0.252500 0.009687 1.074688 4.034063 1.562188 0.425937 2.398125 5.526875 3.590937 2.343437 1.634688 2.184063 1.315937 2.823750 1.463437 0.0000 0.119687 3.258750 3.439062 4.383750 0.509375 4.495938 4.692188 4.312812 4.124062 5.575312 5.808125 4.558125 2.259375 0.95000 0.455312 0.826250 0.770312 1.537187 1.226250
5.694375 5.581875 0.694687 0.949375 2.246563 2.197188 0.513750 1.166250 0.454375 0.956562 2.436562 1.396875 1.329687 0.048750 0.523437 4.234375 3.30500 0.951875 0.176562 0.036562 2.008125 5.916563 4.535938 5.943750 4.652188 2.143750 3.859375 5.263438 5.548750 3.979687 0.677812 0.03000 0.176250 0.283437 0.082500 4.492813 2.608750
1.563125 4.178125 4.458125 3.995938 4.782813 0.816250 0.303750 0.414375 2.87000 2.156563 0.732187 1.464687 1.54000 0.610312 2.164375 4.902812 4.673438 3.214062 3.182500 3.84500 4.046875 2.918125 2.679375 4.54000 4.865938 2.639687 5.644063 6.0000 5.201250 0.604062 0.0000 0.0000 0.0000 0.022500 0.231562 2.018438 5.279687
0.0000 2.990312 2.175625 4.393125 4.463125 1.686250 1.069063 2.021250 2.777188 2.539062 3.833438 1.864375 0.019375 0.647812 1.886875 1.696250 1.563438 2.329063 5.940313 6.0000 5.954375 1.857813 1.895312 3.879062 1.871875 3.494063 4.770937 2.049375 2.270938 1.546563 1.58500 0.362187 1.101562 0.201250 0.878750 2.284687 5.920312
3.157188 4.996250 4.85000 3.719688 5.134688 4.405625 5.685937 4.547187 2.261563 5.095313 1.920937 0.783750 1.047813 2.624687 1.015313 0.72000 2.384688 5.052812 5.059062 3.097187 5.100937 5.383438 3.910938 1.811562 4.592500 6.0000 5.888125 1.137812 2.407812 2.728750 4.644687 0.601875 2.349687 3.826875 4.827813 4.886250 5.522188
1.800938 0.680937 1.461250 2.749375 5.574063 4.943125 2.82000 2.686250 1.189375 3.111562 1.606250 0.648125 0.266875 1.913125 4.176250 4.259062 2.587500 1.014687 0.619375 0.014687 0.519375 2.657188 4.366875 4.700625 3.986562 5.114063 5.015313 4.945625 3.519375 2.911875 5.997500 3.501875 1.726562 2.765312 5.424062 5.543750 5.855313
0.254375 2.161563 3.763125 4.140313 2.057500 1.789688 3.900625 3.150313 3.809687 3.768750 1.719375 1.810938 0.656562 0.634687 0.962187 5.132812 4.242813 3.997813 0.537500 0.0000 0.450937 0.807187 2.566250 3.204687 5.233750 4.106875 4.489375 5.586875 4.442500 4.661250 5.858125 4.211563 3.598438 5.847500 5.758750 5.063750 5.885625
1.646562 2.090625 5.91000 5.990938 4.592812 5.487500 5.484375 4.496875 5.231562 3.322812 4.104687 1.498125 3.715625 1.069375 0.821562 2.358437 1.153125 4.025313 4.641250 1.545313 3.727500 2.957813 1.490938 2.538438 1.977500 1.885312 1.418438 2.325625 2.898125 3.583750 5.078125 4.238750 5.434687 5.012500 5.150625 5.590937 6.0000
5.289375 5.124688 5.250938 5.479687 5.290938 2.67000 3.061875 2.954375 2.162812 4.121562 2.365937 3.249375 2.061250 2.276875 2.569688 0.784687 0.518437 2.922188 4.760625 5.957813 5.380937 4.611875 4.124375 4.095937 3.620938 5.87500 4.904063 4.606562 3.933438 4.007500 2.624062 2.572812 2.468437 1.687188 2.892812 3.642500 3.635312
4.762500 1.142187 4.104375 4.118125 0.481250 2.443437 2.181250 1.327500 1.066250 2.960313 2.996875 3.461562 2.911563 1.670937 0.260625 1.583750 2.205625 4.645937 3.697188 5.842187 3.441250 5.202813 5.851875 5.163125 2.359375 5.41000 5.091875 4.627187 5.982188 4.653437 5.800625 5.416875 4.923750 3.953438 5.635937 5.235938 2.491563
1.302500 2.769375 4.563750 3.370625 0.673750 0.385937 1.572188 3.727500 3.274375 2.202500 4.514375 3.760312 0.819687 1.363125 1.219375 0.782187 3.005313 5.954063 4.392188 4.080312 4.430313 4.861250 5.867188 4.228750 4.134688 2.755313 3.069688 4.765625 4.996562 5.379688 5.978750 3.559687 1.087813 1.992500 5.828750 5.568125 2.252813
2.689687 1.63500 2.488437 2.302188 4.051875 5.372500 5.600313 4.771250 1.198750 0.410312 0.503750 0.491250 0.565937 0.516875 1.21500 1.581562 1.694063 1.830938 0.398125 0.475625 3.438750 3.928437 3.480625 2.469375 2.151250 4.83500 5.759062 5.49500 5.982812 4.733437 4.520313 5.545625 2.485313 4.605313 5.758750 5.286875 3.927500
0.359375 1.089687 1.975313 3.01000 2.209375 3.826250 2.503437 1.366562 0.237500 1.270938 1.691875 1.030938 0.999687 0.156562 0.314687 0.320312 0.116250 0.51500 0.370937 0.26000 1.387500 1.869687 0.357187 1.554062 4.34000 5.865625 5.411875 4.792500 2.687187 3.558750 5.109063 6.0000 5.040938 5.814063 5.975313 2.922500 2.689687
2.583125 0.534375 1.63500 3.321875 3.431875 0.757812 3.394062 4.598125 4.14500 4.509375 5.69500 3.869063 4.126250 4.267500 2.300937 1.262500 0.692812 1.813125 3.039687 1.372187 1.951875 1.74500 1.479688 0.740937 5.091875 3.791250 5.964375 4.421250 1.48500 1.201875 1.315313 4.884062 5.641250 5.721875 4.688125 3.783750 3.495312
0.846562 0.029375 0.929375 3.449375 5.049062 3.124687 2.944062 5.767188 5.969375 5.766250 4.360938 5.140625 5.165312 2.779063 1.185312 2.798437 2.48000 4.04000 1.846563 0.872187 4.536250 5.641875 2.990625 0.291250 1.082812 4.172500 5.671250 3.074063 2.660938 2.444375 0.708750 2.903437 4.409688 4.873750 5.242500 3.99000 0.579062
0.347500 1.895625 1.411875 0.669375 1.595312 4.5000 1.53500 5.118750 4.908125 3.040625 0.363437 2.91000 5.902188 4.005625 1.171563 2.704687 0.935937 0.439062 1.065625 1.108437 3.211562 5.543125 5.599062 2.898750 3.48000 5.689063 5.819375 3.761250 2.414062 5.538437 5.359687 1.841875 2.667500 5.426250 4.979687 2.725312 2.759063
0.573750 3.698750 2.739063 1.804688 2.870625 1.323125 1.426875 3.255313 0.775312 0.696250 2.507188 5.576875 1.904062 1.243125 1.401563 4.139687 1.896562 2.769375 5.800625 0.595312 3.055625 3.430312 3.305625 2.327187 1.717188 3.969688 4.630312 4.421563 1.9000 3.812813 6.0000 5.778750 4.012500 5.896875 5.942188 3.180312 2.126875
0.642500 1.221250 5.306563 3.696250 3.618125 1.806563 3.973750 3.55000 1.789062 1.426875 3.825625 3.537187 0.804687 2.081562 5.636563 5.546563 2.546250 1.493750 4.109375 3.009688 0.67000 3.640938 5.224375 3.019062 5.994063 5.866875 4.603750 5.006563 5.175937 3.509688 4.065625 4.922187 3.7000 5.927812 5.439687 5.421563 2.860625
0.781562 2.240937 3.558438 1.138437 2.898750 1.538437 3.688125 2.912187 2.696563 4.251250 5.548750 5.38000 4.403437 4.080312 5.993750 4.4000 3.413438 1.933750 1.461250 2.074063 0.426875 3.020938 4.863750 2.680312 5.198437 5.767500 3.886250 4.942500 5.422187 5.147500 5.05000 4.491250 5.98000 6.0000 5.594062 5.591875 5.83000
1.868125 1.59500 3.074063 1.77000 2.253750 2.415938 2.797500 4.369688 5.674062 2.832187 1.347187 0.663125 5.166875 4.365938 5.290625 5.992500 5.28500 0.663125 1.64000 2.073750 4.271250 1.830313 2.385625 3.698750 3.261875 1.044375 0.494687 4.132500 5.929062 5.728750 4.730313 4.371562 4.251875 3.940625 4.164375 5.371875 3.660312
5.013750 3.543438 1.584375 1.812812 1.362188 1.978125 4.532188 4.475313 0.395312 0.365625 0.295312 0.875937 4.751875 1.532500 4.282500 5.98500 4.993750 0.242812 1.934063 0.918125 4.508750 5.941875 4.649687 3.162812 1.462187 2.431250 0.649375 2.16500 4.559062 5.951562 5.445312 5.436250 5.559375 4.136563 2.167813 5.930937 4.348125
5.515313 3.808750 2.723125 2.154688 0.428437 2.081562 1.099375 2.598438 0.478125 0.080937 0.39000 4.705938 4.668125 2.549688 5.394375 5.387500 2.097500 0.896250 1.717188 1.061875 4.088438 5.367813 5.923750 4.654063 1.018125 1.520625 1.760938 2.679688 4.045625 2.361562 4.887187 4.188438 4.788125 5.26500 5.688125 5.518750 5.539062
4.351875 4.072500 0.846250 0.251875 0.284687 1.33500 2.113437 1.549375 1.477188 0.856250 1.771875 3.949375 3.248750 1.720312 4.339062 3.189687 1.551562 1.740625 3.202500 1.020312 0.423750 4.64000 4.919375 2.649375 2.740625 4.000938 4.515313 2.495938 3.889687 5.960312 4.189063 1.705625 1.328750 4.667500 5.37500 4.554688 5.434375
2.988437 1.070312 2.217812 3.526250 5.010313 4.706563 5.911250 5.874375 4.429688 2.723750 3.928750 4.600313 2.202812 2.519062 5.488750 2.578125 1.576250 0.272500 0.14000 0.049375 1.484063 0.543437 5.330312 5.699375 4.991250 3.003750 2.893125 5.650938 4.474687 2.368438 2.855625 1.753437 1.389063 1.913750 5.090937 5.903750 5.502500
0.645312 2.240312 5.644063 6.0000 4.385625 2.609062 2.664687 4.622813 4.527500 2.808750 4.191562 4.417187 1.851562 1.944687 0.518750 5.198437 0.745937 0.026250 0.212187 2.32500 4.466563 4.012500 5.455938 6.0000 5.619063 3.341250 5.180937 5.573437 4.411875 1.90500 2.561562 2.633750 3.571250 4.935625 5.648750 5.950625 5.380312
0.851562 4.201562 5.504062 4.419688 2.143750 1.714063 1.388125 3.458125 5.440938 4.555313 1.714063 4.339688 4.063125 3.825312 1.190937 4.797500 3.240312 1.135938 2.378437 2.221875 1.197188 4.310625 4.850937 5.542500 4.779687 3.252187 4.505625 5.640625 5.958750 5.583750 3.662187 4.668125 5.555937 5.883125 6.0000 6.0000 6.0000
3.026250 3.054688 2.469688 2.905312 4.693750 4.278750 3.57000 2.598438 4.085625 5.368750 2.381250 3.513438 4.731250 2.293438 2.418438 1.849375 3.90500 4.401875 2.726562 1.816875 3.435938 2.543438 1.252188 2.570937 4.345313 3.352187 3.076875 2.795313 3.865625 4.394375 5.931875 5.945312 4.33000 3.891875 4.977500 5.95500 5.998750
5.142812 5.05500 4.421250 3.208750 2.955312 4.683438 4.196875 4.739063 5.862188 4.120938 5.198125 3.555312 4.631563 5.912187 4.171563 3.347812 2.253437 4.128125 4.891563 0.407500 0.384375 0.539375 1.502813 2.655937 3.030625 3.134688 3.121875 3.714375 3.524062 4.32000 5.447500 5.658750 4.697813 5.355937 5.992500 5.799062 4.986875
5.477500 4.133750 3.787812 5.099687 5.490625 2.583750 3.293438 5.422813 5.972500 5.589688 5.583125 5.392812 5.156875 5.963125 5.170625 3.092500 2.590937 1.325937 5.271875 4.747187 4.334062 0.985625 0.250312 0.427812 1.835938 2.503750 3.602813 4.060625 5.227500 4.498750 4.676250 3.748125 5.831250 3.669062 4.528125 5.116875 5.621250
3.382500 4.93500 3.513750 4.503125 4.673438 3.482500 5.079375 4.473438 3.591563 4.818750 5.85000 5.846250 5.846250 5.724687 5.643438 5.051563 2.199063 1.748125 1.642813 3.398750 5.524063 2.444375 0.235937 1.121875 2.195625 4.190625 3.190937 4.007187 4.189687 4.58500 2.47500 4.468750 4.764062 4.275313 4.335625 3.270938 2.236562
