data/outputs/Figueira/2015/resolution_1/CONT_TOTAL_1_40.asc
ncols         37
nrows         37
xllcorner     -8.238677953804
yllcorner      39.915521016488
cellsize       0.000359728640
NODATA_value  -9999
3482 6437 7293 3457 9369 5750 6787 6680 3095 575 250 0 5420 2961 1713 5004 9175 872 1718 8225 9083 6740 6539 5537 4599 4950 2784 0 49 5141 7400 6439 5428 1171 5325 7100 995
5287 8338 4474 5823 7029 2498 8887 5995 1810 5165 10 745 2674 876 1324 6015 1953 2418 4589 6491 9576 7323 4312 1931 5878 4115 3666 3540 1920 4062 5188 4457 4871 7237 5094 4801 8192
6062 5041 2700 7365 2830 1655 3097 6010 3079 2927 369 157 2092 323 61 930 410 4356 7953 9515 9417 9275 7812 7578 9000 8486 5745 7974 3957 1136 3151 5149 5733 3854 8013 9327 8385
5427 908 80 5482 3575 1759 1740 7173 7406 1648 333 85 3069 971 2185 2611 3526 2897 8059 9534 8268 4498 6161 9208 9379 9600 8021 6927 6679 5359 7901 8962 9588 9466 3923 629 920
5349 1349 815 4194 1636 3136 8997 7852 3273 5264 4200 4702 1321 3784 6458 4362 2337 6955 8849 9568 9411 5000 4677 2885 8947 9600 6423 8674 9208 4852 4787 7497 9600 9265 3208 477 206
4618 4238 1733 741 3903 4369 2521 2275 4191 5756 8000 4276 3377 5694 8074 6783 223 931 6582 5964 5134 5717 8480 2029 7827 9576 9427 9310 7834 9371 7166 6261 7440 5453 4666 5058 2894
5224 3465 3002 2311 915 3802 2996 3537 5864 9250 8285 3354 9166 9600 8773 2521 21 2 2773 2057 1522 1317 803 2634 7092 8671 9600 8637 8839 9083 7652 3273 5696 5833 4926 5548 3647
6582 6491 404 16 1720 6455 2500 682 3837 8843 5746 3750 2616 3495 2106 4518 2342 0 192 5214 5503 7014 815 7194 7508 6901 6599 8921 9293 7293 3615 1520 729 1322 1233 2460 1962
9111 8931 1112 1519 3595 3516 822 1866 727 1531 3899 2235 2128 78 838 6775 5288 1523 283 59 3213 9467 7258 9510 7444 3430 6175 8422 8878 6368 1085 48 282 454 132 7189 4174
2501 6685 7133 6394 7653 1306 486 663 4592 3451 1172 2344 2464 977 3463 7845 7478 5143 5092 6152 6475 4669 4287 7264 7786 4224 9031 9600 8322 967 0 0 0 36 371 3230 8448
0 4785 3481 7029 7141 2698 1711 3234 4444 4063 6134 2983 31 1037 3019 2714 2502 3727 9505 9600 9527 2973 3033 6207 2995 5591 7634 3279 3634 2475 2536 580 1763 322 1406 3656 9473
5052 7994 7760 5952 8216 7049 9098 7276 3619 8153 3074 1254 1677 4200 1625 1152 3816 8085 8095 4956 8162 8614 6258 2899 7348 9600 9421 1821 3853 4366 7432 963 3760 6123 7725 7818 8836
2882 1090 2338 4399 8919 7909 4512 4298 1903 4979 2570 1037 427 3061 6682 6815 4140 1624 991 24 831 4252 6987 7521 6379 8183 8025 7913 5631 4659 9596 5603 2763 4425 8679 8870 9369
407 3459 6021 6625 3292 2864 6241 5041 6096 6030 2751 2898 1051 1016 1540 8213 6789 6397 860 0 722 1292 4106 5128 8374 6571 7183 8939 7108 7458 9373 6739 5758 9356 9214 8102 9417
2635 3345 9456 9586 7349 8780 8775 7195 8371 5317 6568 2397 5945 1711 1315 3774 1845 6441 7426 2473 5964 4733 2386 4062 3164 3017 2270 3721 4637 5734 8125 6782 8696 8020 8241 8946 9600
8463 8200 8402 8768 8466 4272 4899 4727 3461 6595 3786 5199 3298 3643 4112 1256 830 4676 7617 9533 8610 7379 6599 6554 5794 9400 7847 7371 6294 6412 4199 4117 3950 2700 4629 5828 5817
7620 1828 6567 6589 770 3910 3490 2124 1706 4737 4795 5539 4659 2674 417 2534 3529 7434 5916 9348 5506 8325 9363 8261 3775 8656 8147 7404 9572 7446 9281 8667 7878 6326 9018 8378 3987
2084 4431 7302 5393 1078 618 2516 5964 5239 3524 7223 6017 1312 2181 1951 1252 4809 9527 7028 6529 7089 7778 9388 6766 6616 4409 4912 7625 7995 8608 9566 5696 1741 3188 9326 8909 3605
4304 2616 3982 3684 6483 8596 8961 7634 1918 657 806 786 906 827 1944 2531 2711 2930 637 761 5502 6286 5569 3951 3442 7736 9215 8792 9573 7574 7233 8873 3977 7369 9214 8459 6284
575 1744 3161 4816 3535 6122 4006 2187 380 2034 2707 1650 1600 251 504 513 186 824 594 416 2220 2992 572 2487 6944 9385 8659 7668 4300 5694 8175 9600 8066 9303 9561 4676 4304
4133 855 2616 5315 5491 1213 5431 7357 6632 7215 9112 6191 6602 6828 3682 2020 1109 2901 4864 2196 3123 2792 2368 1186 8147 6066 9543 7074 2376 1923 2105 7815 9026 9155 7501 6054 5593
1355 47 1487 5519 8079 5000 4711 9228 9551 9226 6978 8225 8265 4447 1897 4478 3968 6464 2955 1396 7258 9027 4785 466 1733 6676 9074 4919 4258 3911 1134 4646 7056 7798 8388 6384 927
556 3033 2259 1071 2553 7200 2456 8190 7853 4865 582 4656 9444 6409 1875 4328 1498 703 1705 1774 5139 8869 8959 4638 5568 9103 9311 6018 3863 8862 8576 2947 4268 8682 7968 4361 4415
918 5918 4383 2888 4593 2117 2283 5209 1241 1114 4012 8923 3047 1989 2243 6624 3035 4431 9281 953 4889 5489 5289 3724 2748 6352 7409 7075 3040 6101 9600 9246 6420 9435 9508 5089 3403
1028 1954 8491 5914 5789 2891 6358 5680 2863 2283 6121 5660 1288 3331 9019 8875 4074 2390 6575 4816 1072 5826 8359 4831 9591 9387 7366 8011 8282 5616 6505 7876 5920 9485 8704 8675 4577
1251 3586 5694 1822 4638 2462 5901 4660 4315 6802 8878 8608 7046 6529 9590 7040 5462 3094 2338 3319 683 4834 7782 4289 8318 9228 6218 7908 8676 8236 8080 7186 9568 9600 8951 8947 9328
2989 2552 4919 2832 3606 3866 4476 6992 9079 4532 2156 1061 8267 6986 8465 9588 8456 1061 2624 3318 6834 2929 3817 5918 5219 1671 792 6612 9487 9166 7569 6995 6803 6305 6663 8595 5857
8022 5670 2535 2901 2180 3165 7252 7161 633 585 473 1402 7603 2452 6852 9576 7990 389 3095 1469 7214 9507 7440 5061 2340 3890 1039 3464 7295 9523 8713 8698 8895 6619 3469 9490 6957
8825 6094 4357 3448 686 3331 1759 4158 765 130 624 7530 7469 4080 8631 8620 3356 1434 2748 1699 6542 8589 9478 7447 1629 2433 2818 4288 6473 3779 7820 6702 7661 8424 9101 8830 8863
6963 6516 1354 403 456 2136 3382 2479 2364 1370 2835 6319 5198 2753 6943 5104 2483 2785 5124 1633 678 7424 7871 4239 4385 6402 7225 3994 6224 9537 6703 2729 2126 7468 8600 7288 8695
4782 1713 3549 5642 8017 7531 9458 9399 7088 4358 6286 7361 3525 4031 8782 4125 2522 436 224 79 2375 870 8529 9119 7986 4806 4629 9042 7160 3790 4569 2806 2223 3062 8146 9446 8804
1033 3585 9031 9600 7017 4175 4264 7397 7244 4494 6707 7068 2963 3112 830 8318 1194 42 340 3720 7147 6420 8730 9600 8991 5346 8290 8918 7059 3048 4099 4214 5714 7897 9038 9521 8609
1363 6723 8807 7072 3430 2743 2221 5533 8706 7289 2743 6944 6501 6121 1906 7676 5185 1818 3806 3555 1916 6897 7762 8868 7648 5204 7209 9025 9534 8934 5860 7469 8890 9413 9600 9600 9600
4842 4888 3952 4649 7510 6846 5712 4158 6537 8590 3810 5622 7570 3670 3870 2959 6248 7043 4363 2907 5498 4070 2004 4114 6953 5364 4923 4473 6185 7031 9491 9513 6928 6227 7964 9528 9598
8229 8088 7074 5134 4729 7494 6715 7583 9380 6594 8317 5689 7411 9460 6675 5357 3606 6605 7827 652 615 863 2405 4250 4849 5016 4995 5943 5639 6912 8716 9054 7517 8570 9588 9279 7979
8764 6614 6061 8160 8785 4134 5270 8677 9556 8944 8933 8629 8251 9541 8273 4948 4146 2122 8435 7596 6935 1577 401 685 2938 4006 5765 6497 8364 7198 7482 5997 9330 5871 7245 8187 8994
5412 7896 5622 7205 7478 5572 8127 7158 5747 7710 9360 9354 9354 9160 9030 8083 3519 2797 2629 5438 8839 3911 378 1795 3513 6705 5106 6412 6704 7336 3960 7150 7623 6841 6937 5234 3579
