data/outputs/Figueira/2015/resolution_1/CONT_TOTAL_1_15.asc
ncols         100
nrows         100
xllcorner     -8.238677953804
yllcorner      39.915521016488
cellsize       0.000134898240
NODATA_value  -9999
[rows 41 to 81 of 100, columns 0 to 92 of 100]
724 1188 1117 1226 1336 1344 1350 1350 1350 1350 1285 1350 1350 1350 798 474 1107 1174 548 330 1094 1110 717 601 904 583 1275 1184 1224 1292 782 142 403 672 1188 1042 892 428 869 540 884 78 0 0 0 512 1346 1348 1276 818 695 1015 1297 1350 1350 1350 716 377 2 150 251 1067 1047 937 1218 1350 1350 1340 1341 1130 1024 211 600 157 293 0 50 14 10 57 0 17 122 299 428 483 1170 1052 851 928 1253 1346 1350
1130 1350 1350 1350 1330 1163 1350 1350 1350 1150 1348 1277 1350 1350 645 18 153 825 219 691 661 901 470 853 817 1186 366 94 562 900 549 269 366 103 839 228 246 903 913 566 42 0 2 32 0 0 989 1232 693 1111 1350 1350 1350 1350 1287 1350 1248 1075 861 913 1038 618 663 933 1112 933 1160 1350 1350 1350 1292 993 1350 726 1053 1064 892 1078 1063 941 689 344 138 174 378 25 176 8 40 0 107 162 986
1109 1322 1350 1341 421 37 1210 1350 1350 923 1107 941 950 792 445 448 736 977 534 796 745 210 22 122 1032 807 1037 200 22 683 1185 992 303 520 178 47 635 678 192 52 160 4 666 136 211 154 83 291 1190 1350 1350 1350 1350 1350 780 993 1350 1350 1350 1350 1350 1350 1235 726 84 492 373 1346 1350 1350 993 1183 1350 1350 1350 1350 1350 1320 1350 1350 1350 1118 929 1334 1265 872 1169 599 588 292 269 299 260
1223 1350 1291 531 2 0 1072 1350 1350 666 77 14 120 1040 1125 568 820 1071 950 485 166 461 298 58 300 1036 822 705 345 744 470 464 286 930 839 55 146 277 28 0 411 334 313 227 707 534 705 886 669 998 1333 1350 1350 1341 402 1019 983 1350 1350 1350 1204 1350 1350 1011 407 1138 908 1274 1350 1244 1097 649 536 1327 1350 1350 1350 1200 1022 1187 1267 1332 1277 1038 1030 812 671 1063 838 1115 1195 1153 1216
1260 1137 900 410 19 164 1032 1350 1340 1067 400 10 8 605 736 171 234 261 505 254 13 381 76 222 802 943 482 286 814 656 532 590 516 545 670 939 624 0 0 0 1 394 790 270 451 713 1350 1350 838 289 583 1350 1350 706 270 1197 1207 1288 1350 1350 1350 1334 1347 1322 452 137 625 930 1346 1300 1350 1228 937 1090 830 1350 1350 1350 1076 224 1133 1350 1339 1334 1328 1267 1310 1094 73 718 1279 1341 1350
1248 313 50 36 242 220 920 1350 1312 1024 310 53 13 14 53 0 4 14 30 265 161 608 370 262 282 207 864 1115 1305 1350 1350 1328 744 591 618 684 416 65 224 78 268 197 454 596 297 1296 1350 1350 1350 1316 820 1322 1350 988 808 750 494 1261 1350 1350 1255 684 1094 675 931 516 615 1159 1305 790 1319 1350 1307 1197 1341 1350 1350 1322 1179 1350 1350 1350 1350 1350 1348 981 1305 1340 1092 718 1287 1350 1350
586 146 0 872 866 305 1090 1350 1312 1074 182 17 32 309 26 0 0 36 38 403 1041 1206 1303 553 497 0 591 1350 1350 1343 1243 513 28 92 11 497 853 75 59 275 353 238 150 322 450 1266 1350 1294 993 1308 1182 1350 1350 1269 916 947 735 1153 1289 1350 1348 1343 949 1204 1340 1330 909 240 1282 1066 893 824 1210 1192 746 697 1108 1339 1350 1350 1350 1350 1350 1350 954 255 201 237 447 283 1103 1350 1350
208 136 122 310 1281 973 1206 1328 703 527 944 268 86 79 7 0 388 941 236 880 1350 1050 643 935 1204 655 739 1116 626 649 1065 667 32 217 256 0 95 0 278 474 0 42 267 841 1115 1350 1350 1350 714 740 1289 776 439 700 1307 1338 1306 1133 1317 1350 1338 1350 1152 78 319 523 591 133 508 518 76 1010 1242 661 1173 1068 1350 1350 1305 1041 1350 1350 1088 699 188 0 0 0 47 359 731 1344 1350
464 645 83 2 507 697 1061 338 132 174 418 375 84 655 720 455 1090 1269 1241 1339 1322 172 7 0 88 95 422 536 106 0 0 0 19 106 0 0 7 0 240 929 289 281 879 386 348 877 1162 1102 519 6 429 80 15 0 202 1159 1350 544 1109 1350 1350 1350 838 446 247 546 353 312 1017 1167 595 1107 1255 621 1333 1350 1350 1350 775 20 972 1350 1347 1213 749 22 449 290 228 650 654 1202 1350
803 375 872 58 51 336 650 550 30 248 942 962 921 1348 1322 1350 1350 1350 1126 1350 1350 1251 46 0 107 0 5 56 21 0 37 21 0 164 6 90 234 79 0 523 237 318 763 1041 232 807 391 155 24 91 54 18 58 174 1231 1278 1273 1314 1347 1266 703 545 345 0 0 29 300 1011 1086 1350 1350 1350 1350 1137 1350 1350 1350 1350 1323 986 325 524 1321 1350 1318 912 653 411 718 1286 1277 1345 1350
723 536 556 338 877 1221 428 327 1019 856 1147 1149 1159 1350 1328 1348 1317 1346 960 833 517 1186 35 133 166 55 199 0 0 297 431 51 0 605 58 124 147 211 668 155 289 275 8 160 267 9 4 6 10 9 65 36 522 1 729 1247 756 90 260 87 128 862 1076 254 697 1335 1350 1350 1350 1336 1350 1350 1350 1207 1211 1350 1350 1075 1344 1350 1350 1243 1341 1350 1350 1194 439 705 1025 1350 1350 1350 1350
3 12 454 421 543 668 875 1028 1327 1348 1334 395 867 1002 869 1294 1350 974 893 539 58 129 110 127 324 135 66 0 31 289 252 157 0 521 139 51 9 0 50 345 0 0 0 9 18 0 329 75 91 0 0 1 0 0 276 1348 1345 873 146 0 138 137 749 231 716 1350 1350 1350 1350 848 1348 1255 1291 1350 1128 951 1115 1052 1350 1350 1350 1350 1350 1350 1350 1350 975 193 1053 1350 1350 1350 1350
0 10 2 13 275 288 117 304 257 442 638 298 7 455 1202 1221 622 224 210 87 300 65 3 13 10 189 247 140 452 585 122 8 224 620 8 0 0 0 3 1 49 0 0 62 0 0 164 243 84 0 0 24 0 0 26 389 317 199 0 0 76 66 367 7 89 1248 1350 1291 1248 1282 1350 1022 1104 1065 266 130 891 898 972 606 928 1219 1350 1350 1350 1350 1348 1350 1350 1350 1350 1350 1350
327 421 0 0 8 13 0 180 169 108 92 746 597 313 101 218 231 49 254 327 229 360 0 103 74 937 633 860 1350 954 20 69 15 8 688 161 0 144 10 48 779 47 165 2 0 0 0 30 305 305 259 479 60 93 147 34 4 0 481 276 0 48 742 482 740 1302 1350 1350 1350 1350 1350 1350 1225 1070 370 267 18 4 69 103 75 963 1154 1350 1350 1350 1350 1350 1350 1350 1350 1350 1305
1158 565 32 34 406 156 122 132 766 843 235 440 252 0 18 516 694 538 367 720 767 1249 145 1127 1247 865 723 1348 1314 662 480 1004 1155 667 1089 968 768 510 241 282 634 436 0 0 0 133 410 407 446 997 813 286 399 117 0 280 60 0 515 486 0 41 151 433 1350 1350 1350 1203 1336 1350 1307 1350 1350 1274 919 92 85 22 575 194 37 111 663 1350 1217 984 1350 1350 1350 1350 1350 1338 482
1184 519 0 0 10 43 513 830 1185 571 1202 1288 1092 218 53 56 842 1265 1266 1346 1350 1350 969 1329 1250 1052 1271 1326 1338 1350 1193 990 1212 840 655 1208 1350 1350 932 224 0 148 378 73 451 768 102 947 764 327 625 23 461 701 638 718 957 714 414 575 0 27 220 14 835 1315 1164 13 453 1347 1336 1350 1325 782 107 295 870 589 363 123 363 687 490 617 1344 1338 1118 1348 1053 1251 1350 1350 1002
218 264 2 0 309 347 668 793 465 1323 1350 1350 1280 461 684 856 440 898 1350 1350 1350 1350 1350 1350 1350 1350 1350 1350 1350 1350 1350 1350 1348 1321 1122 1342 1314 1334 815 37 31 1024 543 131 325 585 164 700 1078 946 706 72 171 333 1336 1203 1189 1294 968 334 2 31 62 0 0 238 86 0 476 1322 1350 1350 1327 275 103 407 733 669 589 558 46 2 129 257 1035 1350 1350 1027 862 1237 1350 1350 1348
401 300 147 0 0 0 232 2 251 1004 1350 1350 1314 525 892 64 0 515 1350 1350 1350 1350 1328 1350 1350 1338 1350 1350 1206 1350 1350 1350 1328 1275 719 686 373 206 74 303 284 1105 1350 448 722 1320 1181 1227 333 447 359 258 186 231 1334 1350 1324 1350 1141 1097 255 84 4 0 0 24 510 656 1316 1322 1265 1188 314 199 870 270 293 230 141 36 29 37 101 23 1319 1340 805 737 804 818 1180 1324 1350
34 185 14 0 0 0 298 107 173 572 1145 1066 1063 925 1175 430 435 886 1065 1117 1350 1350 1323 1350 1017 1332 1171 248 304 691 888 936 1007 1350 703 215 136 202 88 290 415 154 551 475 331 900 1215 431 0 0 2 521 75 0 1222 1350 1350 1350 827 1331 996 162 8 237 355 207 1255 1165 1350 1350 1348 1102 562 1272 1316 365 1035 1349 898 715 577 311 81 619 795 1147 1298 391 1350 1350 1350 1096 668
29 7 3 0 24 6 15 504 220 365 546 197 240 635 1238 1333 747 409 392 894 1197 1344 861 1253 1315 1047 527 25 85 53 207 911 1348 1350 1160 369 602 391 715 64 1 108 64 19 843 298 0 0 0 0 7 674 711 367 1242 1350 1350 1350 1350 1350 944 399 528 467 659 718 1217 1324 1350 1350 1350 1350 1301 1139 512 706 689 452 1306 1305 1219 1165 367 27 26 0 129 313 1257 1350 1350 1350 834
160 0 296 134 881 759 152 0 8 19 8 590 412 874 1255 1126 427 0 611 1196 1256 1279 1308 1176 689 529 41 81 93 53 498 1319 1269 1350 1350 1330 1323 471 125 2 412 1274 616 69 0 0 0 0 0 425 176 0 61 388 746 1256 1350 1350 1350 1350 1328 1329 921 620 240 830 1307 1140 1350 1350 1350 1283 967 804 171 705 174 954 1350 1350 1350 1350 943 337 259 283 504 1116 1344 1107 785 1280 1323
114 333 215 1211 1030 1154 476 6 2 0 390 674 84 369 620 221 48 1 920 1205 1260 687 1004 502 743 187 117 14 178 210 1183 1350 1221 1226 1338 617 636 151 83 885 1078 1149 866 115 62 99 339 844 1063 882 246 0 71 6 111 310 320 839 1245 1350 1350 1350 518 90 216 862 1299 1086 1191 1348 1129 700 105 1122 944 984 499 1248 1269 1350 1350 1350 1255 1280 1271 877 1197 1350 1350 1196 1350 1330 1266
158 36 464 1307 791 1175 342 81 304 42 77 1128 746 303 385 261 0 257 800 885 925 75 130 530 217 0 0 0 460 1297 1350 1350 787 682 578 43 54 0 0 436 1284 1350 724 403 365 726 333 917 1336 1350 1106 40 0 0 524 1340 1153 517 166 496 1032 1321 1024 219 28 432 687 236 456 1094 1089 964 1106 1087 908 284 519 406 768 1215 1350 1350 1350 1350 1350 1342 877 1303 1350 1340 1350 1348 1300
0 101 226 123 1061 1300 1068 177 697 574 211 435 940 866 475 77 0 317 675 1033 380 50 85 0 0 0 24 558 899 1348 1348 1149 233 6 3 446 401 38 232 353 415 941 632 1127 78 125 541 1038 1350 1350 969 79 2 560 957 894 781 1202 1093 797 70 255 744 177 37 167 547 1038 1338 1210 1260 1163 812 1111 666 111 420 0 770 1332 1350 1350 1350 1350 1340 1274 902 430 1279 1348 1350 1350 1350
2 118 259 0 691 1348 1232 359 1150 1214 569 764 666 599 37 167 213 1022 1052 1001 237 53 3 171 634 1044 1146 774 1293 1350 1279 232 90 137 0 699 336 934 899 1333 1006 1163 986 533 4 157 295 934 1350 1350 1199 449 684 669 253 132 277 1094 1315 1318 890 0 5 503 1039 1337 1350 1350 1266 373 1099 783 1185 1069 745 791 914 257 505 362 1341 1350 1350 1350 1001 34 257 450 1153 1350 1350 1350 1350
200 28 116 0 106 1143 1271 1167 728 1084 569 1135 273 582 116 313 595 558 734 549 1047 505 669 445 31 52 35 411 1195 766 505 6 27 0 380 709 522 925 1293 1350 1276 1244 1278 628 460 1 123 439 1094 1263 1316 583 744 396 137 149 100 1288 1350 1261 1283 79 590 1350 1350 1350 1350 1350 1350 1350 1258 924 1284 1350 1279 1346 1338 873 893 612 437 1061 1199 1350 1350 626 565 1350 1350 1350 1350 1349 1175
154 3 298 57 516 947 1350 1264 652 618 1301 1280 717 4 638 908 1266 1266 1014 982 1001 1076 508 61 12 103 298 707 1350 1350 1148 1051 678 114 107 293 237 1247 1327 1350 1249 1269 1131 947 566 506 218 303 374 99 921 943 95 30 35 0 104 984 1350 1350 1292 446 967 1350 1350 1350 1350 1350 1338 1350 1270 859 870 953 1070 1294 1288 1016 1328 1338 1144 473 483 1119 701 1245 858 1336 1350 1350 1314 1194 1062
9 2 205 198 509 1227 1131 766 628 75 309 755 663 60 351 915 1229 1066 839 923 793 858 250 421 223 231 871 1249 1348 1350 1350 1237 1176 768 233 66 480 1338 1350 1349 1128 1153 763 877 687 817 325 45 702 57 264 1046 362 0 0 0 166 1099 1267 1312 1350 609 679 1350 1350 1350 1350 1350 1350 1350 1350 1285 1296 1058 1350 1350 1301 1298 1222 1160 1301 1234 1009 967 951 1350 1319 1350 1350 1350 1350 1275 1062
62 0 472 53 767 1021 850 386 61 279 331 367 719 362 90 158 359 1212 960 715 798 122 669 298 1177 1350 1350 1350 1350 1350 1338 1281 892 1218 1126 1017 1336 1303 1350 1342 1272 1104 841 947 356 1083 553 46 279 237 165 369 72 72 0 0 82 1155 1248 1279 1267 383 331 1248 1350 1233 964 1350 1350 1350 1149 334 786 991 979 1033 1140 1350 1350 788 670 1109 1285 648 802 1350 1350 1350 1350 1350 1350 1350 1348
254 332 365 72 651 868 681 415 57 271 369 665 841 436 157 1058 281 272 965 516 164 637 1350 1350 1350 1350 1302 1332 596 523 761 690 829 1201 1317 1350 1350 1350 1350 1350 1305 811 666 1079 322 815 755 313 519 306 1069 1151 200 890 580 0 0 510 198 387 498 91 216 741 846 729 1249 868 1190 438 37 0 1075 1350 1350 1350 1217 968 1043 1224 1258 1348 1148 786 1056 1135 1350 1350 1350 1350 1350 1350 1350
203 316 443 28 35 801 1266 1135 496 648 463 513 594 221 316 376 307 730 849 671 1296 1331 1338 1350 1270 767 173 757 139 5 5 356 809 1196 1350 1328 1350 1350 1326 1350 1350 1350 1350 1350 1135 131 110 19 188 493 731 799 186 912 1178 919 328 0 0 226 864 117 1101 674 847 508 743 367 167 0 0 151 1315 1350 1350 1350 1350 1350 1320 1228 954 1332 983 789 709 399 524 989 1317 1221 775 1328 1350
457 527 603 236 617 173 530 794 114 490 739 802 727 199 757 812 505 668 880 1193 908 1102 1338 1350 778 324 220 176 2 0 0 402 1292 1350 892 544 584 1338 1078 1186 1350 1350 1350 1350 1338 544 0 0 454 287 6 2 438 940 723 891 1234 187 70 971 772 206 1296 1097 1032 579 638 83 0 0 0 584 837 510 968 1350 1348 1350 1350 1350 1032 776 1350 1350 1348 1323 1088 680 551 819 0 77 1137
1222 976 217 1003 1213 371 500 569 303 305 397 159 386 3 920 1334 1326 703 810 907 1173 757 211 541 279 424 191 66 0 0 0 471 1350 1350 778 33 490 978 777 755 1350 1350 1350 1350 1350 904 25 0 0 97 851 580 124 815 1331 1328 1350 1278 1324 1350 499 661 1350 1235 249 570 635 249 11 0 0 70 25 0 216 813 1304 1350 1350 1350 1350 1063 988 1272 1350 1350 1350 1350 1350 1113 169 0 548
1260 1224 780 829 1165 301 499 525 575 526 799 738 215 192 94 1014 1350 997 642 1076 779 57 1 24 8 0 0 13 0 0 0 388 1350 982 479 447 204 0 949 1350 1350 1350 1350 1278 1126 413 30 0 98 839 859 161 231 572 1150 1307 1350 1350 1257 1350 539 428 838 848 1021 24 427 1172 557 0 0 307 531 114 795 982 1350 1350 1350 1350 1350 1350 1350 1348 1055 1303 1338 1250 1350 1332 228 0 203
1246 1340 877 706 657 251 19 24 320 84 0 178 89 372 168 70 788 1098 1322 1350 1350 199 54 102 5 0 0 338 0 0 2 636 1319 950 612 264 512 568 1188 1350 1350 1350 1269 1338 629 1 10 0 360 455 369 0 0 0 541 1350 1350 1350 1350 1350 1350 934 136 149 149 0 0 813 876 3 0 720 446 1214 828 930 1048 1350 1350 1273 1081 1175 752 1261 1348 1090 1346 945 693 916 422 692 824
1250 1256 1200 1031 526 764 765 763 670 584 390 228 60 110 383 471 114 218 974 1275 846 428 72 262 0 0 1 0 0 452 994 882 803 1019 1203 682 1008 1224 1224 1212 1253 1342 1171 629 139 147 25 262 738 414 463 22 197 781 1171 1295 1350 1350 1350 1350 1350 1338 1162 799 10 0 0 412 362 0 25 647 1095 806 792 680 1014 1280 677 669 920 1322 1010 805 1322 1091 1242 1338 657 1350 1344 1350 1350
1260 1297 1246 993 689 786 535 426 800 688 313 128 22 153 532 341 115 522 10 370 497 229 64 26 16 0 78 25 189 465 1350 1123 1219 1261 741 269 518 740 1306 1348 1314 1339 641 453 429 74 160 397 748 340 25 98 469 845 1007 1296 844 1190 1326 1350 1290 1328 1324 797 20 73 609 19 396 266 113 745 152 482 1063 1063 683 718 436 72 1170 1204 1051 1210 1236 994 985 877 1019 1350 1350 1350 1350
1066 1182 985 1101 826 589 228 544 145 11 21 7 9 159 853 727 340 195 213 228 224 59 31 0 20 0 43 4 77 1206 1316 1209 1302 1240 81 187 184 987 1314 1350 1350 1012 675 655 627 79 727 100 252 76 2 4 81 169 454 187 1012 1175 1198 1350 1298 1063 1012 503 987 797 654 500 477 1141 863 462 239 24 956 1089 782 1024 585 544 530 1182 747 297 766 723 1274 887 1350 1155 1166 1322 632
1124 1099 1266 1238 895 886 352 63 32 2 5 2 25 130 675 347 219 643 568 217 119 390 233 145 21 67 173 97 135 431 765 877 519 342 374 45 0 310 1099 1167 920 374 0 3 275 968 920 67 448 686 211 50 0 31 120 287 1087 1328 1046 1058 1226 814 999 249 607 473 1299 1290 448 554 832 969 891 290 110 1026 1229 1350 1350 1338 601 696 709 369 259 193 437 389 1101 972 901 1273 1196
1100 570 689 1034 1082 197 30 58 69 6 44 21 9 17 360 350 300 280 646 381 203 238 538 446 291 124 69 361 935 873 1043 883 1094 1009 564 254 833 906 888 511 1113 1077 573 77 686 629 283 10 835 1184 1323 793 79 0 0 205 968 1191 1255 953 745 715 510 182 469 178 948 1176 1170 561 1313 1240 1038 396 445 589 1063 1344 1350 1350 1350 1350 778 579 445 316 109 0 746 1350 1350 1350 1350
769 1049 1078 230 47 0 0 51 0 100 1024 686 305 518 349 326 1129 1138 1304 995 1232 669 905 769 661 679 895 1113 979 1014 435 1132 1006 981 554 385 1277 1332 1350 1237 353 283 58 137 245 65 10 35 256 577 366 91 0 0 0 30 471 201 805 1249 1348 1327 1327 894 1040 424 228 153 830 343 1076 1203 1326 909 670 683 655 533 1165 1302 1292 1224 104 3 0 0 2 0 196 1300 1322 1350 1350
