data/outputs/Figueira/2015/resolution_1/CONT_TOTAL_1_20.asc
ncols         75
nrows         75
xllcorner     -8.238677953804
yllcorner      39.915521016488
cellsize       0.000179864320
NODATA_value  -9999
[rows 0 to 46 of 75, columns 0 to 74 of 75]
1165 520 1936 2215 1919 740 42 472 560 960 1282 799 932 1847 1728 1763 100 470 212 98 0 0 0 0 156 1748 1465 500 1052 228 275 1119 2228 2280 1334 168 245 1751 2038 2067 2198 1772 2192 2021 461 436 2086 1069 1139 1195 1907 2264 1613 0 0 0 0 8 439 1427 2196 1489 2049 2010 322 8 14 140 1463 2042 973 1432 386 328 49
1555 764 1828 1873 1544 1162 710 1227 2400 2400 1936 1523 763 2036 2400 1394 229 14 124 0 108 0 0 0 644 2394 1786 30 784 186 0 1273 2400 2365 612 0 35 1120 2237 2400 2400 1883 2101 2176 730 1765 2378 1736 2083 2065 2193 1455 1796 67 0 0 0 0 135 1215 2149 1477 1922 1819 1372 199 129 27 1094 2360 2151 669 371 18 2
603 561 934 1803 2400 2188 1258 263 2182 2388 1594 698 1644 2345 1505 1381 1534 1319 359 93 142 0 0 0 529 1854 1145 0 0 743 1858 1874 2400 2010 261 0 13 550 1359 2229 2400 2400 1194 1270 1663 2381 1393 31 58 393 1163 140 878 44 0 0 0 49 1876 1916 2324 1451 418 2281 2396 1462 510 506 360 1511 2381 1900 583 23 0
608 1326 2258 2398 2349 909 769 2310 2284 2119 519 1542 2056 2164 593 1290 858 689 2086 453 0 0 23 601 851 844 141 334 0 1316 2288 2344 1766 151 219 226 924 466 614 1777 2400 2376 1840 816 1229 1745 155 23 9 1609 1072 192 323 200 19 127 169 968 800 2221 1448 2132 1302 621 1517 2349 2358 1482 172 1086 933 774 1855 1957 167
1145 2209 2197 1486 944 273 461 2283 1926 700 124 314 2346 2321 2297 1817 194 71 1767 860 0 10 0 122 457 523 12 390 8 0 312 1071 37 0 344 1630 1210 1990 1712 2389 2400 2400 2400 2267 1063 276 422 1332 1933 2327 1764 1088 1421 1723 1667 1729 427 357 372 670 1012 597 1075 1459 766 240 1137 2261 2085 1753 1236 1859 2156 2225 1470
1311 1839 2108 911 521 1451 1963 1371 804 453 500 527 934 2038 1516 2318 581 285 366 1767 251 0 0 0 0 537 17 66 61 0 0 51 4 0 970 2366 2324 2048 2400 2400 2400 2388 2400 2374 1963 1263 1716 1151 2100 2233 2037 2120 1848 1347 1378 1932 864 765 238 0 181 671 515 1165 871 357 88 175 1544 2398 2400 2400 2400 2400 2280
1135 1778 1741 282 270 459 2300 1731 554 1019 364 264 81 44 330 1847 1603 610 6 788 119 0 10 147 409 1146 212 28 0 0 6 874 307 99 393 627 1353 2229 2315 2400 2379 2251 2157 2344 2201 2386 2365 2346 2268 2400 2400 1929 1149 1402 2268 2396 1818 511 356 543 1147 1153 1340 2130 2203 2303 2329 1263 1732 2339 2280 2247 1828 1757 1260
2223 1967 495 89 4 0 412 2182 1025 183 22 25 18 30 611 2189 2400 1840 344 313 213 14 2 48 455 1500 219 16 0 157 680 1514 442 729 130 228 1630 2296 2386 2400 2287 1605 2224 1494 2015 2387 2344 2400 2345 2400 2400 2400 2177 1731 1092 2145 2278 1448 1052 1758 2054 2400 2338 2283 2388 2400 2400 2267 1523 1301 519 0 190 429 799
349 889 298 27 76 0 552 2337 2147 221 779 934 505 1188 2170 2205 1472 1695 980 12 7 100 10 25 173 942 736 0 574 1454 95 322 539 1817 1281 1259 1948 2185 2350 2398 2302 2075 738 42 461 1299 2316 2148 2234 2400 2400 2400 2060 2054 2264 1427 1443 1511 1866 684 1361 2087 1958 2384 2400 2400 2400 2399 539 562 109 2 237 65 156
1501 249 98 86 45 89 1763 1097 873 527 325 2223 2300 2354 2400 2341 979 1072 1587 1011 155 1457 301 1045 4 91 347 1235 1836 2364 709 295 88 961 2183 2400 2386 2233 2368 2400 2339 2324 2054 550 279 498 844 1669 2309 2400 2400 2400 1745 1579 1998 2321 2400 2206 1212 180 699 1281 1206 2319 2400 2400 2400 2392 1131 311 208 0 21 51 247
1579 2021 1117 49 3 679 884 450 21 216 200 388 2010 2333 1553 1559 402 821 1312 1355 1997 592 1444 1912 1222 4 492 1710 1874 385 1571 1787 966 323 391 1981 2096 2135 2400 2400 2400 2348 1837 560 1785 2116 239 135 1838 2400 2400 2400 1762 1339 2085 2270 2281 2321 1467 1994 1845 963 1636 2336 2400 2400 2278 2195 1087 679 270 0 69 66 772
2110 1119 1187 1113 101 0 432 307 773 1160 293 404 260 1658 730 253 1255 790 1110 1465 2355 1031 56 1798 914 414 372 963 2004 2102 2400 2273 214 9 0 873 2029 1708 2130 2400 2321 2076 898 1327 2399 2341 508 234 1762 2303 2376 2400 2400 2363 2379 2387 2396 1243 2207 2386 1852 2104 1273 1532 1975 2367 2400 1077 1615 1099 941 140 88 90 308
741 648 999 940 162 1470 3 0 515 1455 1668 2006 529 75 731 562 507 1640 1127 2054 2400 2214 1669 754 1427 622 1961 2398 1962 2007 1896 214 0 0 0 58 758 2089 693 741 435 303 1413 2079 1759 1982 513 774 1480 2283 2400 2400 2400 2264 2205 2340 1869 2327 2400 2378 2138 1074 1918 1539 1491 1607 1529 447 1152 800 2358 1619 1762 956 545
1112 1520 457 1294 601 954 548 1303 279 106 1368 2055 1128 1110 186 2280 1664 785 2298 2152 2347 2042 1316 1583 2317 2398 2400 2400 2400 1964 165 276 0 0 0 0 617 1502 470 609 54 240 570 654 692 2 16 137 1680 1796 2329 2400 2400 2400 2400 2249 1664 2400 2386 2332 2001 1620 1449 882 1461 2393 2184 1957 1459 1243 1416 1199 1574 432 15
1535 1058 108 1607 1148 300 447 14 143 387 100 280 66 693 35 1037 1574 1841 2400 2400 2251 1646 4 451 2051 2400 2400 2400 2400 2009 1157 924 9 12 2 0 0 655 753 226 1086 142 93 0 110 0 360 2122 2385 1231 1610 2332 2400 2400 2400 1589 2376 2400 2227 2138 2055 1977 622 322 61 1782 1076 617 198 2027 1604 1329 1165 478 201
1854 290 1334 2232 404 0 0 0 250 1162 2135 1373 338 3 12 641 871 2290 2398 2400 2388 2122 1575 174 548 1827 1673 1253 1492 328 446 429 607 6 0 0 0 192 1703 2249 1278 1613 1320 1062 33 0 980 1538 2392 1491 2079 2389 1881 2400 2400 2208 2400 2373 1770 1749 955 1200 380 814 165 550 376 92 334 553 449 952 255 390 541
2258 2180 2212 713 0 0 2 14 60 248 1073 1874 2051 108 0 30 134 543 2066 1980 698 538 1599 402 4 237 268 302 34 253 1339 2305 1729 0 0 0 0 0 131 1132 1544 1069 2353 2280 629 154 2276 2400 2190 1435 905 1528 1013 1305 1934 2379 2354 2167 1540 2235 1081 380 33 294 6 8 248 607 177 170 450 610 1170 148 1728
2280 2400 2395 1918 253 0 0 15 8 694 1242 789 687 122 260 161 0 73 414 792 45 1218 47 0 34 180 49 0 0 0 1391 2400 2234 95 0 7 77 0 0 45 582 1515 2267 2400 2400 1327 2367 2400 2344 1378 187 244 219 1670 2152 1470 2371 2386 2171 2268 1009 8 0 0 0 122 100 354 83 49 1759 2080 1374 98 2120
2263 2168 2400 2219 691 168 698 807 724 2169 1440 45 14 0 213 1232 494 161 27 299 697 1939 1369 820 1004 911 0 29 504 334 839 2146 1193 1766 1025 492 151 55 14 0 0 1117 2400 2400 2381 1150 2343 2400 2157 1566 1597 1404 1887 2400 2400 2400 2102 2019 1278 652 68 0 0 48 119 41 0 0 0 0 1001 2350 1969 735 2229
1483 815 2389 2399 2369 1975 1099 1011 1500 2235 693 370 31 294 0 409 1551 1855 1364 469 43 478 800 640 751 780 5 206 1104 30 1279 1977 2300 1987 2399 1072 497 222 807 879 782 1205 1723 1549 1280 1494 1956 2398 2366 2378 870 1273 2400 2400 2400 2400 2348 1748 348 13 0 0 0 0 0 0 0 0 3 0 84 1872 2301 2358 2228
203 0 1019 880 1336 1454 2218 2067 2297 1621 235 9 24 139 16 238 803 384 543 1076 379 273 19 886 697 237 197 569 1020 1310 2202 2388 1797 1394 863 810 2058 2316 2164 2303 2275 2214 1315 83 513 1001 538 2372 1611 1431 569 1513 1877 2354 2400 2400 2346 1881 606 0 0 0 0 0 0 0 30 6 251 118 712 562 1551 2238 2056
0 0 1322 767 211 436 2310 2396 2399 2153 1235 0 181 0 175 96 478 578 20 442 1442 1901 806 13 0 31 122 914 1344 1528 956 349 0 0 4 458 2398 2400 2400 2400 2400 2382 1043 0 139 489 1401 2239 826 683 907 646 1268 2174 1464 1719 2143 1342 566 444 574 107 10 345 0 49 35 0 44 55 635 880 2289 2388 2193
0 0 649 2048 1891 944 519 1804 1932 658 996 467 671 859 1985 979 1056 2333 2145 1456 773 2018 1796 369 0 0 0 1 4 144 601 808 789 1713 1694 1572 2307 2400 2400 2400 2400 2346 1105 826 979 1426 1121 1447 213 1274 1891 2148 2128 2065 28 68 46 103 562 904 1460 396 181 45 906 808 70 218 679 629 650 1492 2396 2400 1672
27 1313 1591 2398 2400 2105 863 866 1657 1829 1865 2094 2259 2356 2400 1279 505 1626 2400 2157 412 99 330 524 332 77 174 196 0 11 152 985 1328 2215 2331 2161 2255 2378 2306 2310 2398 2400 2122 1965 768 1186 1060 28 464 2142 2400 2400 2400 2221 131 0 13 256 702 1722 2027 982 65 10 406 1680 1488 1275 1935 2153 2140 1845 2372 2218 945
1639 2073 2394 1611 1944 1312 1858 2366 2330 2400 1987 1104 2333 2150 1997 1600 1078 410 1248 2348 1600 963 0 401 833 435 1584 2246 1247 367 15 0 11 262 1354 2240 2233 1230 247 93 1001 2363 2301 2226 2185 2119 549 1262 2343 2400 2400 2400 2400 2400 925 765 1669 1915 872 1071 2321 2103 830 58 1023 651 1436 1924 2058 1580 2355 1479 2282 1964 240
1913 962 172 128 567 427 695 2328 2390 2400 2236 2351 1587 1094 572 1370 62 556 1041 2400 2153 246 227 79 40 32 217 1307 1684 2385 1735 584 300 13 0 405 630 362 6 18 5 692 1613 2222 2359 1528 1228 1661 1129 1952 2400 2392 2319 2400 2117 1440 2298 1722 807 1058 2398 2400 2244 1524 1387 223 997 1953 2210 2323 1957 2196 2362 2269 2018
7 0 0 790 1002 343 0 1377 1880 2249 2265 1058 206 1626 1857 500 310 976 591 948 128 44 494 238 185 171 308 1231 818 1795 2263 2234 2317 1511 755 464 0 0 0 0 12 123 2 416 2017 1084 2326 2306 1912 1386 1877 1514 1235 2071 2201 2155 907 705 884 1911 2398 2400 1569 267 631 522 477 998 1768 2378 2317 2400 2338 2400 2280
63 0 6 764 1246 923 439 2053 1241 1328 2125 570 434 1956 1588 379 719 786 1896 968 226 639 262 299 214 69 34 831 366 813 2214 2305 2400 2399 1972 1272 0 138 0 0 0 10 278 647 1678 1986 1998 1542 1983 2400 2056 427 1894 1950 2021 2400 1662 875 1347 2242 2400 2390 1069 1011 1292 915 2302 2378 2400 2067 2400 2400 2400 2400 1796
297 48 702 1987 1923 1929 2152 1982 567 156 114 55 1451 2400 2029 1046 2218 2374 2141 1026 1363 524 1916 421 336 432 6 145 14 348 1799 1896 739 1252 2206 947 703 19 0 0 138 575 365 2 13 430 810 778 1939 2053 2284 1805 1657 1683 2143 2376 2400 2172 1921 1949 2339 2244 2400 2259 1795 1757 2400 2276 2400 2347 2283 1019 2217 2400 2203
658 140 226 1773 2398 2400 2400 2400 1351 1208 2150 2278 2400 2347 2089 2200 2400 1783 1447 867 2094 1035 350 241 2020 837 313 4 273 0 1239 1435 174 1367 1387 1308 2231 555 10 239 1775 1215 2133 1429 772 232 97 18 58 66 190 503 617 1132 1624 1995 2157 2271 2184 2189 2400 2351 1278 1323 1849 2268 2391 2374 2400 2400 2138 2193 2400 2400 2062
799 1039 429 918 2258 2400 2400 2386 2390 2400 2152 2201 2400 1628 734 2173 2178 2010 1438 1565 2346 1094 1131 676 1469 1621 775 621 68 975 794 306 128 176 1430 2317 2400 2241 1021 1203 1364 1611 758 414 896 487 1881 2066 1731 1310 1217 1108 268 253 102 1 63 147 668 694 1510 1865 2107 2075 2299 2281 1944 1312 1664 1777 2217 2398 2400 2400 2280
1625 2338 2400 2400 2396 2400 2400 2322 2362 2400 1994 270 1296 919 901 1510 1726 796 1407 1806 1171 1804 1490 440 732 1525 1420 1180 1727 1166 721 17 0 7 1282 2398 1685 1562 2333 2400 2400 2400 1492 1087 755 1118 1167 1493 2280 2142 2400 2400 2400 1304 1812 825 850 662 888 755 281 42 46 238 610 871 581 1050 1357 2341 2315 1956 1805 1645 1727
2101 2400 2391 1009 1206 2400 2394 1652 1875 1829 1355 654 1282 1403 1132 1185 260 680 1790 1593 465 346 1794 1476 398 644 76 968 929 290 167 351 484 339 234 762 1971 2400 2400 2400 2117 1693 2400 2400 2400 2327 2260 1634 589 784 2200 2400 2297 1847 2382 2353 2382 2400 2370 2400 2373 1504 1838 1995 1425 1045 699 370 379 552 685 873 1138 1230 1765
2243 2400 1369 13 767 2400 2400 376 19 529 1820 1119 1444 1612 890 346 705 96 923 1678 1276 711 915 712 752 1404 249 330 283 0 669 286 460 989 1022 1803 1198 1756 2400 2400 1315 1674 1960 2400 2400 2254 2400 2052 800 1647 2018 2400 2049 1604 1186 2305 2398 2400 1884 1659 2158 2382 1987 1880 1360 1909 1283 2280 2029 2189 1928 1650 626 200 0
2039 939 204 242 1000 2400 2326 1488 223 0 816 156 59 377 471 417 539 368 1028 1108 890 1918 2002 1911 1154 1349 1515 580 59 75 205 1376 977 1104 2209 2400 1958 1004 2198 2350 945 1573 1586 2379 2400 2309 1958 1852 1068 262 1894 2345 2143 2352 2251 1662 2374 2400 2337 1567 2342 2400 2400 2400 2393 2217 955 1809 2400 2400 2400 2400 2140 1021 49
1180 70 908 1112 995 2400 2324 888 162 85 295 0 0 81 435 1653 1988 1067 595 410 2372 2400 2285 1541 454 305 862 1225 132 435 658 77 610 1076 2400 2344 2002 2183 2353 2400 1753 1601 1406 2277 2400 2200 1936 1858 2305 2270 645 2181 1621 1697 2248 1896 1489 2147 2322 2392 2400 2400 2400 1560 621 855 1021 1173 2390 2400 2400 2400 2222 514 6
354 481 310 2102 1724 2184 842 1340 722 110 323 0 1262 1173 1589 2288 1087 1099 1451 1069 1634 818 1162 1030 169 385 0 95 107 1278 85 433 1238 1885 2383 2400 1091 1753 1212 565 1472 2263 2294 1802 2400 2388 2286 687 725 1317 303 1281 305 1289 1943 1540 1959 2400 2397 1497 2393 2374 1391 345 219 47 98 897 2136 2400 2400 1709 456 414 1142
1113 1020 96 481 799 850 6 461 1291 1051 2020 1801 2196 2312 2328 2125 708 0 80 130 627 124 0 0 58 17 0 181 3 804 335 1319 1279 404 1771 1022 353 153 116 15 715 2020 2326 1803 2400 2071 1638 390 256 112 909 2029 2150 2279 2310 2103 2400 2400 2225 830 967 2206 2382 1703 950 636 1035 1933 2014 2400 2400 2361 1621 1432 1976
1362 810 685 1355 1434 900 1443 1775 2013 2130 2400 2376 2367 2086 1704 1478 1077 133 193 254 5 51 516 271 55 777 214 432 610 528 465 412 507 522 84 54 21 111 50 580 597 2171 1293 864 668 431 1322 602 1159 1916 2398 2400 2386 2400 2400 1980 2373 2400 2119 2400 2056 2005 2400 2388 1298 1093 2001 2400 2400 2400 2303 1396 1298 1934 1968
4 293 615 1125 1257 1530 2137 2380 1169 1233 1234 2307 2139 1097 1085 373 114 250 334 255 2 228 377 183 199 714 119 9 28 369 39 0 9 18 281 511 91 0 1 0 44 1896 2084 689 53 258 592 481 1388 2400 2400 2280 1882 2215 2220 2191 1240 1996 2199 2392 2368 2400 2400 2400 2330 936 2103 2400 2400 2400 1748 253 1306 1092 1773
260 19 2 2 33 342 71 229 555 579 1261 1320 663 108 385 344 17 0 115 1331 707 1770 1024 66 360 328 123 0 95 13 386 88 159 0 0 32 332 171 310 105 182 99 56 164 262 0 875 539 756 2400 2341 2365 2400 2162 2188 1070 375 689 681 423 1015 2392 2400 2400 2400 2400 2400 2400 2400 2361 1901 775 1305 601 785
1541 682 34 471 155 198 1406 526 963 462 18 516 868 620 1112 1451 1003 1232 1753 1118 2182 2189 707 1202 1384 1490 1596 994 551 351 1418 84 0 0 409 556 931 1451 803 526 2 313 61 239 1093 0 176 745 2400 2400 2253 2386 2357 2400 2349 1919 300 88 439 396 69 533 2372 2107 2195 2400 2400 2400 2388 1026 1305 1061 748 1239 690
1640 271 0 351 680 1583 1536 1848 2318 1748 269 410 1650 2293 2394 2400 2134 2264 2267 2079 2354 2388 2312 1971 2120 1609 1861 2378 2241 540 1 518 299 810 732 1205 1284 1199 82 785 1331 1477 1746 747 1275 0 173 92 1276 2071 302 1125 2386 2400 2125 682 392 1597 624 465 599 904 1029 2307 2166 2266 1955 2400 2400 1687 1288 2400 2317 1290 302
412 412 0 47 341 635 1164 2398 2400 2015 1190 760 74 2148 2400 2400 2400 2400 2400 2388 2400 2378 2400 2400 2377 2015 2101 1668 1085 301 858 2139 939 1229 1416 1596 1433 1507 350 340 1488 2291 2278 2391 1331 108 121 0 0 107 390 1838 2361 2400 1373 325 624 1054 393 736 29 4 76 2164 2320 1767 1214 1799 2400 2400 2400 2268 914 11 13
354 177 0 0 102 410 226 1732 2021 1643 2127 924 683 1807 2028 2400 2373 2378 2061 2377 1130 1071 1654 1772 2035 1838 373 305 146 366 442 1040 875 926 2070 1383 0 15 589 117 1080 2400 2400 1959 2087 1261 102 243 388 1238 2049 2400 2377 1936 992 2230 1043 1537 1931 852 730 371 624 1783 1937 1033 2386 2400 2120 1468 1422 294 2 0 8
29 16 3 179 112 517 373 581 488 465 1954 2379 1016 684 1532 2159 1923 2212 2151 1139 190 198 215 1473 2320 2341 1267 1228 1118 150 101 628 19 1014 127 0 0 131 681 1016 1574 2400 2400 2400 2400 1759 919 970 1023 1914 2176 2400 2400 2400 2053 1473 895 867 1735 2354 2182 1729 128 26 27 674 2301 2390 2400 1289 533 291 33 1178 682
287 224 1084 1768 1551 80 21 97 1158 442 1470 1398 261 496 2170 2330 2006 1713 1072 504 34 161 652 2317 2393 2390 2047 1868 105 502 1663 1936 463 2 0 576 943 631 0 77 145 1020 1684 2386 2400 2400 1915 836 564 2068 2146 2381 2400 2111 913 1580 1366 735 2373 2400 2400 2265 1488 1305 1225 2343 2400 1591 2186 2093 1286 2251 1266 1938 2127
