data/outputs/Figueira/2015/resolution_1/CONT_NORM_1_5.asc
ncols         300
nrows         300
xllcorner     -8.238677953804
yllcorner      39.915521016488
cellsize       0.000044966080
NODATA_value  -9999
[rows 165 to 219 of 300, columns 0 to 95 of 300]
80 94 42 1 84 95 5 0 0 0 0 22 55 52 7 0 0 10 5 0 0 0 0 0 0 16 93 100 80 22 4 8 40 56 61 76 100 35 0 0 0 0 0 0 0 0 7 0 0 0 0 2 28 16 53 77 68 4 29 77 21 0 29 100 89 44 23 0 0 8 95 100 100 82 61 97 58 42 43 40 99 99 100 100 100 100 84 35 0 0 0 0 0 0 60 82
80 100 96 12 10 23 0 0 0 0 0 0 41 62 3 0 0 7 0 14 3 0 1 4 35 19 48 100 97 70 43 14 48 69 7 15 29 4 0 0 0 0 0 0 0 14 96 78 60 65 60 47 46 0 0 0 0 0 51 96 22 49 90 100 100 100 52 0 1 79 100 100 100 100 98 74 86 62 0 25 99 100 100 100 100 100 92 48 50 14 2 14 30 38 93 100
80 100 100 58 9 86 16 0 0 0 0 0 0 13 37 38 34 15 5 13 41 0 6 76 100 100 100 81 13 0 0 0 0 2 7 0 0 0 0 0 0 0 12 0 0 37 95 17 78 100 100 67 76 75 4 10 32 24 100 100 100 100 100 100 100 100 20 0 0 69 100 100 99 100 93 49 62 47 15 62 99 100 100 100 100 100 100 100 100 93 83 91 100 100 97 99
80 100 100 92 6 19 0 0 0 0 0 0 0 0 0 0 0 0 0 4 46 54 73 100 100 100 100 27 0 1 39 76 87 95 96 67 63 49 27 0 0 0 9 0 0 2 10 0 16 100 100 95 100 99 88 58 99 97 100 100 100 100 100 100 100 100 26 2 23 87 100 99 36 99 100 79 13 81 97 99 100 100 100 100 92 100 100 100 100 100 91 66 95 36 49 76
80 100 94 97 32 0 0 0 0 0 0 0 0 0 0 0 0 26 2 79 99 57 68 69 94 100 79 7 38 80 99 100 100 100 100 100 100 100 94 20 0 0 0 0 0 0 0 0 1 70 90 51 99 100 100 100 100 100 100 100 100 100 100 100 100 100 100 95 100 100 100 100 99 100 100 99 51 78 73 92 100 100 100 100 100 100 100 100 100 100 100 93 65 26 73 100
75 87 73 57 44 0 0 0 0 0 0 0 5 0 1 0 0 3 7 59 46 2 45 85 97 94 25 28 99 100 100 100 100 100 100 100 100 95 100 69 1 55 27 0 0 0 2 23 60 39 86 100 100 100 100 100 100 100 100 100 100 100 100 100 100 100 100 100 100 100 100 100 100 100 100 100 100 100 100 100 85 84 100 100 100 100 100 100 100 100 100 91 93 100 100 100
27 0 0 31 76 4 0 0 0 0 0 0 70 61 55 42 52 70 61 90 87 81 58 86 67 14 8 82 100 100 100 100 100 100 100 100 98 56 100 95 1 16 70 0 2 54 81 99 85 98 69 41 86 100 100 100 100 100 100 100 100 100 100 100 100 100 100 100 100 100 100 100 100 100 100 100 100 100 100 100 100 100 100 100 100 100 100 100 100 100 100 100 100 100 100 100
77 19 15 1 30 2 0 0 0 0 0 0 9 0 12 11 17 38 52 78 76 89 95 100 77 2 76 100 100 100 100 100 100 100 100 100 100 100 100 80 1 1 56 66 86 100 100 58 26 13 3 2 72 100 100 100 100 100 100 100 100 100 100 100 100 100 100 100 100 100 100 100 100 100 100 100 100 100 100 100 100 100 100 100 100 100 100 100 100 100 100 100 100 100 100 100
7 0 0 0 7 24 1 0 0 0 0 0 0 0 0 0 0 0 0 0 0 0 2 18 2 3 59 100 100 100 100 100 100 100 100 100 100 100 100 64 1 47 57 74 45 54 25 0 0 0 0 6 92 100 100 100 100 100 100 100 100 100 100 100 100 100 100 100 100 100 100 100 100 100 100 100 100 100 100 100 100 100 100 100 100 100 100 100 100 100 100 100 100 100 100 100
1 1 3 0 1 10 5 0 0 0 0 0 0 0 0 0 0 0 28 12 31 0 0 0 0 24 49 100 100 100 100 100 100 100 100 100 100 100 87 8 39 66 56 49 20 2 0 0 0 0 0 0 52 100 100 100 100 100 100 100 100 100 100 100 100 100 100 100 100 100 100 100 100 100 100 100 100 92 100 100 100 100 100 100 100 100 100 100 100 100 100 100 100 100 100 100
31 41 51 29 35 78 77 4 0 0 0 0 0 0 0 0 0 0 0 0 11 1 0 0 0 21 72 89 99 100 100 100 100 100 100 100 100 100 92 11 13 96 73 99 17 0 0 0 0 0 0 0 18 97 100 100 100 100 100 100 100 100 100 100 100 100 100 100 100 100 100 100 100 100 100 100 100 100 100 100 100 100 100 100 100 85 100 100 100 100 100 100 100 100 100 100
34 72 34 29 14 4 13 0 0 0 0 0 0 0 0 0 0 0 0 51 21 0 0 0 0 0 0 0 13 69 100 100 100 100 100 100 100 100 96 5 14 97 100 100 81 40 0 0 0 0 0 0 0 76 100 100 100 100 100 100 100 100 100 100 100 100 100 100 85 100 100 100 100 100 100 100 100 100 100 100 100 100 100 100 100 24 95 100 100 100 100 100 100 100 100 100
8 11 2 45 74 5 9 0 0 0 0 0 0 0 0 0 0 0 0 3 13 0 0 0 11 5 0 8 2 59 100 100 100 86 84 100 100 100 91 48 69 100 100 99 71 14 0 0 0 0 0 2 5 51 100 100 100 100 100 100 100 100 100 100 100 100 100 100 100 100 100 100 93 48 71 100 100 100 100 100 100 91 22 42 31 1 89 100 100 85 57 100 100 100 100 100
0 0 0 0 0 0 0 0 0 0 0 0 0 0 0 0 0 0 0 2 73 8 0 0 45 54 0 27 68 100 100 100 94 22 63 100 100 100 28 36 100 100 94 84 37 31 43 1 0 23 52 76 86 85 89 66 73 21 85 100 100 100 100 100 100 100 100 100 100 100 100 100 99 93 13 96 99 93 100 100 62 8 1 0 0 0 38 90 69 5 34 100 55 99 78 55
0 1 0 0 0 0 1 0 0 0 0 0 0 0 0 0 0 0 0 13 95 63 0 0 0 0 0 0 16 100 94 33 42 65 100 90 95 84 11 2 62 100 99 100 100 100 82 14 23 95 97 87 100 98 92 55 34 39 99 100 100 100 100 100 100 100 100 82 100 100 100 100 100 99 62 100 100 100 100 93 26 0 0 0 0 24 19 2 9 0 55 89 2 40 30 22
0 0 0 0 4 1 2 0 0 0 0 0 0 0 0 0 0 0 2 0 8 86 46 0 0 0 15 42 56 81 44 68 100 80 41 4 2 0 0 0 73 100 100 61 98 100 94 95 100 70 17 36 92 100 100 28 0 58 79 97 100 99 97 100 100 100 100 58 99 100 100 100 93 100 100 84 71 99 92 89 27 0 0 8 4 1 8 0 0 0 25 58 1 27 41 99
4 0 0 0 0 0 0 0 0 0 0 0 0 3 6 0 0 0 0 0 0 22 83 57 3 0 79 55 5 0 59 60 19 2 5 0 0 0 0 1 73 99 100 76 100 100 100 100 98 50 0 0 11 34 37 19 17 30 47 69 97 74 76 100 100 99 56 79 88 92 86 100 99 93 100 100 92 80 22 47 41 0 0 0 0 0 1 18 1 0 0 17 36 15 85 100
13 3 0 0 0 0 0 0 0 0 0 0 0 3 4 0 0 4 0 0 0 0 0 42 33 0 16 2 1 0 12 2 0 0 0 0 46 82 30 0 25 51 91 100 100 100 100 99 94 70 0 0 0 0 1 34 24 54 100 61 71 86 99 100 100 97 12 30 53 61 96 100 99 92 100 91 29 52 9 23 0 0 4 4 0 5 38 11 4 0 0 0 1 43 100 99
0 0 0 0 0 0 0 4 0 0 0 2 26 40 37 0 5 63 2 0 0 0 0 0 0 0 2 0 0 0 0 0 0 9 35 31 67 38 0 44 99 84 70 100 100 100 100 100 99 44 0 0 0 0 0 0 85 100 100 99 57 84 100 100 100 79 76 96 100 100 100 100 65 44 100 73 8 25 16 5 0 0 11 30 16 8 20 1 3 26 8 1 57 99 100 81
22 33 0 0 0 0 8 77 70 0 1 25 33 93 90 6 59 100 51 0 5 0 0 0 0 0 0 0 0 1 1 0 0 27 74 76 44 4 71 96 81 73 98 100 100 100 93 98 96 3 0 0 0 0 11 28 100 100 100 100 96 100 100 92 100 98 100 100 100 100 100 87 27 51 86 96 73 47 2 0 0 1 0 8 16 0 0 1 2 1 12 17 62 100 100 100
43 9 0 0 0 0 8 31 0 1 5 56 70 98 99 85 88 100 43 0 0 0 0 0 0 0 4 10 1 0 0 3 1 14 31 97 32 1 19 3 28 75 68 100 100 99 40 21 43 0 0 0 0 0 18 65 100 53 63 82 100 100 100 100 93 91 100 100 100 100 70 26 10 41 35 8 18 5 4 0 0 1 3 0 0 0 0 0 0 0 48 44 83 100 100 100
3 4 1 2 0 0 0 0 4 63 76 92 96 100 85 96 98 96 74 64 32 0 4 0 0 0 0 0 0 0 0 1 37 88 2 64 1 0 0 12 71 31 4 95 94 39 11 38 0 25 6 0 0 0 35 83 95 87 96 96 100 100 100 100 99 99 100 100 100 100 39 1 24 92 21 0 6 75 27 0 0 2 8 0 0 9 19 0 0 2 52 63 100 100 100 100
0 0 19 55 26 0 0 0 51 100 100 78 53 100 41 33 85 65 34 76 12 0 0 0 0 0 0 0 0 0 0 57 97 69 27 68 0 0 0 12 28 0 31 98 56 0 6 37 0 1 0 0 0 0 32 58 79 100 100 96 92 100 100 73 21 21 29 88 100 98 20 0 89 100 34 1 3 30 47 0 0 0 0 0 0 42 20 0 0 17 75 100 100 100 100 100
3 3 42 74 59 6 0 0 88 100 100 97 52 64 95 100 100 96 6 19 0 0 0 0 0 1 0 0 0 0 1 9 58 41 55 34 26 0 29 60 33 0 1 23 11 1 15 0 0 0 0 0 0 0 67 69 96 87 100 42 48 100 100 46 0 0 14 68 70 74 2 0 63 65 7 0 1 9 4 0 0 0 0 0 0 25 3 1 46 73 99 100 100 100 100 100
6 16 69 22 2 0 0 11 99 100 100 80 37 32 53 100 100 100 52 0 0 0 0 3 16 4 6 0 0 0 0 1 41 87 93 87 74 0 0 14 5 0 59 34 2 20 14 0 0 0 0 0 0 32 89 91 100 100 68 6 38 100 63 7 0 0 2 29 4 1 21 32 13 1 0 0 0 0 0 0 0 0 0 0 0 37 72 66 98 100 100 100 100 100 100 100
0 0 0 0 0 0 0 40 93 100 100 100 99 97 100 100 93 95 33 0 0 0 3 2 52 6 3 0 0 0 0 0 6 80 100 99 90 37 56 0 0 49 48 19 0 43 4 0 0 0 0 0 0 15 34 29 35 62 83 86 95 84 75 26 1 0 1 0 11 21 79 99 94 15 0 0 0 0 0 0 0 0 0 0 0 12 98 100 100 100 100 100 100 100 100 100
14 0 0 0 0 0 2 31 35 95 97 99 53 34 23 39 76 80 70 34 39 28 12 5 48 32 36 9 19 0 3 0 0 12 95 100 97 93 50 20 16 97 61 21 12 91 1 0 0 0 0 0 28 96 89 64 1 12 73 100 91 19 51 14 1 0 0 11 28 3 33 63 21 0 0 0 0 0 0 0 0 0 0 0 0 0 87 100 100 100 100 100 100 100 100 100
0 0 0 0 1 37 26 84 8 7 9 55 61 71 68 95 86 100 80 67 99 34 31 0 50 88 93 24 40 1 8 0 0 0 69 100 86 100 67 58 81 85 16 24 82 44 0 0 0 0 0 0 32 70 73 40 1 2 43 99 99 80 53 21 0 0 0 31 0 0 0 0 0 0 0 0 0 0 0 0 0 0 1 2 9 0 36 99 100 100 100 100 100 100 100 100
0 0 0 0 0 0 0 18 4 0 0 5 35 92 99 93 100 92 82 33 97 49 0 0 15 43 28 67 19 26 34 16 1 0 11 48 100 90 55 86 90 29 10 40 87 7 0 0 0 0 0 5 70 35 28 54 25 76 100 93 21 0 0 0 0 0 2 24 0 0 0 0 0 0 0 0 0 0 0 0 0 0 24 71 85 78 91 100 100 100 100 100 100 100 92 87
0 0 0 1 28 0 9 2 0 0 1 4 83 99 100 100 100 100 100 100 55 5 0 0 10 69 68 98 62 45 58 23 0 14 9 39 77 12 41 87 57 4 2 38 17 0 0 0 0 0 0 0 0 0 40 98 90 92 100 84 0 0 0 0 5 7 0 0 0 0 0 0 0 0 0 0 0 0 0 0 16 74 100 100 100 100 100 100 100 100 100 100 99 93 90 4
0 0 0 0 1 0 5 0 0 0 0 0 6 91 100 100 100 100 99 88 53 25 3 0 26 90 98 100 100 100 100 77 37 88 64 2 52 22 4 12 13 0 2 1 0 0 0 0 0 0 14 32 17 47 64 99 100 85 100 64 1 35 0 0 15 20 0 0 0 0 1 53 47 44 9 50 61 64 80 92 97 100 99 91 100 100 100 100 100 100 100 100 87 69 11 0
0 0 1 59 6 6 29 0 0 0 0 0 16 67 100 100 100 99 94 92 97 23 1 25 85 92 100 100 100 64 21 46 85 100 94 8 33 98 85 87 65 6 13 0 0 10 34 4 0 0 56 100 100 93 56 78 80 100 100 43 0 7 0 0 0 0 0 0 0 0 1 17 61 81 77 96 100 100 100 100 100 53 22 32 87 100 100 100 100 100 100 100 87 36 10 23
0 0 0 6 0 0 45 64 30 0 0 0 0 18 63 100 100 100 100 100 99 48 33 81 94 84 97 100 100 45 0 0 13 83 66 3 0 59 92 100 98 19 0 0 9 14 49 0 0 0 71 100 100 92 61 81 82 100 71 5 17 65 33 0 0 0 0 2 0 1 42 0 4 48 51 89 82 53 62 76 55 9 60 51 75 100 100 100 100 100 100 100 79 0 0 4
0 0 38 13 0 0 11 51 15 0 0 0 0 16 10 97 100 93 84 100 100 99 94 100 63 39 87 100 100 96 55 0 30 93 91 18 0 8 66 92 100 56 1 0 44 30 28 0 9 24 88 99 24 9 24 27 59 41 5 0 44 95 16 7 0 6 38 7 2 17 65 9 0 0 0 0 7 2 0 2 2 0 26 42 86 100 100 89 14 25 41 32 2 0 0 0
7 25 0 0 0 0 0 0 0 0 0 0 0 0 4 82 100 96 65 100 100 100 100 92 7 32 67 63 48 100 40 2 56 100 100 82 35 0 1 8 72 51 9 2 0 0 1 8 20 39 81 67 47 20 52 75 63 3 55 47 94 94 67 46 27 10 89 29 41 42 1 4 0 4 2 0 0 0 0 2 5 1 26 97 93 85 56 21 37 52 51 1 0 0 0 0
24 30 9 0 5 0 0 0 0 0 0 0 0 13 28 9 85 100 99 100 100 100 56 37 52 47 91 87 39 90 34 62 100 100 100 72 51 20 0 0 4 5 0 4 19 75 43 24 81 46 9 18 75 12 48 94 47 21 94 99 94 95 99 92 91 57 99 80 61 47 57 54 13 0 1 0 4 21 11 1 1 0 10 71 99 98 80 73 100 100 99 52 59 4 0 0
0 0 4 2 0 0 3 35 1 0 0 0 0 20 13 43 55 100 100 100 100 100 76 92 100 97 47 25 84 100 99 91 100 100 100 99 73 91 6 0 0 1 37 86 99 100 88 16 98 100 86 91 100 82 81 98 74 90 100 93 99 66 85 72 100 99 100 54 0 0 32 8 8 0 0 0 4 33 85 46 2 4 35 50 100 100 100 100 100 100 100 83 97 94 60 61
59 25 0 0 0 0 11 84 29 33 1 0 23 95 46 52 81 100 100 100 100 100 100 100 96 35 5 16 59 80 94 91 100 100 82 93 44 59 15 0 0 2 62 24 47 64 61 78 100 100 100 100 100 100 86 100 58 27 100 96 64 69 100 84 98 100 96 11 0 0 0 0 0 0 0 0 10 18 37 26 3 89 96 96 100 100 100 100 100 100 100 66 30 64 94 99
10 5 0 0 0 0 0 18 18 5 0 0 14 99 34 10 90 100 100 100 100 100 100 74 37 16 0 3 9 37 100 92 100 99 81 99 98 62 30 0 0 0 10 33 27 34 74 91 89 100 72 90 100 81 49 61 70 11 96 41 48 59 77 27 56 82 77 0 0 0 0 0 0 0 0 0 1 2 0 0 0 6 10 86 100 100 100 100 100 100 100 100 89 62 69 97
6 0 0 0 1 0 0 0 43 4 16 4 24 73 45 85 100 100 85 92 100 98 95 71 83 94 64 11 3 30 33 84 41 83 100 90 90 89 0 0 0 7 28 27 10 41 90 88 98 99 53 36 91 44 62 97 99 98 99 19 60 100 100 100 61 76 34 0 48 18 0 0 0 1 0 0 0 0 12 25 40 94 79 68 99 100 100 100 100 100 100 100 100 84 41 100
0 0 0 0 0 0 0 0 48 3 45 60 11 2 51 52 100 84 72 100 76 12 27 62 80 29 2 0 0 1 17 4 16 64 98 27 21 91 42 0 0 5 38 54 61 3 73 100 100 100 98 100 97 60 34 16 97 94 90 91 100 55 52 76 65 63 5 0 73 78 8 0 0 26 4 0 0 0 71 43 92 100 100 92 100 100 100 100 100 100 100 100 100 100 100 100
0 0 0 0 0 0 0 24 21 0 0 0 0 33 100 100 96 100 92 100 37 40 12 95 44 21 1 0 2 3 8 2 0 0 36 6 0 30 78 26 1 1 0 15 0 26 89 100 100 84 88 99 91 93 64 58 32 84 8 33 60 2 0 60 69 2 0 0 8 66 84 27 10 49 59 53 54 48 96 100 100 100 100 100 100 100 100 100 100 100 100 100 100 100 100 100
2 0 0 0 0 0 0 89 52 0 4 27 52 74 74 42 34 77 86 67 0 15 58 58 23 1 0 0 8 38 1 0 0 24 24 46 18 7 69 44 2 0 0 0 7 4 28 22 52 8 62 87 82 98 91 66 57 71 65 82 68 56 90 28 5 0 0 0 0 0 0 24 93 57 93 100 100 100 100 100 100 100 100 100 100 100 100 100 100 100 100 100 100 100 100 100
38 0 0 0 0 0 1 89 24 0 0 0 4 3 67 94 92 70 53 82 34 27 15 17 0 0 1 0 28 23 29 41 9 8 24 58 63 54 77 65 0 1 0 0 38 8 0 0 0 10 26 70 93 93 79 79 71 33 80 93 92 54 32 0 0 0 46 66 34 8 0 0 49 100 100 100 100 100 100 100 100 100 100 100 100 100 100 100 100 100 100 100 100 100 100 100
1 0 0 0 0 0 0 60 0 0 0 4 49 88 100 100 85 86 53 93 100 63 1 3 6 7 2 9 70 10 49 66 25 17 37 7 22 95 75 95 26 10 0 11 4 1 3 39 5 5 72 95 100 89 96 84 18 28 2 22 99 43 0 0 0 49 100 100 100 83 31 53 93 100 100 100 100 100 100 100 100 100 100 100 100 100 100 100 100 100 100 100 92 71 100 83
3 6 44 75 47 0 1 83 44 1 28 17 66 91 48 99 95 89 83 86 46 2 0 0 1 6 4 0 0 0 1 53 100 83 94 28 21 99 100 100 46 0 0 0 0 29 84 96 7 1 11 2 27 90 64 53 55 25 13 26 16 2 0 0 0 89 100 100 100 100 100 100 100 100 100 100 100 100 100 100 100 100 100 100 100 79 73 100 100 99 100 100 100 100 97 32
39 29 38 79 17 0 0 61 28 0 0 0 10 84 96 100 25 1 2 26 91 91 43 4 0 0 11 31 25 18 7 27 40 81 87 20 36 96 51 67 7 0 0 0 45 87 100 86 6 20 0 0 4 50 100 98 67 51 44 18 0 0 0 0 10 97 100 100 100 100 100 100 100 100 100 100 100 100 100 100 100 100 100 100 69 17 3 14 18 9 21 45 100 100 42 6
5 1 5 3 0 0 1 12 11 0 1 1 0 5 33 97 62 11 35 67 18 23 76 39 2 0 12 15 33 59 12 5 1 15 17 19 45 50 62 53 1 18 37 11 11 66 80 76 30 92 19 1 1 7 62 77 68 91 74 1 0 19 72 67 61 100 100 100 100 100 100 100 100 100 100 100 100 100 100 87 81 100 94 94 55 1 0 1 8 0 0 5 37 24 2 57
5 24 85 25 0 0 17 44 56 4 0 15 1 0 0 51 10 45 94 98 52 48 88 37 4 25 8 1 2 23 0 0 0 0 0 0 0 0 5 17 0 13 58 81 1 60 73 41 13 29 20 66 80 43 24 70 97 69 6 28 84 100 100 99 89 100 100 93 99 100 100 100 100 100 100 100 91 57 20 2 37 99 59 24 79 4 0 0 0 0 0 2 0 6 64 98
0 1 16 80 78 4 28 53 24 0 0 0 1 0 19 85 82 100 100 100 100 100 100 95 10 7 32 36 28 66 19 56 27 4 13 37 48 61 77 35 7 61 43 10 8 21 15 13 58 1 36 29 65 91 92 47 18 25 64 98 100 100 100 100 100 100 100 100 100 100 100 100 100 100 91 64 65 20 0 0 34 88 82 10 10 0 0 0 0 0 0 2 0 2 43 24
0 0 4 4 14 6 18 37 18 0 0 0 0 0 2 4 59 99 100 100 100 100 100 89 78 86 80 96 88 92 60 59 88 89 100 99 100 87 17 0 0 15 4 2 3 13 11 4 12 18 16 25 14 72 100 70 47 71 37 47 80 100 100 100 100 100 100 100 100 100 100 100 100 100 55 52 61 0 0 0 23 86 54 2 0 0 0 0 3 0 0 0 0 0 0 0
0 0 10 24 10 45 57 79 47 0 0 0 0 0 2 7 0 22 58 44 83 100 100 66 60 16 0 5 34 61 80 82 94 98 100 97 99 45 5 0 17 76 89 38 0 0 9 59 9 11 48 35 66 87 72 100 100 100 91 39 81 91 52 90 100 100 100 100 100 100 100 100 100 90 87 100 48 0 0 8 76 37 15 10 1 0 0 0 0 0 0 0 0 0 1 14
5 8 61 89 5 27 97 70 1 25 1 6 45 24 70 28 0 0 0 29 98 100 98 16 0 0 0 0 8 56 47 18 18 11 94 69 68 97 64 0 14 14 19 30 76 65 67 41 45 21 0 0 0 46 64 67 94 94 100 92 54 43 28 39 96 100 100 100 92 100 100 100 100 24 9 32 36 0 0 4 59 15 31 10 0 0 0 0 0 0 0 0 0 1 65 99
72 87 62 75 61 15 13 32 6 27 25 73 72 100 98 37 19 3 0 13 29 21 29 0 0 0 0 13 55 96 81 64 8 0 21 45 3 48 56 0 0 11 64 88 100 100 100 100 100 63 40 75 78 59 17 14 58 94 85 100 96 96 63 22 87 100 100 100 100 100 100 100 91 13 4 0 0 0 0 0 0 0 0 0 0 0 0 0 0 0 0 0 0 0 2 85
80 100 74 54 52 14 2 42 7 36 74 93 97 100 100 72 22 7 0 0 0 0 0 0 0 0 0 0 2 3 4 9 1 0 0 6 13 2 75 1 0 0 42 100 100 100 100 100 100 100 84 57 92 30 10 10 40 72 100 100 93 100 100 90 100 100 56 14 51 86 37 92 95 10 0 0 0 0 0 4 30 21 17 0 0 0 0 0 0 0 0 0 0 0 0 63
