data/outputs/Figueira/2015/resolution_1/CONT_TOTAL_1_5.asc
ncols         300
nrows         300
xllcorner     -8.238677953804
yllcorner      39.915521016488
cellsize       0.000044966080
NODATA_value  -9999
[rows 212 to 264 of 300, columns 192 to 287 of 300]
7 44 76 131 117 147 142 150 133 65 0 48 150 148 50 0 0 0 0 0 0 0 0 0 38 150 150 150 150 150 150 150 150 150 150 150 150 150 150 150 150 122 57 24 116 150 150 150 150 150 150 150 150 148 148 111 26 19 24 35 20 148 51 0 108 150 150 150 150 150 150 150 150 150 150 150 150 150 150 150 150 150 150 150 150 150 150 150 150 150 150 150 150 150 150 150
16 144 150 127 97 148 129 148 58 25 0 6 114 53 0 0 0 0 0 0 0 0 0 22 115 150 150 150 150 150 150 150 150 150 150 150 150 150 150 150 150 150 148 137 135 105 150 141 148 150 150 150 150 134 129 17 8 41 12 4 12 77 91 60 113 150 144 146 150 150 150 150 150 150 150 150 150 150 150 150 150 150 150 150 150 150 150 150 150 150 150 150 138 150 150 150
14 143 150 51 0 46 95 110 49 14 50 33 0 0 0 0 0 0 0 0 0 0 0 50 150 150 150 150 150 150 150 150 150 150 150 150 150 150 150 150 150 150 150 150 150 150 149 85 44 102 150 150 150 150 147 97 137 150 134 18 2 12 137 27 0 19 7 22 55 107 147 150 150 150 150 150 150 117 62 86 147 150 150 150 150 150 150 150 150 150 150 150 150 150 150 150
42 99 90 18 0 22 52 21 83 133 101 8 0 0 0 0 0 0 0 0 0 0 0 79 150 150 150 150 150 150 150 150 150 150 150 150 150 150 150 150 150 150 150 150 150 150 150 150 134 13 65 148 150 150 150 150 150 150 150 132 141 141 98 21 11 0 0 0 0 1 37 97 127 141 150 150 150 54 0 0 32 128 150 150 150 150 150 150 150 150 150 150 150 140 144 144
137 21 57 26 50 84 147 137 110 59 0 0 0 0 0 0 0 0 0 0 0 0 31 150 150 150 150 150 140 99 141 150 150 150 150 150 150 150 150 150 150 150 150 150 150 150 150 150 150 99 0 94 150 150 150 150 150 150 150 150 150 150 148 150 146 127 97 73 20 0 0 0 0 0 64 150 125 7 0 0 0 3 21 54 126 150 150 150 150 150 150 150 150 150 119 12
138 148 150 127 112 66 20 8 0 0 0 0 0 0 0 0 0 0 0 0 0 0 79 150 138 124 119 81 41 0 53 148 150 150 150 150 150 150 150 150 150 150 150 150 150 150 150 150 150 135 49 7 30 146 150 150 150 150 150 150 150 150 150 150 150 150 150 150 148 114 73 43 3 6 131 150 136 6 0 0 0 0 0 0 75 150 150 150 150 150 150 150 150 130 59 16
150 147 85 50 14 51 45 135 38 0 21 3 0 0 0 0 0 0 0 0 0 0 106 69 7 0 0 0 0 0 0 44 133 150 150 150 150 149 150 150 150 150 150 150 150 150 150 150 150 150 150 80 0 121 150 150 150 150 150 150 150 150 150 150 150 150 150 150 150 150 150 150 123 86 139 150 97 0 0 0 0 0 0 0 46 141 150 150 150 150 150 150 127 19 0 81
147 60 0 41 106 14 8 24 35 0 81 11 0 0 0 0 0 0 0 0 0 0 58 0 0 0 0 0 0 0 34 44 88 150 150 150 128 140 150 150 150 150 150 150 150 150 150 150 150 150 150 123 21 24 35 79 126 150 150 150 150 150 150 150 150 150 150 150 150 150 150 150 150 150 150 150 139 11 0 0 0 0 0 0 1 45 148 150 150 150 150 150 150 82 40 146
36 0 8 72 84 107 65 78 4 4 64 0 0 0 0 0 0 0 0 0 0 0 0 0 0 0 0 0 0 0 12 5 13 66 93 115 147 150 150 150 150 150 150 150 150 150 150 150 150 150 150 150 150 146 119 100 79 91 140 150 150 150 150 150 150 150 150 150 150 150 150 150 150 150 150 150 150 63 4 0 0 0 0 0 23 107 150 150 150 150 150 150 150 150 150 150
0 0 0 0 13 135 150 150 123 52 23 15 11 0 0 0 0 0 0 0 0 0 0 13 18 7 0 0 0 0 20 0 0 0 7 83 140 150 150 150 150 150 150 150 150 150 150 150 150 150 150 150 150 150 150 150 150 144 148 150 150 150 150 150 150 150 150 150 150 150 150 150 150 150 150 150 150 150 129 37 0 0 0 0 0 0 76 148 150 150 150 150 149 70 144 150
78 109 42 2 0 15 110 128 148 150 147 133 107 0 0 0 0 0 0 0 0 0 13 66 16 110 101 32 0 0 0 18 114 64 45 150 150 150 150 150 150 150 150 150 150 150 150 150 150 150 150 150 150 150 150 150 150 150 150 148 89 140 150 150 150 150 150 150 150 150 150 150 150 150 150 150 150 150 124 12 0 0 0 0 0 0 14 144 150 150 150 150 150 143 150 150
150 150 114 7 0 0 11 3 28 122 150 150 150 67 0 0 0 0 0 0 0 0 3 86 116 38 57 12 0 0 11 122 150 147 148 150 150 150 150 150 150 150 150 150 150 150 150 150 150 150 150 150 150 150 150 150 150 150 150 150 144 68 105 150 150 150 150 150 138 150 150 150 150 150 150 150 150 150 61 0 0 0 0 0 0 0 70 150 150 150 150 150 150 150 150 150
150 150 79 0 0 0 0 0 0 21 150 150 150 84 0 0 0 0 0 0 0 22 64 55 91 3 2 24 2 46 128 150 103 16 113 150 150 150 150 150 150 150 150 150 150 150 150 150 150 150 150 150 150 150 150 150 150 150 150 150 150 147 64 103 150 150 150 150 150 134 90 127 150 150 150 150 150 132 31 0 0 0 0 0 0 3 116 150 150 150 150 150 150 150 150 150
80 66 4 0 0 0 0 0 0 9 146 150 149 137 77 2 0 0 0 0 0 65 148 51 0 46 8 75 128 140 138 141 54 20 131 150 150 150 150 150 150 150 150 150 150 150 150 150 150 150 150 150 150 150 150 150 150 150 150 150 150 150 148 74 89 150 150 150 150 147 73 28 83 127 150 141 59 13 0 0 0 0 0 0 0 9 142 150 150 150 150 150 150 150 150 148
0 0 0 0 0 0 0 0 0 0 114 150 123 107 62 1 0 0 0 0 0 35 98 145 38 32 27 130 150 150 132 148 97 13 123 150 134 141 150 150 150 150 150 150 150 150 150 150 146 122 123 150 110 46 97 45 60 140 150 150 150 150 150 150 97 112 150 150 150 150 145 16 0 15 148 133 55 66 17 3 54 84 91 68 79 54 91 150 150 150 150 150 150 150 150 138
0 0 0 0 0 0 0 0 0 35 66 145 103 111 10 0 0 0 0 0 0 1 32 146 117 41 139 150 150 143 73 40 8 77 148 119 5 23 147 150 150 150 150 150 150 150 122 101 17 74 150 150 148 122 100 1 0 72 150 150 150 150 150 150 150 120 147 150 150 150 150 86 0 23 148 150 150 150 128 71 150 150 150 150 150 150 150 150 150 150 150 150 150 150 150 150
0 2 0 0 0 0 0 0 0 79 148 128 144 150 41 0 0 0 0 0 0 20 132 131 89 131 99 147 146 19 0 4 114 147 85 16 13 111 150 150 150 150 146 142 148 126 17 95 70 128 150 150 150 150 139 24 0 2 82 150 150 150 150 150 128 44 128 150 150 150 150 142 7 0 116 150 150 150 150 145 150 150 150 150 150 150 150 150 150 150 150 150 150 150 150 150
0 0 0 0 0 0 0 0 0 4 54 0 5 23 0 0 0 0 0 0 18 75 21 47 145 150 150 150 137 6 43 122 150 122 0 42 104 150 148 150 150 150 99 2 73 54 33 140 50 86 112 148 150 150 150 146 101 53 0 122 150 150 141 114 148 121 139 149 150 150 150 150 125 33 119 150 150 150 150 150 150 150 150 150 150 150 150 150 150 150 150 150 150 150 150 150
3 6 0 0 0 0 0 0 0 0 0 0 0 0 0 0 0 0 0 0 7 107 113 4 93 101 139 113 37 53 147 129 86 59 62 148 150 150 40 96 146 139 64 3 0 0 75 130 98 148 80 124 150 150 150 150 150 141 111 147 150 150 131 88 150 150 150 122 105 148 148 150 128 13 117 150 150 150 150 150 150 150 150 150 150 150 150 150 150 150 150 150 150 150 150 150
0 0 3 0 0 0 3 3 0 0 0 0 0 0 6 0 2 0 0 0 21 144 127 139 42 0 10 3 120 102 44 100 140 149 85 139 147 91 4 0 45 50 0 34 8 0 10 29 146 148 78 139 148 144 114 110 141 150 150 150 125 124 148 150 150 150 150 146 26 70 88 150 46 77 150 150 150 150 150 150 150 150 150 150 150 150 150 150 150 150 150 150 150 150 150 150
0 0 12 18 0 48 113 140 58 0 0 0 15 19 12 3 5 0 0 0 18 134 113 36 0 0 7 89 91 3 68 140 150 150 135 142 148 102 18 88 150 85 33 111 84 0 0 11 131 148 121 150 121 110 117 84 96 140 150 150 139 133 127 71 149 150 139 148 34 6 137 150 141 108 148 150 150 150 150 150 150 150 150 150 150 150 150 150 150 150 150 150 150 150 150 150
0 1 4 7 0 0 16 129 148 19 0 0 72 145 129 116 62 79 15 0 60 51 0 2 0 30 64 72 4 0 122 150 150 150 67 48 87 85 3 142 121 39 42 110 16 0 0 22 129 148 122 120 123 150 150 150 91 56 115 150 150 150 142 76 61 39 58 150 136 13 114 150 125 84 141 150 150 150 150 150 150 150 150 150 150 150 150 150 150 150 150 150 150 150 150 150
49 53 48 11 24 0 15 34 87 17 0 0 2 110 150 150 150 148 128 80 1 0 0 0 59 98 4 0 0 0 38 149 150 150 105 12 0 12 107 146 26 19 0 21 36 0 0 32 128 121 0 49 122 150 150 146 19 0 0 94 148 134 147 148 114 77 130 150 150 80 62 150 150 150 150 150 150 150 150 150 150 150 150 150 150 150 141 92 68 35 42 146 150 150 150 150
94 150 148 137 147 103 92 23 40 140 51 0 0 50 59 67 150 48 144 57 53 11 54 120 76 3 0 0 0 24 109 131 150 150 150 94 3 92 150 150 143 92 40 8 36 50 12 41 89 88 41 116 150 150 137 87 0 0 6 3 22 0 47 138 67 81 150 150 150 119 19 136 150 150 150 150 148 62 95 150 150 150 150 148 108 60 3 0 0 0 0 141 150 150 150 150
150 150 147 108 132 137 148 98 119 150 130 13 0 10 97 133 150 146 145 142 114 38 137 104 0 0 0 0 0 0 37 102 92 147 150 133 121 148 150 150 150 150 150 145 150 150 132 127 50 0 14 145 150 150 102 77 30 0 93 102 135 57 77 92 0 8 96 148 150 149 77 98 150 150 150 150 150 45 23 148 150 150 150 124 20 0 0 0 29 100 82 150 150 150 150 150
131 103 26 4 5 88 142 150 150 150 150 130 17 0 42 117 111 142 77 138 133 120 130 70 79 75 16 0 0 0 0 0 0 100 150 150 150 150 150 150 150 150 150 150 150 150 150 140 28 0 7 115 92 42 133 150 126 25 86 150 129 76 12 42 0 0 1 98 145 150 89 48 122 150 150 150 150 37 6 70 95 141 150 150 141 72 84 126 150 150 150 150 150 150 150 150
100 37 7 0 5 90 150 150 150 150 150 150 128 8 0 7 15 4 94 111 147 148 150 141 114 150 119 4 0 0 0 0 0 29 150 150 109 150 150 150 150 150 150 150 150 150 150 148 32 68 39 63 56 0 79 104 98 35 14 60 9 0 0 0 0 2 94 6 17 77 25 0 24 148 150 150 128 3 82 137 67 82 150 150 150 150 150 150 150 150 150 150 150 150 150 150
26 84 96 122 99 62 139 150 119 113 148 150 150 102 3 2 84 73 47 11 76 50 140 23 85 115 139 141 101 46 83 27 0 9 138 150 150 109 112 150 150 150 150 150 150 150 150 150 149 150 130 148 133 50 21 0 0 0 0 2 3 28 4 0 37 112 77 0 0 0 0 0 64 144 150 150 148 57 145 150 150 150 150 150 150 150 150 150 150 150 150 150 150 150 150 150
25 107 62 43 45 89 140 98 140 147 120 150 150 150 91 0 48 148 150 147 117 90 137 113 147 146 72 53 45 40 83 51 16 18 118 150 150 150 150 150 150 150 150 150 150 150 150 150 150 150 150 150 150 150 121 15 128 111 11 20 143 150 53 0 101 150 97 0 0 0 0 0 0 91 150 150 150 150 150 150 150 150 150 150 150 150 150 150 150 150 150 150 150 131 92 67
120 130 20 1 0 1 53 102 150 126 115 148 140 150 150 40 0 121 150 150 150 150 150 150 150 74 92 44 99 106 41 16 10 16 106 135 150 150 150 150 150 150 150 150 150 150 150 150 150 150 150 150 150 150 150 53 45 139 119 22 30 53 17 0 22 43 7 0 0 0 0 0 30 117 150 150 150 150 150 150 150 150 150 150 150 150 150 150 150 139 109 68 24 0 0 0
5 0 0 0 0 0 8 110 149 146 140 85 50 141 150 55 12 137 150 150 150 150 150 150 150 133 75 2 0 9 122 105 3 37 6 5 19 25 120 144 150 150 150 150 150 150 150 150 150 150 150 150 150 150 150 67 50 110 46 3 0 0 0 0 0 0 5 0 0 0 0 0 27 68 115 150 150 150 150 150 150 150 150 150 150 150 150 150 90 12 0 0 3 79 103 72
107 72 4 0 0 0 0 16 123 56 59 33 59 92 150 20 12 94 147 150 150 150 150 150 150 150 150 61 10 0 66 130 92 81 24 31 36 20 0 24 146 150 150 150 150 150 150 150 148 133 150 150 150 150 95 3 3 3 0 0 0 0 0 0 0 0 2 0 0 0 0 0 0 75 22 148 150 150 150 150 150 150 150 150 150 150 150 150 112 55 26 66 134 150 150 150
150 148 119 99 13 0 0 0 11 3 0 2 23 107 150 72 0 0 83 140 129 146 126 126 150 150 150 149 139 102 45 3 25 122 108 147 147 64 3 0 24 141 150 150 150 150 150 150 146 126 150 150 150 133 4 0 0 0 0 0 0 0 0 0 0 0 0 0 0 0 0 0 0 27 6 142 150 150 150 150 150 150 150 150 150 150 150 150 150 150 150 150 150 150 150 150
150 140 150 146 77 90 70 9 0 0 0 0 22 98 131 139 6 0 45 145 90 100 134 121 144 146 136 150 150 150 150 90 72 8 22 143 142 147 97 0 0 48 82 73 111 147 148 107 141 150 149 150 138 55 0 0 0 0 0 0 0 0 0 0 0 0 0 0 0 0 0 0 0 6 60 113 150 147 122 150 150 150 150 150 150 150 150 150 150 150 150 150 150 150 150 150
150 140 148 150 71 99 142 23 0 0 0 0 20 44 10 134 6 0 0 74 127 150 150 113 130 127 140 150 150 138 150 150 150 136 51 54 114 141 128 33 25 0 0 0 0 15 15 0 123 103 16 29 12 0 0 0 47 81 67 0 0 0 0 0 37 37 19 0 0 0 0 0 0 2 17 36 147 117 117 148 150 150 150 114 109 150 150 150 150 150 150 150 150 150 150 150
139 150 150 150 148 150 140 86 0 38 34 8 128 105 41 85 2 0 0 4 129 150 150 150 150 150 150 150 150 150 150 118 148 109 49 111 112 99 44 104 141 56 0 0 0 0 0 0 89 112 16 0 0 3 80 63 146 150 145 124 95 67 63 138 143 148 146 59 0 0 0 0 0 0 0 0 90 139 72 135 150 150 149 64 0 51 150 150 150 150 150 150 150 150 150 150
150 136 93 150 150 150 80 148 42 65 76 98 147 150 91 6 0 0 0 0 126 150 148 150 150 150 150 150 150 150 150 150 150 150 150 92 128 150 131 80 121 80 2 0 65 81 52 25 146 150 138 20 21 53 49 118 148 150 150 150 150 84 0 61 8 141 122 11 49 37 0 0 0 0 0 0 22 74 3 23 134 150 150 144 6 15 148 150 150 150 150 150 150 150 150 150
150 150 150 150 150 150 146 150 97 91 68 88 78 145 150 119 3 0 0 0 107 150 140 125 129 150 150 150 116 146 150 150 150 150 138 54 126 128 147 115 122 13 9 0 31 118 149 115 149 150 150 146 150 114 12 0 24 73 108 142 146 110 20 33 23 100 148 135 150 107 0 0 0 0 0 0 0 0 0 50 138 144 127 130 92 116 119 150 136 113 150 150 150 150 150 150
150 148 150 150 150 150 150 150 128 150 141 79 136 139 150 64 0 0 0 0 72 150 150 133 149 150 150 150 150 150 150 150 150 150 150 133 148 140 138 150 50 36 0 0 0 20 85 50 80 89 84 73 51 43 42 0 0 0 0 2 16 65 37 13 18 23 147 139 85 34 0 0 0 0 3 1 0 22 48 131 140 72 38 43 138 114 131 150 136 68 145 150 150 150 150 150
150 140 150 114 150 150 140 148 150 130 148 150 147 94 97 0 0 0 0 12 4 121 150 150 150 150 150 150 150 150 150 150 138 150 141 125 142 149 150 148 138 141 9 0 0 104 115 33 3 0 0 0 72 100 87 4 0 0 0 5 0 0 0 0 24 12 96 32 0 0 0 0 0 0 0 0 0 0 31 117 148 145 99 43 145 148 150 150 150 150 150 150 150 150 150 150
150 119 131 104 147 150 116 146 150 150 150 150 150 92 4 0 0 53 24 63 42 26 148 150 150 150 150 150 150 150 150 145 118 150 100 92 139 144 150 91 85 120 17 0 0 7 7 0 9 81 22 0 0 0 0 0 0 0 0 0 0 0 0 0 62 33 68 96 58 0 0 0 0 34 27 0 0 62 125 150 150 150 150 143 150 148 95 149 150 150 150 150 150 150 150 150
149 150 146 150 150 150 150 150 140 150 150 150 114 13 0 0 84 138 114 134 125 12 71 150 150 150 150 150 150 150 150 91 55 74 91 138 150 116 148 36 76 8 0 38 32 0 0 0 4 72 52 0 52 117 79 54 102 114 83 29 0 0 0 0 24 68 148 150 150 76 72 54 60 119 117 26 72 141 150 150 150 150 141 131 133 133 39 150 150 150 150 150 150 150 150 150
102 139 112 140 150 150 150 150 146 150 139 59 3 0 3 83 148 150 150 150 141 102 104 128 150 138 150 150 150 150 130 35 6 4 35 113 150 139 125 145 98 6 0 83 46 10 0 0 0 2 0 7 73 80 139 150 148 140 150 138 8 0 6 64 61 135 150 150 150 140 150 140 150 150 150 150 150 150 150 150 150 150 141 127 116 150 135 150 150 150 150 150 150 150 136 150
150 150 150 131 113 150 130 150 140 129 48 0 0 23 115 150 150 150 150 150 150 150 142 149 150 150 150 150 150 128 26 81 15 105 78 139 150 122 116 37 6 0 61 126 125 103 0 0 0 0 46 143 118 61 150 150 146 53 114 150 108 20 11 132 62 128 150 150 82 46 150 80 104 105 148 150 150 150 135 80 146 150 150 150 150 148 129 150 150 150 150 150 150 150 97 150
150 150 150 133 143 150 148 150 143 12 0 0 8 102 150 150 150 150 150 150 150 150 150 128 150 150 150 150 150 133 59 97 105 138 150 134 150 145 87 19 15 88 144 45 40 30 50 39 5 4 104 142 138 145 138 150 126 62 102 51 81 124 121 96 90 145 150 150 87 41 134 29 58 66 150 150 150 150 108 27 108 96 148 150 150 150 150 150 150 150 150 150 150 150 150 150
150 150 150 149 142 150 150 123 12 0 0 0 113 150 150 150 150 150 140 96 150 150 150 150 150 150 150 150 150 149 150 150 150 133 110 80 64 97 109 140 149 149 106 46 2 6 0 91 53 49 13 2 108 147 142 133 62 10 70 128 20 82 88 114 121 57 98 79 18 132 132 132 146 150 150 150 150 150 150 149 147 67 141 150 150 150 150 150 150 150 150 150 138 150 150 150
150 150 150 150 149 150 150 71 0 0 0 80 150 150 150 150 150 150 147 140 150 150 150 150 150 150 150 150 150 150 139 77 150 121 138 81 70 144 102 150 150 148 85 7 45 87 27 71 104 126 13 13 73 70 19 103 94 102 3 12 34 32 146 105 137 128 124 83 0 35 25 62 150 150 150 150 150 150 150 150 140 146 150 150 150 150 150 150 150 150 150 150 150 150 150 150
150 150 150 150 150 150 146 16 0 0 41 141 150 150 150 150 150 150 150 150 150 150 150 150 150 150 150 150 150 150 150 144 150 147 140 97 150 105 98 150 150 133 0 6 64 5 9 18 139 51 23 86 39 42 1 74 26 81 81 144 74 107 86 46 38 120 63 9 3 52 133 135 145 150 150 150 150 150 150 150 148 150 150 150 150 150 150 150 150 150 150 150 150 150 150 150
150 150 150 150 150 150 89 0 0 3 91 150 150 150 150 150 150 150 150 150 150 150 150 150 150 150 150 150 150 150 150 150 148 140 149 150 150 150 150 150 150 146 48 5 74 65 86 147 117 15 18 89 114 1 2 35 112 115 150 138 144 97 4 0 0 15 49 129 143 140 62 56 120 150 150 150 150 150 150 150 150 150 150 150 150 150 150 150 150 150 150 150 150 150 150 150
150 150 150 150 150 150 60 0 0 109 150 150 150 150 150 150 150 150 150 150 150 150 150 150 150 150 150 150 150 150 150 150 150 150 150 150 150 150 150 150 150 150 150 115 96 127 150 88 101 114 54 23 132 83 12 14 37 10 24 15 10 6 2 41 108 148 150 150 150 150 110 131 150 150 150 150 150 150 150 150 150 150 150 150 150 150 150 150 150 150 150 150 150 150 150 150
150 150 150 150 150 118 31 0 22 148 150 150 150 150 150 150 150 150 150 150 150 150 150 150 150 150 150 150 150 150 150 150 150 150 150 150 150 150 150 150 150 150 150 150 150 150 150 145 107 108 66 18 21 17 13 56 52 36 45 73 91 115 143 150 150 150 150 150 150 150 150 150 150 150 150 150 150 150 150 150 150 150 150 150 150 150 150 150 150 150 150 150 150 150 150 150
150 150 150 150 150 108 4 0 0 75 150 150 150 150 150 150 150 150 150 150 150 150 150 150 150 150 150 150 150 150 150 150 150 150 150 150 150 150 150 150 150 150 150 150 150 150 150 150 107 26 0 0 0 33 115 110 150 140 150 150 150 150 150 150 150 150 150 150 150 150 150 150 150 150 150 150 150 150 150 150 150 150 150 150 150 150 150 150 150 150 150 150 150 150 150 150
150 150 150 150 150 150 107 4 0 12 145 149 86 91 120 122 116 123 150 150 146 148 146 150 150 150 150 150 150 150 150 150 150 150 150 150 150 150 150 150 150 150 150 150 150 150 150 147 81 81 109 53 17 74 94 140 130 148 150 150 150 150 150 150 150 150 150 150 150 150 150 150 150 150 150 141 125 150 150 150 150 150 150 150 150 150 150 150 150 150 150 150 150 150 150 150
