data/outputs/Figueira/2015/resolution_1/CONT_TOTAL_1_5.asc
ncols         300
nrows         300
xllcorner     -8.238677953804
yllcorner      39.915521016488
cellsize       0.000044966080
NODATA_value  -9999
[rows 159 to 211 of 300, columns 96 to 191 of 300]
0 0 8 130 150 34 1 0 0 0 0 0 0 0 0 0 0 0 0 2 0 0 0 0 32 7 0 0 0 0 0 0 0 0 0 0 0 0 0 0 0 0 2 68 94 75 119 32 0 0 0 0 0 0 0 0 0 0 0 0 0 0 0 0 0 0 4 7 16 78 102 110 103 80 80 80 79 41 0 0 0 0 0 0 31 42 3 0 0 0 0 0 0 0 0 0
0 15 108 141 97 68 2 4 0 0 0 0 0 0 0 0 0 0 0 0 1 1 0 0 8 3 0 0 0 0 0 0 0 0 57 0 0 0 0 0 0 0 0 0 0 7 11 0 0 0 0 0 0 0 0 0 0 0 0 0 0 0 0 0 0 0 0 0 0 0 0 19 19 0 0 0 0 0 0 0 0 0 0 0 0 0 0 0 0 0 0 0 0 0 0 0
0 53 41 2 0 0 2 0 0 0 0 0 0 0 0 0 0 0 0 0 0 0 0 0 0 0 0 0 0 0 0 0 0 0 6 0 0 0 0 0 0 0 0 0 0 0 0 0 0 59 25 0 0 0 0 0 0 0 0 24 0 0 0 0 0 0 0 0 0 0 0 80 25 10 0 0 0 0 0 0 0 0 0 0 0 0 0 0 0 66 140 140 87 7 0 0
0 0 0 0 0 0 0 0 0 0 0 0 0 0 0 0 0 0 0 0 0 0 0 0 0 0 6 0 0 0 0 17 7 0 0 0 0 0 0 0 0 0 0 0 0 0 0 0 0 26 17 27 0 0 0 64 24 0 113 125 10 0 0 0 0 11 3 0 0 0 0 0 0 2 0 0 0 0 0 10 0 2 81 57 0 0 0 0 0 38 150 150 150 64 0 0
0 0 0 0 0 0 43 114 96 27 0 0 0 0 0 0 2 88 6 0 0 0 0 11 113 128 124 6 18 0 0 53 88 2 0 0 0 0 0 0 0 0 0 0 0 0 0 14 85 49 0 46 41 0 0 67 9 0 14 2 0 3 48 45 0 27 104 38 0 0 0 0 0 0 0 0 0 0 14 140 65 5 46 7 0 0 0 0 0 10 72 110 110 43 35 44
15 0 0 0 0 8 136 150 150 95 20 19 0 0 0 0 4 51 0 0 4 0 0 37 138 149 123 24 0 0 0 0 0 0 0 0 0 0 0 0 0 0 0 0 0 0 10 7 0 16 114 21 113 58 11 7 78 114 90 22 0 0 0 10 0 0 0 2 0 0 0 34 2 0 0 0 0 0 0 114 139 53 26 0 0 0 0 0 0 0 0 0 0 10 137 150
147 85 24 0 0 33 148 150 148 130 150 150 36 0 0 0 0 0 0 96 26 0 38 115 128 149 143 92 15 0 0 0 0 0 0 0 0 0 0 0 0 0 0 0 0 66 39 0 0 33 65 104 150 148 136 117 131 117 111 46 0 68 72 66 0 0 0 0 0 0 6 143 56 0 0 0 0 0 0 74 94 21 36 3 0 0 0 0 0 7 3 0 0 0 77 150
150 150 150 67 30 144 150 111 132 147 95 85 71 102 110 77 19 3 23 62 0 0 59 48 4 45 116 150 31 0 0 0 0 0 0 0 0 0 0 0 0 11 7 2 3 74 5 0 3 46 133 133 64 150 147 71 83 3 0 6 56 98 85 51 0 0 0 0 0 0 56 75 4 0 0 0 0 0 0 40 150 148 143 39 0 0 0 0 28 7 1 3 0 0 19 139
150 150 150 148 137 109 106 80 65 67 37 109 150 150 150 150 148 114 33 0 3 23 0 0 0 0 51 111 39 0 0 0 0 0 0 0 0 0 0 0 2 120 144 124 131 90 74 60 44 53 70 98 16 136 103 27 0 0 2 3 15 0 6 0 0 0 0 0 0 0 0 0 0 0 0 0 0 0 0 12 147 61 37 0 0 0 0 0 0 0 19 110 16 0 0 49
150 133 85 56 9 57 122 44 16 77 150 150 150 150 150 150 150 150 117 27 30 133 42 0 0 0 0 0 58 74 40 14 59 4 0 0 0 15 20 14 23 62 44 3 47 88 111 150 96 48 37 4 0 25 94 23 4 23 0 0 0 0 0 0 0 3 3 0 0 0 0 72 74 66 13 0 11 7 0 11 145 130 16 0 0 0 0 0 0 27 18 119 75 0 0 14
150 136 119 104 116 51 22 34 19 112 150 150 150 150 150 150 150 150 150 148 40 11 0 0 0 0 0 0 11 2 10 89 149 67 3 0 0 91 139 146 136 51 0 0 0 76 91 146 125 80 18 0 55 118 131 146 52 0 0 0 6 75 106 127 133 142 128 46 78 55 22 126 150 150 144 111 146 105 0 10 139 150 72 0 0 0 0 0 0 0 0 5 3 0 0 0
150 140 150 150 150 148 140 148 112 119 150 150 150 150 150 150 150 150 150 150 121 39 0 0 0 0 0 1 4 0 0 0 18 0 0 0 0 70 117 125 94 118 9 0 0 9 127 150 150 113 98 15 58 54 80 92 4 0 0 0 8 119 148 124 56 117 150 106 129 150 145 150 150 101 110 150 148 36 0 0 110 150 58 0 0 0 0 0 0 0 0 0 0 0 0 0
150 148 150 150 150 150 150 121 61 146 150 150 128 150 150 150 150 150 150 150 89 37 0 0 0 0 0 0 74 120 25 0 0 0 1 0 0 0 7 68 109 78 7 0 0 8 56 149 150 88 131 134 61 85 138 42 0 0 0 0 0 25 22 27 27 125 150 148 140 149 124 140 150 146 89 144 150 100 20 3 97 150 61 0 0 0 0 0 0 0 0 5 0 0 0 0
150 150 150 150 150 150 150 104 96 146 150 150 139 150 150 150 140 150 150 96 0 0 0 0 0 0 6 105 128 148 45 24 7 0 23 0 0 27 13 0 0 2 0 0 11 92 8 110 118 90 53 94 91 129 148 118 17 3 2 60 51 4 5 9 19 87 148 150 150 136 70 137 150 150 150 150 150 150 150 141 108 64 3 0 0 2 0 0 13 4 2 51 0 0 0 0
150 150 150 150 150 121 143 148 150 150 150 150 148 150 150 150 146 148 145 37 0 0 0 0 0 0 26 150 150 150 150 150 143 83 26 0 0 133 146 124 90 117 74 30 42 125 87 68 150 150 150 150 111 93 97 137 10 5 0 2 59 2 5 0 6 35 150 150 150 150 148 150 150 81 124 150 150 150 150 150 150 56 0 0 0 0 0 5 9 0 2 4 0 0 0 0
150 150 150 150 149 121 113 126 150 150 149 70 29 78 109 94 20 16 15 10 2 40 33 2 0 0 85 150 150 150 150 150 150 150 71 0 0 120 140 120 150 150 148 84 116 150 139 115 79 102 145 143 102 114 125 115 15 41 67 1 80 50 13 63 58 75 150 150 150 150 150 150 150 146 128 150 150 150 150 150 150 138 61 15 3 0 7 23 22 16 0 0 0 0 0 0
150 150 150 127 150 129 67 47 139 120 108 75 111 46 0 16 14 0 0 0 0 53 128 45 24 38 137 140 144 150 150 150 150 131 7 0 0 109 150 150 150 150 150 123 110 150 150 126 0 0 8 3 31 47 26 26 46 4 79 0 2 0 0 0 2 20 140 150 150 150 150 150 150 150 150 150 150 150 150 150 150 150 150 137 59 3 6 1 0 0 0 0 0 0 0 0
148 132 149 150 150 150 77 1 0 16 0 0 0 0 1 35 12 0 15 34 0 0 3 0 0 0 2 14 58 150 150 150 150 89 0 0 0 54 150 150 150 150 150 150 150 145 148 106 0 0 0 0 0 8 7 0 0 28 37 2 29 14 0 0 0 14 145 150 150 150 150 150 150 150 150 150 150 150 126 43 73 147 150 150 138 37 4 2 21 0 0 0 4 0 0 0
138 101 138 150 150 150 39 2 0 0 0 0 0 0 0 0 0 0 2 0 0 12 19 57 84 108 92 11 33 110 123 147 102 3 32 111 11 4 121 150 150 150 150 150 150 118 64 0 0 0 0 0 0 0 0 0 2 85 86 18 7 48 9 0 0 0 111 150 150 150 150 150 150 150 150 150 150 150 92 0 47 150 150 150 150 149 113 39 62 0 0 0 3 0 0 0
80 135 99 150 150 150 137 130 62 13 21 0 43 81 0 91 8 0 0 0 0 0 16 127 67 55 11 0 0 0 2 86 59 0 54 150 38 0 12 91 145 150 150 150 150 150 24 0 0 0 0 0 0 0 0 0 0 23 4 0 0 0 0 0 0 0 114 150 150 150 150 150 150 150 150 150 150 150 145 66 105 148 150 150 128 97 39 3 4 0 0 0 0 11 30 70
61 124 132 150 150 150 130 124 81 36 130 16 0 0 13 42 48 15 0 14 73 34 12 16 0 0 0 0 1 0 0 33 1 0 11 115 123 25 0 0 12 54 91 120 104 73 3 0 0 0 0 0 0 0 0 0 0 73 122 112 12 0 0 0 0 0 97 150 150 150 150 150 150 150 150 150 150 150 150 139 86 133 150 150 150 109 63 43 11 0 5 0 0 1 3 124
150 150 150 150 150 150 146 137 67 14 0 0 0 6 0 0 4 94 115 116 74 64 0 0 0 0 1 3 0 1 0 0 0 0 0 19 143 150 113 27 0 0 0 0 0 0 0 0 0 0 0 0 0 0 0 0 0 88 150 113 12 0 0 0 0 0 84 150 150 150 150 150 150 150 150 150 150 150 150 150 150 150 150 150 150 107 92 82 41 2 20 22 55 46 61 121
150 150 150 150 150 150 120 150 104 56 44 24 105 100 13 5 7 61 148 90 12 0 0 0 0 0 0 0 0 0 0 0 0 0 0 0 72 150 130 139 96 25 0 0 0 0 0 0 0 0 0 0 0 0 0 0 7 62 140 105 139 133 71 4 0 0 109 150 150 150 150 150 150 150 150 150 150 150 150 150 150 150 150 150 150 131 113 132 36 54 81 138 149 71 33 77
148 150 150 150 150 150 139 150 149 150 81 1 118 129 133 79 43 101 145 16 0 0 0 0 0 0 0 0 24 80 64 0 0 0 0 0 3 47 38 6 5 2 0 0 0 0 0 0 0 0 0 0 0 0 0 0 0 0 0 16 84 123 150 141 111 113 150 150 150 150 150 150 150 150 150 150 150 150 150 150 150 150 150 150 149 55 0 25 29 0 10 25 31 8 19 34
72 150 150 150 150 150 150 150 150 150 148 132 148 149 150 97 0 60 96 27 0 0 0 0 0 0 0 97 148 150 148 14 0 0 0 0 0 0 0 0 0 0 0 0 0 0 0 0 0 0 0 0 0 75 57 0 0 0 0 0 0 4 58 100 109 150 150 150 150 150 150 150 150 150 150 150 150 150 150 150 150 150 150 150 150 146 132 148 150 131 104 80 96 92 55 27
147 150 150 150 150 150 150 150 150 150 150 150 150 150 150 101 0 60 3 0 0 0 0 0 0 11 57 150 150 150 149 36 0 0 0 0 0 0 0 0 0 0 0 0 0 0 0 0 0 0 0 0 20 116 82 0 0 0 0 0 0 0 0 0 6 24 34 72 150 150 150 150 150 150 150 150 150 150 150 150 150 150 150 150 150 150 150 150 150 150 150 114 91 148 126 21
150 150 150 150 150 150 150 150 150 150 150 150 127 150 150 138 16 0 0 0 0 0 0 2 56 139 150 142 145 144 94 87 90 69 0 0 0 0 0 0 0 0 0 0 0 0 0 0 0 0 0 53 120 43 38 0 0 0 0 0 0 0 0 0 0 0 0 11 30 83 123 150 150 150 150 150 150 150 150 150 150 150 150 150 150 150 150 150 150 150 123 58 106 136 16 0
150 150 150 150 150 150 150 150 150 119 83 133 150 150 148 108 22 0 0 0 0 7 7 85 140 150 150 85 75 105 77 150 148 103 0 0 0 0 0 0 0 0 0 0 4 72 72 3 4 72 120 146 31 0 4 0 0 0 0 0 0 48 23 5 0 0 0 0 0 0 3 31 61 91 137 150 150 150 150 150 150 150 150 150 150 150 150 150 150 150 88 18 66 66 7 0
148 148 150 150 150 150 150 140 148 148 47 20 96 77 16 9 5 0 0 0 38 141 144 80 40 107 150 140 145 150 150 133 44 7 0 4 0 0 2 0 0 0 0 0 128 150 143 6 118 150 150 132 31 92 53 3 0 0 0 0 0 0 0 1 0 0 0 0 0 1 0 0 0 0 7 38 136 150 150 150 150 150 150 150 150 150 150 150 150 150 139 26 38 17 1 0
121 105 99 106 113 107 150 150 150 66 3 0 0 0 0 6 2 0 0 0 46 138 150 134 82 110 150 150 150 150 143 23 0 0 0 1 15 17 29 2 7 90 58 6 144 150 150 100 150 150 150 150 150 150 150 36 0 0 0 0 0 0 0 0 0 0 3 47 62 114 104 58 24 0 0 0 16 50 68 128 150 150 150 150 150 150 150 150 150 150 110 21 15 0 0 0
150 107 126 122 97 122 109 113 148 24 0 0 0 0 0 0 0 0 0 0 0 46 97 133 150 150 150 150 150 150 140 81 4 27 83 1 30 35 4 10 104 146 150 43 28 117 150 55 136 150 150 150 150 150 150 100 1 0 0 0 0 0 0 0 0 0 18 108 129 150 150 150 138 93 34 22 0 0 0 3 48 104 143 150 150 150 150 150 150 150 138 143 128 33 0 0
132 74 102 70 104 111 68 60 59 0 0 0 0 0 0 0 0 0 0 0 0 0 4 87 88 150 150 150 150 150 150 124 8 57 30 53 65 30 26 135 148 24 30 3 0 58 126 124 150 150 150 150 150 150 150 145 112 7 0 0 0 0 0 0 0 0 0 0 67 150 150 150 142 147 150 144 16 4 0 0 0 0 12 88 140 150 150 150 150 136 98 96 138 95 0 0
84 4 10 10 18 31 10 13 0 0 0 19 26 28 0 0 0 0 0 0 0 0 0 70 146 150 150 150 150 150 150 61 7 0 105 48 50 8 119 105 56 0 16 53 11 4 135 150 150 150 150 150 150 150 150 150 150 33 0 0 0 0 0 0 0 0 18 88 97 140 150 150 150 150 150 140 81 111 94 21 0 0 0 0 15 36 92 145 150 140 83 54 148 91 0 0
82 8 44 2 0 0 0 0 0 1 64 150 150 57 0 0 0 7 0 0 0 0 37 148 123 120 46 51 68 122 112 12 94 103 148 104 43 0 26 3 3 46 136 150 129 91 150 150 150 150 150 150 150 150 150 150 150 64 0 0 0 0 0 4 77 106 133 105 112 70 74 149 150 150 125 114 132 150 148 37 44 49 15 0 0 0 0 16 79 145 150 150 146 18 0 0
85 1 2 2 1 0 0 0 2 3 3 41 113 17 2 0 0 31 18 0 0 0 37 78 7 0 37 145 150 150 41 8 138 150 150 117 10 0 0 0 11 30 28 20 39 50 150 150 150 150 150 150 150 150 150 77 49 7 0 0 0 0 0 60 133 138 150 118 60 58 143 150 146 98 37 101 150 150 150 150 150 150 129 17 0 0 0 0 0 16 54 109 133 57 12 0
13 0 0 1 0 0 0 0 1 9 65 113 40 21 4 0 0 0 24 100 91 49 5 0 0 0 82 146 72 38 0 96 134 150 150 55 0 0 0 0 2 31 32 0 9 6 143 150 150 150 150 150 150 150 150 91 2 8 0 0 0 2 0 0 6 37 150 113 17 60 117 76 63 12 1 106 150 150 148 117 150 150 150 138 66 4 0 0 0 0 0 0 3 22 51 19
0 0 0 12 6 0 0 0 0 13 139 149 92 111 66 42 66 29 2 42 145 150 144 139 86 25 90 148 122 93 15 129 150 138 69 7 0 0 0 0 0 0 27 4 1 3 117 150 150 150 150 150 150 150 150 148 39 7 16 5 53 114 37 38 50 13 133 65 14 3 10 6 0 19 41 60 150 150 148 117 150 150 150 150 150 94 0 0 0 0 0 0 0 0 0 0
3 1 42 78 0 0 0 0 0 27 129 119 3 0 23 126 150 148 106 33 124 150 150 150 150 98 109 150 150 75 43 95 125 145 18 0 0 0 0 0 20 4 1 34 17 47 150 150 150 150 150 150 150 150 150 138 124 39 120 48 8 62 105 118 46 71 13 5 0 0 0 0 0 5 6 71 150 150 150 150 150 150 150 150 150 141 0 0 0 0 0 0 0 0 26 79
10 0 35 41 0 0 0 0 0 61 61 3 0 9 34 117 127 129 150 148 150 150 150 150 150 150 150 150 140 135 150 150 130 144 12 1 4 0 0 0 98 35 0 66 147 128 56 134 150 150 150 150 150 150 150 150 150 106 13 97 54 132 123 59 150 126 9 0 15 56 24 34 138 68 2 63 150 150 150 150 150 140 128 150 150 150 56 0 0 0 0 0 5 100 148 150
0 0 27 0 0 0 0 0 60 150 148 92 67 17 128 36 16 119 150 150 150 150 150 150 150 150 150 150 150 150 150 150 150 124 17 81 47 16 0 0 0 0 0 16 107 94 25 128 150 150 150 150 150 150 150 150 150 46 71 74 135 122 146 31 95 57 0 0 89 135 1 0 33 5 0 99 150 150 150 150 150 150 148 138 150 150 127 0 0 0 0 4 89 150 150 150
0 0 0 0 0 0 19 70 127 57 23 126 125 86 68 145 79 138 140 130 150 150 150 150 150 150 150 129 139 150 150 150 126 32 56 150 125 116 0 0 0 0 0 0 0 31 63 60 94 150 150 150 150 150 148 140 150 145 40 4 12 58 146 37 0 0 0 0 4 14 0 0 0 0 21 139 150 150 150 150 150 89 146 150 150 150 150 19 0 0 0 71 150 150 150 150
0 0 0 0 0 0 45 35 26 4 42 69 6 8 18 110 150 134 138 136 150 150 150 150 150 150 76 76 150 150 150 150 102 0 31 138 81 77 0 1 0 0 0 0 0 0 0 40 109 68 74 115 115 133 148 150 130 148 57 0 0 21 105 134 44 0 0 25 19 0 0 0 0 0 42 150 150 150 150 150 150 150 140 150 150 125 133 60 0 0 0 128 150 150 150 150
6 0 0 0 0 27 42 10 12 1 9 4 10 5 4 120 150 150 150 150 150 150 150 150 150 148 70 71 150 150 150 150 105 26 127 150 123 113 53 6 0 0 0 0 0 0 0 57 113 39 88 6 0 17 120 150 148 150 67 0 0 0 3 20 10 0 0 33 3 0 0 0 0 0 19 148 150 150 150 150 150 150 150 150 150 110 133 96 0 0 37 150 150 150 150 150
104 75 71 0 10 72 20 0 0 2 118 96 62 0 2 111 150 150 148 150 150 150 150 150 150 150 150 150 150 150 150 150 105 87 90 77 36 7 33 129 45 0 0 0 52 113 2 0 0 43 92 0 3 55 5 82 150 148 110 60 5 0 0 0 0 0 0 0 0 0 0 0 0 32 3 75 145 150 150 150 150 150 150 150 150 150 150 134 6 0 47 148 150 150 150 150
150 150 123 2 4 0 0 23 0 0 16 49 100 48 7 116 150 150 129 150 150 150 150 150 148 133 150 150 149 150 150 145 27 107 136 149 118 11 73 147 139 41 32 51 83 131 0 0 0 0 0 0 0 19 4 113 150 140 121 148 86 1 0 0 0 0 0 0 0 0 0 0 0 45 6 0 20 146 150 150 150 150 150 150 150 150 150 150 61 0 6 131 150 150 150 150
150 150 115 33 105 0 6 73 2 6 0 0 17 116 86 138 150 150 150 150 150 150 150 150 136 58 69 46 96 150 142 95 0 50 123 147 144 40 63 142 150 80 0 27 16 19 0 0 0 16 84 13 0 0 0 28 146 150 150 150 131 12 0 0 0 0 0 0 0 0 0 0 0 17 3 7 89 150 150 150 150 150 150 150 150 150 150 150 72 0 0 67 150 150 150 150
150 150 96 136 121 1 38 56 25 32 0 0 0 16 108 150 150 150 150 150 150 150 150 150 148 149 150 145 137 150 143 32 3 42 104 128 128 34 32 137 143 13 0 65 121 0 0 0 8 96 150 24 0 0 0 0 61 134 150 150 148 45 0 0 0 0 0 0 0 0 0 0 0 9 53 125 150 150 150 150 150 150 140 150 150 150 150 150 67 0 0 82 150 150 150 150
150 150 66 142 134 99 33 2 0 0 22 7 42 0 97 150 150 150 150 150 150 150 150 149 136 134 150 150 150 130 96 138 115 83 105 97 112 96 39 102 52 0 0 4 94 26 0 0 49 150 150 20 0 0 2 7 21 41 63 58 27 0 0 0 0 0 0 0 0 0 0 0 0 0 84 150 150 128 116 102 150 127 146 150 150 150 150 146 24 0 0 80 150 150 150 150
150 94 77 150 150 145 109 91 65 27 49 109 150 141 150 150 150 150 150 150 150 150 150 142 149 150 121 148 150 148 113 150 150 81 92 34 0 2 115 150 110 80 37 0 0 0 15 14 7 85 131 59 0 0 61 88 0 0 0 0 0 0 0 0 0 0 0 0 0 0 0 0 0 0 78 148 141 141 146 146 116 136 120 139 138 150 150 117 29 0 0 37 150 150 150 150
150 80 120 150 150 112 136 150 150 129 105 149 150 150 146 103 150 150 150 150 150 150 150 150 150 150 150 150 150 86 11 36 124 122 118 91 0 6 123 150 102 148 147 97 0 0 0 0 0 0 37 141 2 0 13 3 0 0 23 87 17 0 0 0 0 0 0 0 0 0 0 0 0 2 2 84 133 128 148 140 135 150 150 139 85 148 150 125 0 0 0 16 126 150 150 150
59 77 86 149 150 63 126 150 150 150 150 150 150 150 150 150 150 150 150 150 150 150 150 150 150 140 113 69 124 80 81 67 112 150 150 110 48 22 42 150 138 56 149 124 0 0 4 14 2 6 12 36 0 0 0 0 0 0 109 150 37 0 19 70 2 0 0 0 0 0 0 0 0 0 0 82 150 150 150 141 127 147 150 150 146 150 150 112 1 0 0 0 4 72 129 147
14 132 122 150 99 135 150 150 150 150 150 150 150 150 150 150 150 150 150 150 150 150 150 150 150 148 115 77 19 18 3 6 128 148 123 137 39 35 78 146 93 49 150 60 0 4 73 11 14 135 7 0 0 0 15 55 103 67 106 138 28 0 23 130 90 60 24 0 0 0 0 0 0 0 0 11 130 149 129 41 15 47 132 139 141 150 102 44 24 0 0 0 0 3 21 73
128 145 106 132 137 148 150 132 149 150 150 150 150 150 150 150 150 150 150 150 150 150 150 150 150 150 142 128 109 20 11 41 34 49 80 107 81 2 2 76 99 141 150 109 0 0 30 89 117 94 0 0 30 102 147 150 150 150 150 90 3 0 0 36 148 150 150 54 7 0 0 0 0 0 0 5 95 83 4 0 4 15 23 32 20 70 16 0 0 0 0 0 6 100 138 126
