data/outputs/Figueira/2015/resolution_1/CONT_SPEC_1_20.asc
ncols         75
nrows         75
xllcorner     -8.238677953804
yllcorner      39.915521016488
cellsize       0.000179864320
NODATA_value  -9999
[rows 0 to 27 of 75, columns 0 to 64 of 75]
2.912500 1.298750 4.84000 5.537500 4.797500 1.848750 0.10500 1.178750 1.398750 2.398750 3.20500 1.997500 2.328750 4.616250 4.318750 4.406250 0.25000 1.17500 0.53000 0.24500 0.0000 0.0000 0.0000 0.0000 0.39000 4.37000 3.662500 1.25000 2.628750 0.57000 0.687500 2.797500 5.57000 5.7000 3.333750 0.418750 0.612500 4.377500 5.09500 5.166250 5.493750 4.43000 5.48000 5.052500 1.152500 1.09000 5.213750 2.671250 2.847500 2.987500 4.766250 5.66000 4.031250 0.0000 0.0000 0.0000 0.0000 0.018750 1.097500 3.566250 5.488750 3.721250 5.122500 5.02500 0.803750
3.886250 1.91000 4.568750 4.681250 3.86000 2.903750 1.773750 3.066250 6.0000 6.0000 4.84000 3.806250 1.907500 5.088750 6.0000 3.48500 0.572500 0.033750 0.308750 0.0000 0.27000 0.0000 0.0000 0.0000 1.608750 5.98500 4.463750 0.07500 1.96000 0.46500 0.0000 3.181250 6.0000 5.912500 1.528750 0.0000 0.087500 2.8000 5.592500 6.0000 6.0000 4.707500 5.252500 5.438750 1.82500 4.412500 5.94500 4.338750 5.207500 5.161250 5.482500 3.637500 4.49000 0.166250 0.0000 0.0000 0.0000 0.0000 0.336250 3.036250 5.371250 3.692500 4.80500 4.546250 3.428750
1.506250 1.401250 2.33500 4.507500 6.0000 5.468750 3.14500 0.656250 5.453750 5.968750 3.983750 1.743750 4.108750 5.862500 3.761250 3.452500 3.833750 3.297500 0.896250 0.231250 0.35500 0.0000 0.0000 0.0000 1.322500 4.633750 2.862500 0.0000 0.0000 1.856250 4.64500 4.683750 6.0000 5.023750 0.651250 0.0000 0.031250 1.37500 3.397500 5.572500 6.0000 6.0000 2.983750 3.173750 4.157500 5.952500 3.481250 0.077500 0.14500 0.982500 2.906250 0.348750 2.19500 0.108750 0.0000 0.0000 0.0000 0.121250 4.69000 4.79000 5.81000 3.626250 1.04500 5.701250 5.99000
1.518750 3.31500 5.64500 5.99500 5.872500 2.271250 1.922500 5.77500 5.71000 5.297500 1.297500 3.85500 5.14000 5.41000 1.481250 3.223750 2.143750 1.721250 5.213750 1.131250 0.0000 0.0000 0.056250 1.501250 2.126250 2.11000 0.352500 0.83500 0.0000 3.29000 5.72000 5.86000 4.413750 0.376250 0.546250 0.563750 2.308750 1.16500 1.53500 4.441250 6.0000 5.94000 4.6000 2.04000 3.071250 4.361250 0.386250 0.057500 0.022500 4.021250 2.68000 0.478750 0.807500 0.498750 0.046250 0.316250 0.421250 2.42000 1.998750 5.552500 3.618750 5.33000 3.25500 1.552500 3.791250
2.861250 5.521250 5.491250 3.713750 2.358750 0.682500 1.152500 5.707500 4.81500 1.75000 0.308750 0.783750 5.86500 5.802500 5.741250 4.541250 0.483750 0.176250 4.417500 2.15000 0.0000 0.02500 0.0000 0.30500 1.142500 1.306250 0.028750 0.973750 0.018750 0.0000 0.778750 2.677500 0.091250 0.0000 0.86000 4.073750 3.023750 4.973750 4.278750 5.972500 6.0000 6.0000 6.0000 5.666250 2.657500 0.69000 1.05500 3.328750 4.832500 5.817500 4.408750 2.718750 3.551250 4.306250 4.166250 4.321250 1.067500 0.891250 0.928750 1.67500 2.528750 1.491250 2.687500 3.647500 1.913750
3.276250 4.596250 5.268750 2.277500 1.302500 3.626250 4.907500 3.427500 2.01000 1.132500 1.25000 1.317500 2.33500 5.09500 3.79000 5.793750 1.452500 0.711250 0.91500 4.417500 0.626250 0.0000 0.0000 0.0000 0.0000 1.342500 0.042500 0.16500 0.151250 0.0000 0.0000 0.126250 0.008750 0.0000 2.42500 5.91500 5.81000 5.118750 6.0000 6.0000 6.0000 5.97000 6.0000 5.93500 4.906250 3.156250 4.29000 2.877500 5.248750 5.582500 5.092500 5.298750 4.618750 3.366250 3.44500 4.83000 2.158750 1.912500 0.593750 0.0000 0.452500 1.676250 1.286250 2.912500 2.176250
2.837500 4.44500 4.351250 0.70500 0.673750 1.147500 5.748750 4.327500 1.383750 2.547500 0.908750 0.66000 0.202500 0.108750 0.82500 4.616250 4.007500 1.52500 0.01500 1.97000 0.296250 0.0000 0.02500 0.366250 1.022500 2.86500 0.528750 0.07000 0.0000 0.0000 0.013750 2.18500 0.767500 0.247500 0.982500 1.567500 3.382500 5.571250 5.787500 6.0000 5.946250 5.626250 5.392500 5.86000 5.502500 5.96500 5.912500 5.86500 5.668750 6.0000 6.0000 4.822500 2.872500 3.503750 5.668750 5.99000 4.543750 1.276250 0.888750 1.357500 2.866250 2.881250 3.348750 5.32500 5.506250
5.557500 4.917500 1.236250 0.221250 0.008750 0.0000 1.03000 5.453750 2.561250 0.457500 0.05500 0.061250 0.04500 0.073750 1.526250 5.471250 6.0000 4.6000 0.858750 0.781250 0.531250 0.033750 0.00500 0.118750 1.137500 3.748750 0.546250 0.04000 0.0000 0.392500 1.7000 3.78500 1.103750 1.821250 0.323750 0.568750 4.07500 5.74000 5.963750 6.0000 5.716250 4.011250 5.56000 3.73500 5.036250 5.967500 5.86000 6.0000 5.861250 6.0000 6.0000 6.0000 5.441250 4.326250 2.728750 5.361250 5.69500 3.62000 2.628750 4.39500 5.133750 6.0000 5.84500 5.707500 5.97000
0.871250 2.221250 0.743750 0.067500 0.19000 0.0000 1.378750 5.841250 5.367500 0.551250 1.946250 2.33500 1.261250 2.97000 5.423750 5.511250 3.678750 4.236250 2.45000 0.03000 0.017500 0.25000 0.02500 0.062500 0.431250 2.353750 1.84000 0.0000 1.43500 3.63500 0.236250 0.80500 1.346250 4.542500 3.201250 3.147500 4.868750 5.462500 5.87500 5.99500 5.75500 5.187500 1.84500 0.103750 1.151250 3.246250 5.79000 5.368750 5.58500 6.0000 6.0000 6.0000 5.15000 5.13500 5.66000 3.566250 3.606250 3.776250 4.663750 1.708750 3.401250 5.216250 4.893750 5.958750 6.0000
3.752500 0.622500 0.24500 0.213750 0.112500 0.222500 4.407500 2.742500 2.181250 1.316250 0.812500 5.557500 5.75000 5.88500 6.0000 5.852500 2.447500 2.678750 3.966250 2.526250 0.386250 3.642500 0.752500 2.612500 0.008750 0.227500 0.866250 3.087500 4.588750 5.91000 1.772500 0.737500 0.22000 2.401250 5.457500 6.0000 5.963750 5.582500 5.92000 6.0000 5.846250 5.81000 5.13500 1.373750 0.696250 1.243750 2.108750 4.171250 5.771250 6.0000 6.0000 6.0000 4.361250 3.946250 4.99500 5.802500 6.0000 5.51500 3.028750 0.448750 1.746250 3.201250 3.01500 5.796250 6.0000
3.946250 5.051250 2.792500 0.121250 0.006250 1.696250 2.21000 1.12500 0.052500 0.54000 0.498750 0.97000 5.02500 5.832500 3.881250 3.896250 1.003750 2.051250 3.278750 3.387500 4.991250 1.48000 3.61000 4.78000 3.05500 0.01000 1.23000 4.27500 4.683750 0.961250 3.927500 4.467500 2.41500 0.806250 0.976250 4.952500 5.238750 5.337500 6.0000 6.0000 6.0000 5.87000 4.591250 1.398750 4.462500 5.288750 0.596250 0.336250 4.59500 6.0000 6.0000 6.0000 4.403750 3.346250 5.211250 5.67500 5.702500 5.801250 3.667500 4.98500 4.612500 2.407500 4.09000 5.84000 6.0000
5.273750 2.797500 2.966250 2.781250 0.252500 0.0000 1.078750 0.766250 1.932500 2.9000 0.731250 1.008750 0.648750 4.143750 1.82500 0.631250 3.137500 1.973750 2.77500 3.662500 5.887500 2.577500 0.14000 4.493750 2.28500 1.03500 0.93000 2.406250 5.008750 5.253750 6.0000 5.681250 0.53500 0.021250 0.0000 2.181250 5.071250 4.268750 5.32500 6.0000 5.802500 5.19000 2.243750 3.317500 5.996250 5.852500 1.268750 0.58500 4.403750 5.757500 5.94000 6.0000 6.0000 5.907500 5.947500 5.967500 5.99000 3.107500 5.516250 5.96500 4.628750 5.258750 3.182500 3.828750 4.937500
1.852500 1.62000 2.496250 2.35000 0.403750 3.67500 0.006250 0.0000 1.287500 3.636250 4.168750 5.013750 1.322500 0.186250 1.826250 1.403750 1.266250 4.098750 2.817500 5.133750 6.0000 5.53500 4.171250 1.883750 3.567500 1.553750 4.902500 5.99500 4.90500 5.016250 4.74000 0.53500 0.0000 0.0000 0.0000 0.14500 1.893750 5.221250 1.731250 1.852500 1.086250 0.756250 3.532500 5.197500 4.396250 4.953750 1.282500 1.93500 3.698750 5.706250 6.0000 6.0000 6.0000 5.66000 5.511250 5.848750 4.671250 5.816250 6.0000 5.94500 5.343750 2.683750 4.793750 3.847500 3.727500
2.778750 3.798750 1.141250 3.233750 1.501250 2.383750 1.37000 3.256250 0.696250 0.26500 3.42000 5.136250 2.818750 2.773750 0.463750 5.7000 4.16000 1.962500 5.74500 5.38000 5.866250 5.10500 3.29000 3.957500 5.791250 5.99500 6.0000 6.0000 6.0000 4.91000 0.411250 0.688750 0.0000 0.0000 0.0000 0.0000 1.541250 3.753750 1.17500 1.522500 0.133750 0.6000 1.42500 1.63500 1.728750 0.003750 0.038750 0.342500 4.2000 4.488750 5.822500 6.0000 6.0000 6.0000 6.0000 5.621250 4.158750 6.0000 5.96500 5.83000 5.002500 4.048750 3.621250 2.203750 3.652500
3.837500 2.643750 0.27000 4.016250 2.87000 0.75000 1.117500 0.033750 0.357500 0.967500 0.25000 0.698750 0.163750 1.732500 0.086250 2.592500 3.93500 4.602500 6.0000 6.0000 5.626250 4.113750 0.01000 1.126250 5.127500 6.0000 6.0000 6.0000 6.0000 5.022500 2.891250 2.31000 0.022500 0.03000 0.00500 0.0000 0.0000 1.637500 1.881250 0.563750 2.71500 0.35500 0.232500 0.0000 0.27500 0.0000 0.898750 5.303750 5.962500 3.077500 4.023750 5.83000 6.0000 6.0000 6.0000 3.971250 5.938750 6.0000 5.567500 5.34500 5.136250 4.941250 1.553750 0.803750 0.151250
4.633750 0.72500 3.33500 5.578750 1.01000 0.0000 0.0000 0.0000 0.62500 2.90500 5.337500 3.432500 0.84500 0.007500 0.028750 1.601250 2.177500 5.72500 5.99500 6.0000 5.968750 5.30500 3.937500 0.43500 1.37000 4.567500 4.181250 3.131250 3.728750 0.818750 1.113750 1.072500 1.516250 0.01500 0.0000 0.0000 0.0000 0.478750 4.256250 5.621250 3.193750 4.031250 3.3000 2.65500 0.082500 0.0000 2.448750 3.84500 5.98000 3.726250 5.197500 5.972500 4.702500 6.0000 6.0000 5.518750 6.0000 5.932500 4.42500 4.372500 2.387500 3.0000 0.948750 2.03500 0.412500
5.64500 5.45000 5.53000 1.782500 0.0000 0.0000 0.00500 0.033750 0.148750 0.62000 2.681250 4.68500 5.127500 0.268750 0.0000 0.073750 0.333750 1.356250 5.163750 4.948750 1.74500 1.34500 3.996250 1.00500 0.01000 0.591250 0.67000 0.753750 0.08500 0.631250 3.347500 5.761250 4.322500 0.0000 0.0000 0.0000 0.0000 0.0000 0.327500 2.83000 3.858750 2.672500 5.881250 5.698750 1.571250 0.383750 5.69000 6.0000 5.47500 3.587500 2.261250 3.82000 2.531250 3.262500 4.83500 5.947500 5.883750 5.416250 3.848750 5.586250 2.701250 0.948750 0.081250 0.73500 0.013750
5.7000 6.0000 5.986250 4.793750 0.631250 0.0000 0.0000 0.036250 0.02000 1.73500 3.10500 1.972500 1.717500 0.303750 0.65000 0.402500 0.0000 0.181250 1.033750 1.978750 0.112500 3.04500 0.116250 0.0000 0.083750 0.448750 0.122500 0.0000 0.0000 0.0000 3.477500 6.0000 5.58500 0.237500 0.0000 0.016250 0.192500 0.0000 0.0000 0.112500 1.45500 3.786250 5.667500 6.0000 6.0000 3.317500 5.917500 6.0000 5.858750 3.443750 0.466250 0.608750 0.547500 4.173750 5.38000 3.673750 5.927500 5.96500 5.426250 5.668750 2.521250 0.02000 0.0000 0.0000 0.0000
5.657500 5.42000 6.0000 5.547500 1.727500 0.42000 1.743750 2.017500 1.808750 5.422500 3.598750 0.112500 0.033750 0.0000 0.532500 3.08000 1.233750 0.402500 0.066250 0.747500 1.742500 4.846250 3.421250 2.05000 2.51000 2.276250 0.0000 0.072500 1.258750 0.83500 2.096250 5.363750 2.982500 4.41500 2.561250 1.23000 0.376250 0.137500 0.033750 0.0000 0.0000 2.791250 5.998750 6.0000 5.951250 2.87500 5.857500 6.0000 5.392500 3.913750 3.991250 3.508750 4.716250 6.0000 6.0000 6.0000 5.25500 5.047500 3.193750 1.63000 0.17000 0.0000 0.0000 0.12000 0.297500
3.707500 2.037500 5.971250 5.996250 5.921250 4.936250 2.747500 2.526250 3.75000 5.586250 1.731250 0.92500 0.076250 0.733750 0.0000 1.022500 3.876250 4.636250 3.408750 1.171250 0.106250 1.193750 1.998750 1.598750 1.877500 1.95000 0.012500 0.51500 2.758750 0.07500 3.197500 4.941250 5.75000 4.967500 5.996250 2.678750 1.242500 0.55500 2.016250 2.197500 1.95500 3.011250 4.307500 3.872500 3.2000 3.733750 4.89000 5.99500 5.91500 5.94500 2.173750 3.181250 6.0000 6.0000 6.0000 6.0000 5.868750 4.37000 0.868750 0.032500 0.0000 0.0000 0.0000 0.0000 0.0000
0.507500 0.0000 2.546250 2.198750 3.34000 3.63500 5.543750 5.166250 5.742500 4.052500 0.586250 0.022500 0.058750 0.346250 0.04000 0.59500 2.007500 0.96000 1.357500 2.688750 0.947500 0.681250 0.046250 2.21500 1.741250 0.591250 0.492500 1.421250 2.548750 3.27500 5.503750 5.968750 4.492500 3.483750 2.156250 2.02500 5.143750 5.788750 5.41000 5.756250 5.686250 5.53500 3.286250 0.206250 1.281250 2.502500 1.34500 5.93000 4.026250 3.577500 1.422500 3.781250 4.692500 5.883750 6.0000 6.0000 5.86500 4.701250 1.51500 0.0000 0.0000 0.0000 0.0000 0.0000 0.0000
0.0000 0.0000 3.303750 1.916250 0.526250 1.09000 5.77500 5.99000 5.996250 5.382500 3.087500 0.0000 0.452500 0.0000 0.436250 0.238750 1.193750 1.44500 0.05000 1.103750 3.60500 4.751250 2.01500 0.031250 0.0000 0.077500 0.303750 2.28500 3.36000 3.818750 2.39000 0.872500 0.0000 0.0000 0.01000 1.143750 5.993750 6.0000 6.0000 6.0000 6.0000 5.953750 2.606250 0.0000 0.347500 1.222500 3.501250 5.597500 2.063750 1.707500 2.267500 1.613750 3.17000 5.433750 3.66000 4.297500 5.356250 3.35500 1.41500 1.108750 1.433750 0.267500 0.02500 0.861250 0.0000
0.0000 0.0000 1.621250 5.12000 4.727500 2.358750 1.297500 4.51000 4.83000 1.643750 2.49000 1.167500 1.676250 2.147500 4.962500 2.447500 2.638750 5.831250 5.362500 3.64000 1.932500 5.04500 4.488750 0.922500 0.0000 0.0000 0.0000 0.002500 0.008750 0.36000 1.502500 2.02000 1.971250 4.282500 4.233750 3.928750 5.767500 6.0000 6.0000 6.0000 6.0000 5.863750 2.761250 2.063750 2.447500 3.563750 2.801250 3.616250 0.532500 3.183750 4.726250 5.368750 5.318750 5.161250 0.07000 0.17000 0.11500 0.257500 1.403750 2.258750 3.648750 0.99000 0.451250 0.111250 2.263750
0.067500 3.281250 3.977500 5.99500 6.0000 5.262500 2.157500 2.163750 4.142500 4.571250 4.662500 5.233750 5.647500 5.89000 6.0000 3.197500 1.262500 4.06500 6.0000 5.392500 1.03000 0.247500 0.823750 1.31000 0.83000 0.191250 0.43500 0.49000 0.0000 0.026250 0.38000 2.462500 3.32000 5.537500 5.826250 5.401250 5.636250 5.94500 5.76500 5.773750 5.99500 6.0000 5.30500 4.911250 1.92000 2.96500 2.65000 0.068750 1.16000 5.353750 6.0000 6.0000 6.0000 5.552500 0.327500 0.0000 0.032500 0.64000 1.753750 4.30500 5.066250 2.45500 0.162500 0.02500 1.013750
4.097500 5.182500 5.98500 4.027500 4.858750 3.278750 4.643750 5.913750 5.82500 6.0000 4.966250 2.76000 5.831250 5.37500 4.992500 3.998750 2.69500 1.023750 3.118750 5.87000 3.998750 2.407500 0.0000 1.001250 2.082500 1.087500 3.958750 5.61500 3.117500 0.917500 0.037500 0.0000 0.026250 0.65500 3.38500 5.598750 5.581250 3.073750 0.617500 0.232500 2.502500 5.906250 5.752500 5.56500 5.461250 5.297500 1.372500 3.15500 5.856250 6.0000 6.0000 6.0000 6.0000 6.0000 2.312500 1.911250 4.172500 4.786250 2.18000 2.676250 5.801250 5.256250 2.07500 0.14500 2.557500
4.782500 2.403750 0.428750 0.32000 1.417500 1.066250 1.736250 5.82000 5.97500 6.0000 5.59000 5.877500 3.967500 2.733750 1.43000 3.423750 0.15500 1.388750 2.601250 6.0000 5.381250 0.613750 0.566250 0.196250 0.1000 0.078750 0.541250 3.266250 4.21000 5.962500 4.336250 1.458750 0.75000 0.032500 0.0000 1.011250 1.573750 0.903750 0.013750 0.04500 0.011250 1.73000 4.032500 5.553750 5.897500 3.818750 3.07000 4.152500 2.822500 4.88000 6.0000 5.98000 5.797500 6.0000 5.292500 3.6000 5.743750 4.30500 2.016250 2.643750 5.99500 6.0000 5.608750 3.81000 3.467500
0.017500 0.0000 0.0000 1.97500 2.50500 0.856250 0.0000 3.441250 4.7000 5.621250 5.661250 2.643750 0.51500 4.063750 4.642500 1.248750 0.773750 2.44000 1.476250 2.368750 0.32000 0.11000 1.23500 0.59500 0.461250 0.427500 0.768750 3.076250 2.04500 4.487500 5.657500 5.583750 5.791250 3.776250 1.887500 1.16000 0.0000 0.0000 0.0000 0.0000 0.03000 0.306250 0.003750 1.038750 5.042500 2.708750 5.81500 5.76500 4.78000 3.463750 4.692500 3.783750 3.086250 5.177500 5.502500 5.387500 2.266250 1.762500 2.21000 4.777500 5.99500 6.0000 3.921250 0.667500 1.576250
0.156250 0.0000 0.01500 1.91000 3.11500 2.307500 1.096250 5.131250 3.102500 3.32000 5.311250 1.42500 1.08500 4.89000 3.968750 0.947500 1.796250 1.963750 4.738750 2.42000 0.563750 1.597500 0.65500 0.747500 0.53500 0.171250 0.083750 2.077500 0.913750 2.032500 5.533750 5.762500 6.0000 5.996250 4.93000 3.18000 0.0000 0.34500 0.0000 0.0000 0.0000 0.023750 0.693750 1.617500 4.193750 4.963750 4.99500 3.85500 4.956250 6.0000 5.138750 1.066250 4.733750 4.873750 5.051250 6.0000 4.153750 2.187500 3.366250 5.60500 6.0000 5.97500 2.672500 2.526250 3.228750
