data/outputs/Figueira/2015/resolution_1/CONT_NORM_1_65.asc
ncols         23
nrows         23
xllcorner     -8.238677953804
yllcorner      39.915521016488
cellsize       0.000584559040
NODATA_value  -9999
50 69 63 59 71 23 1 33 28 56 49 35 92 61 54 55 16 7 70 66 25 66 20
68 38 61 32 70 27 8 16 4 21 21 75 99 78 58 78 59 37 27 49 51 74 87
38 5 54 28 68 49 12 19 23 31 41 89 92 47 84 100 77 75 57 91 97 25 8
51 20 20 39 43 45 70 45 66 59 11 69 67 70 37 97 90 88 81 73 75 43 22
52 29 15 42 24 76 77 53 74 37 2 22 41 19 51 81 93 89 74 24 40 42 24
90 35 30 33 12 27 29 20 7 55 40 3 29 88 87 49 78 87 32 1 5 25 70
22 50 82 21 19 45 42 13 20 48 40 91 93 26 58 50 74 55 17 6 6 18 87
52 54 79 82 66 48 40 12 40 32 42 51 51 78 47 91 76 47 69 39 52 87 81
9 59 55 45 65 60 31 15 15 69 66 10 7 31 57 68 80 73 92 63 76 92 96
62 88 95 72 63 59 57 42 33 23 35 77 79 53 59 63 48 48 56 54 52 72 85
53 62 31 28 30 34 64 48 22 20 60 80 74 93 78 71 82 89 90 82 66 91 39
29 52 49 69 76 21 22 14 9 27 45 22 50 68 47 61 80 92 80 66 50 95 57
17 29 43 39 39 35 53 33 26 13 11 22 18 20 25 92 94 36 46 94 95 72 45
9 17 70 47 87 95 66 87 46 27 43 27 62 78 14 58 82 47 39 46 78 73 21
23 45 31 29 56 32 34 69 31 57 23 50 36 71 41 69 78 43 94 74 86 81 47
9 69 50 40 63 28 75 46 61 87 34 52 13 81 67 99 80 85 71 72 97 89 66
32 46 37 40 60 73 30 65 78 90 47 32 50 48 52 41 31 85 89 80 75 84 61
82 38 23 31 53 3 12 68 50 92 25 26 57 95 55 25 30 69 76 84 78 84 76
68 19 19 40 49 30 44 61 56 49 25 28 7 73 65 51 65 62 72 27 56 85 88
21 75 86 59 75 64 65 47 29 62 10 11 52 66 98 73 84 79 35 48 58 93 90
41 68 53 44 48 86 45 72 40 53 52 37 43 59 69 63 69 81 87 92 84 97 100
83 66 62 62 85 87 78 69 89 52 47 59 20 18 37 57 52 65 84 87 81 98 92
74 66 83 62 76 79 97 95 94 72 29 49 90 13 13 45 60 74 60 72 69 66 58
