data/outputs/Figueira/2015/resolution_1/CONT_SPEC_1_45.asc
ncols         33
nrows         33
xllcorner     -8.238677953804
yllcorner      39.915521016488
cellsize       0.000404694720
NODATA_value  -9999
2.386914 4.560494 3.456790 3.661728 4.951111 3.508395 4.904444 1.775802 0.375061 0.064197 0.091358 4.646914 0.843950 1.943210 5.748395 1.048395 1.541235 5.563457 5.101975 3.639753 4.563457 2.988148 3.458025 1.803210 0.0000 0.405679 4.031852 3.657284 4.519012 1.094568 2.424444 4.268395 0.624938
3.786914 4.794568 1.942222 5.074568 1.979753 4.624938 4.425432 1.293086 2.867160 0.004938 0.792592 1.039259 0.415802 2.743457 1.747407 1.660494 3.187160 4.796790 5.871358 3.695802 1.542222 2.703457 3.637778 2.138272 2.214815 1.219753 2.737531 2.999753 2.650864 3.717037 3.716296 3.270123 4.862963
4.073086 2.000247 2.349383 3.283210 1.300741 0.730617 2.537778 3.059753 1.5000 0.009135 0.230123 1.185432 0.076296 0.618271 0.817037 1.906420 4.973827 5.983704 5.535062 5.595062 5.409630 5.583457 5.527160 4.152099 5.012593 2.538765 1.860494 3.061975 4.482963 4.049383 3.953827 4.791852 4.218272
2.130370 0.223456 0.608642 4.183951 1.241235 2.720494 4.981975 4.165185 1.577037 0.848888 0.505679 1.647160 1.718765 1.784444 1.847901 3.543704 5.334815 5.989136 4.948148 1.481728 4.064938 5.571852 6.0000 5.162716 4.705926 4.316543 2.416049 4.480741 5.951605 6.0000 2.861481 0.309382 0.282963
4.230617 1.263457 0.949876 1.309630 1.072593 2.928148 3.605432 2.099012 3.572593 2.769630 3.580247 0.806913 4.114074 4.293086 1.816296 2.208148 5.088148 5.941481 5.027901 3.390370 2.689877 3.731852 5.988148 4.793580 5.58000 5.051358 4.803457 3.743210 5.318272 5.52000 3.121728 0.987901 0.153580
2.655802 1.927407 1.580988 1.260741 2.866420 2.750370 1.906420 3.070617 5.027407 5.143704 3.432840 4.833086 5.649383 2.956296 0.166419 0.029629 2.689877 1.234074 1.045926 2.895802 1.326667 3.478025 5.558765 5.932840 5.468395 5.571605 5.667654 3.744444 3.253333 4.581235 2.681728 4.129877 2.460988
3.272346 3.655802 0.380493 0.142963 2.596790 1.656296 0.644197 3.237531 5.836543 4.345185 1.613333 4.052840 3.609383 2.640247 1.225432 0.001481 0.661481 3.253827 3.227160 1.472099 1.722222 5.436049 4.602222 5.356049 5.383457 5.473086 4.357778 2.257037 0.923950 1.509877 1.212840 2.050617 1.223951
5.839012 3.956543 0.263456 0.702716 2.784938 1.637037 0.550617 0.473580 1.815556 2.165679 0.62000 0.665679 0.010864 2.568148 3.818765 0.571604 0.106172 0.320987 3.589136 5.697037 4.551852 5.174074 2.203951 2.939259 5.353086 5.514321 3.795556 0.122716 0.082963 0.530123 0.151851 3.536790 2.554568
2.125432 4.368395 3.992840 4.178025 2.871111 0.245432 0.456049 2.592840 1.730864 1.159506 1.791852 0.924197 1.835802 3.461728 4.850864 3.307407 2.926914 3.492346 3.925679 2.622963 3.443704 5.347901 2.832099 5.614568 6.0000 4.464444 0.085432 0.0000 0.015802 0.017777 0.138271 2.016049 5.269383
0.024691 3.326667 2.541481 4.894074 2.939012 1.167901 2.343951 2.527160 2.662716 3.822963 0.761481 0.075308 1.351852 1.951852 1.420741 2.745679 5.930370 6.0000 4.980741 1.602716 2.875309 2.307901 3.750370 4.793086 1.909136 1.846173 1.979506 0.778765 0.980987 0.698765 1.275802 2.526914 5.937037
3.899259 4.234815 3.671852 5.064938 5.377284 5.213580 3.841481 2.190864 4.910864 1.683210 0.918518 1.355802 2.750864 0.951111 1.545185 3.910370 4.017284 2.153827 5.054074 5.003704 3.095062 3.710123 6.0000 5.936543 2.108148 3.092840 3.768889 3.579259 1.604198 3.494568 4.843951 4.789877 5.014815
0.542963 1.126173 1.161728 4.073580 5.430617 2.174568 3.533333 1.256296 2.645926 0.963209 0.528148 0.340493 2.523704 5.093333 4.554074 2.027901 0.194321 0.004938 0.302469 3.432593 4.490864 4.231605 4.386667 4.686914 5.050864 2.472099 4.746173 4.931111 1.913333 2.478765 5.159753 5.820494 5.969383
0.605925 3.802716 5.025926 4.107407 2.306420 4.211358 4.683210 5.130864 3.806667 2.62000 1.791111 1.114568 0.431851 3.162469 2.581728 3.930370 1.805185 0.475308 2.401975 1.525432 1.403951 2.443704 3.094074 3.145432 5.232840 5.404198 5.481481 5.339753 4.519753 5.608889 5.848395 5.022222 5.897778
3.837037 4.401235 5.992099 5.831852 5.322963 3.828148 2.844691 4.145432 3.901728 3.632593 2.106173 2.942963 2.269136 1.759259 0.154567 4.000494 4.878272 4.622222 4.428395 2.410123 3.294321 4.588395 4.660494 3.025679 2.098519 1.764938 2.442716 2.489877 3.28000 2.816543 3.807654 5.485185 5.236790
5.402469 1.443457 5.631111 2.569136 2.873827 2.610123 2.196049 0.912592 3.584691 2.198519 2.635062 2.331358 1.273580 0.669135 1.861235 2.995062 4.246173 5.677284 4.048889 5.969383 5.861481 2.847654 4.691358 5.131852 4.996543 5.911111 4.917531 5.455802 4.801481 3.149383 4.128642 3.618765 1.623951
1.386420 2.519753 5.219012 2.170864 0.304444 0.682469 2.173580 3.421481 2.487654 5.037531 3.440988 1.463457 1.019012 0.949876 2.216543 5.903951 4.795556 4.712593 4.245432 5.704691 5.190370 3.413827 3.328148 3.873827 4.971605 5.399259 5.740247 5.548889 2.583210 2.233086 5.537778 5.688395 2.742469
2.496790 2.017284 2.238272 3.095556 4.388148 5.369877 4.956296 1.396543 0.561234 0.501481 0.275555 0.568395 0.782222 1.626667 2.015309 2.227407 0.595555 0.445925 4.554321 3.637037 3.553580 1.754074 4.013580 5.409630 5.339259 5.864198 4.169630 5.450864 3.498272 3.289383 5.543951 5.406914 3.789136
0.606172 1.099259 2.101235 2.665926 2.672346 3.052099 1.429383 0.448888 1.289877 2.300988 0.427160 1.083210 0.105925 0.626172 0.126419 0.414814 0.515061 0.323950 1.917284 0.974567 1.146420 3.043457 5.920494 5.508642 4.379012 2.629630 3.358765 5.647160 5.813580 5.281728 5.977778 3.251852 2.466420
1.945185 0.643456 2.702222 4.246914 2.003210 3.014074 4.872099 5.045926 5.163951 5.623210 4.978025 4.547654 4.253333 1.390123 0.937777 2.080494 3.308889 1.264938 3.150123 2.616049 0.263209 2.732593 3.001975 5.956296 3.683951 1.856543 1.404938 2.125432 5.474321 5.346420 5.392346 4.139259 3.239259
0.552345 0.014567 0.888395 3.749630 3.952840 2.379012 4.969877 5.683457 5.158519 2.621975 4.603951 3.864444 1.375802 1.344444 2.371111 3.244444 0.566172 1.492593 5.862469 5.503704 1.667901 1.316543 5.008148 5.740247 3.694815 2.660494 3.073333 1.347407 3.386420 4.132840 5.186173 2.365926 0.435061
0.876790 4.167654 0.676049 1.444938 2.491852 1.155309 4.472346 3.302716 1.245185 1.177284 5.099259 4.204198 1.403210 3.885185 1.588395 1.608148 3.250370 0.279506 3.509630 4.277778 5.022963 1.745432 4.320494 5.089877 3.561481 2.849630 5.605432 5.217284 3.929877 5.656790 5.595802 3.581481 2.882469
0.518024 2.849630 3.875309 3.235309 2.248148 1.609630 3.311358 0.977037 1.463704 4.243210 2.402963 1.174321 2.754568 4.483457 2.826667 1.802716 5.550123 2.056543 1.816543 5.291852 1.933333 3.609136 5.401728 4.651111 4.690370 2.986667 3.752840 5.782716 3.628148 4.967407 5.912840 4.972099 2.294074
0.593827 2.613580 3.499259 2.623951 1.778519 4.136790 3.962222 2.103704 2.772099 5.631111 5.011852 2.439506 4.921975 5.537284 3.512593 1.923210 1.528642 1.474815 0.190864 5.453086 3.616543 5.891358 5.803210 5.084444 4.617531 5.466420 5.085432 4.110370 4.901235 5.993086 5.581975 5.114815 5.087407
1.726914 1.718025 2.708889 2.448642 2.096543 2.472346 3.673580 5.503704 3.719506 1.742469 2.54000 5.198272 5.468889 5.630123 4.908148 1.326420 2.0000 2.723704 2.889630 1.258025 2.547654 3.481481 2.618765 0.596790 4.989877 5.744444 5.312346 4.869136 4.410370 4.753827 4.304444 5.593827 4.073580
4.513333 3.206420 1.645185 1.571852 1.203210 4.285926 4.646173 0.959259 0.447407 0.205679 2.723210 2.910123 2.797531 5.706173 5.451111 0.682469 1.939506 1.225185 5.46000 5.905432 3.324938 2.095556 2.339753 0.542716 2.057778 5.172840 5.828642 5.213827 5.693333 5.085679 1.523210 5.851358 3.968642
5.303951 3.605679 2.406914 1.169630 1.125679 1.501481 2.288889 0.577284 0.077530 1.193827 5.035556 3.299012 4.198765 5.688148 2.674321 0.972345 1.509136 1.315309 4.253827 5.747407 5.513086 1.967654 1.692593 2.103457 2.768642 4.114321 2.765926 4.358025 4.756543 4.929383 5.537284 5.324198 5.220741
4.316296 2.769383 0.322222 0.932345 1.178519 2.335556 2.796543 2.138025 1.470370 2.931605 3.828889 2.224938 3.947407 3.473086 1.013333 1.474074 2.906173 0.514814 1.563704 4.485926 4.449136 2.229136 3.723457 3.994568 2.998765 4.182469 5.479753 2.869630 0.868148 2.988395 5.650123 4.964444 5.462222
1.990617 1.556296 4.461235 5.297037 5.600741 5.006173 5.877284 4.677284 2.788148 4.276543 4.093086 0.548642 3.167901 4.756790 1.594321 0.369629 0.000493 0.664938 2.486420 2.161235 5.865185 5.713086 3.984444 3.027901 5.675309 4.280494 1.561235 2.319753 2.328889 1.497037 4.652593 5.916049 5.148642
1.078025 3.444691 5.715556 4.842963 2.309630 1.715556 3.053086 4.68000 2.675556 3.492099 3.484444 3.103210 1.526420 3.124938 2.344198 0.126666 1.539259 2.927654 3.347160 5.590370 5.960494 5.917284 3.538765 5.945185 5.677778 5.114074 2.930123 3.098025 3.867407 5.261481 5.757531 5.967901 5.666173
1.716543 3.482222 4.522716 2.558272 3.120988 1.736049 2.925432 4.152593 5.559012 2.161481 4.908642 3.637531 2.320988 3.162963 4.397531 3.066914 1.989383 2.535556 3.543704 3.450864 3.164938 4.339012 2.966667 3.707160 3.900741 5.331605 5.812593 5.760247 5.904198 5.473086 4.867901 5.976296 6.0000
4.674568 4.800988 2.911111 2.703457 5.195309 3.928889 4.292346 5.741235 4.625926 3.927160 3.696543 4.626420 4.416049 2.388148 2.594568 4.965926 3.921975 0.185925 0.396049 1.063704 2.115062 2.954074 2.969136 2.476049 2.947654 2.685185 4.379012 5.82000 4.56000 4.435062 5.282222 5.857778 5.240988
5.470370 3.728642 4.553580 5.555309 3.208148 3.316790 5.364198 5.965432 5.057037 5.691852 4.712099 5.575309 5.651605 3.833086 2.535062 1.525679 5.123951 4.421235 2.445185 0.411851 0.518765 2.324691 2.750617 3.446173 4.826914 5.061728 4.808148 4.827901 4.879506 4.647407 4.627160 5.314074 5.750123
3.704444 4.832840 3.370617 4.773580 4.058025 4.628148 4.231111 4.052593 5.051852 5.866667 5.847901 5.866667 5.624198 5.293333 2.653827 1.673827 1.646420 4.370370 5.077037 0.719506 0.490370 1.687901 3.741975 3.382716 3.776049 4.546914 4.268395 3.202716 4.248148 4.202469 4.650617 3.513086 2.416296
