data/outputs/Figueira/2015/resolution_1/CONT_TOTAL_1_25.asc
ncols         60
nrows         60
xllcorner     -8.238677953804
yllcorner      39.915521016488
cellsize       0.000224830400
NODATA_value  -9999
1719 1598 3576 3138 1076 140 1561 1826 2191 1010 2807 2978 2268 119 540 144 0 0 0 252 2955 1706 1453 790 302 2826 3600 2324 317 943 3278 3350 3302 3045 3423 904 1361 2829 1920 2113 3211 3394 895 0 0 0 333 1540 3235 2443 3436 1232 60 143 1079 3283 1899 1132 699 53
1758 1800 1792 2945 2114 1914 2901 3750 2750 2162 2438 3728 2502 736 69 148 244 0 0 778 3476 1262 140 152 1054 3010 3750 1264 0 561 2663 3750 3750 2831 3482 1804 3444 2777 1882 2374 2584 1473 1387 0 0 0 516 2335 3528 2254 2948 2737 515 196 491 3235 3533 1391 8 2
657 2102 3392 3750 1936 1729 2892 3477 1410 2134 3463 1057 1313 2145 2700 555 6 0 544 899 1866 263 19 1964 3412 3694 2024 422 515 315 402 2348 3750 3628 934 2330 2769 153 0 1090 1291 0 14 0 0 447 1663 3232 3228 1928 1264 3049 3523 2670 550 1616 2410 2206 1755 338
2237 3189 2847 2038 499 1956 3583 1630 253 1933 3585 3405 2458 99 1473 1903 0 10 25 884 705 231 474 26 1318 1465 8 346 1939 2450 2723 3593 3750 3738 3645 1737 736 1065 2148 3376 2343 1803 2395 2194 2079 779 477 1500 1271 1386 2403 1259 1174 2726 3253 2232 1788 2926 3611 2144
1733 3018 2042 771 2134 3028 1478 1051 869 821 2224 2188 3460 270 397 2163 294 0 0 71 1001 232 100 0 1 260 0 1136 3311 3048 3719 3750 3750 3724 3750 3286 2567 2361 2956 3501 3282 2900 2125 2422 2876 942 894 22 236 926 1469 1849 1094 535 1393 3494 3750 3750 3750 3600
2900 3128 759 276 623 3223 1482 1146 355 54 12 143 2996 2995 151 878 196 0 150 367 1239 0 0 0 818 1488 341 503 585 3258 3546 3750 3364 3291 3591 3367 3750 3725 3586 3727 3750 3375 2086 2800 3633 2772 1111 1805 2733 2770 3328 3658 3727 3715 2472 3088 2567 1913 1704 1719
2065 1301 29 10 0 1508 3551 323 655 198 740 2399 3641 3008 2346 97 107 69 30 603 2187 544 23 1316 694 1133 1591 1108 1259 3295 3479 3728 3543 2558 834 1629 2943 3680 3666 3706 3750 3744 3107 2630 2320 2757 2462 1994 2741 3416 3734 3750 3750 3750 2432 1157 91 250 140 408
1673 109 358 116 272 2892 1812 988 1223 3450 3401 3750 3169 1507 1909 1622 534 1180 1214 129 346 876 2114 3559 739 367 1034 3276 3676 3545 3629 3750 3656 3447 1491 362 1085 2027 3191 3750 3750 3551 2597 3105 3671 3442 2330 319 1417 2099 3054 3750 3750 3746 2739 509 277 20 97 247
2509 2814 992 5 913 1427 89 216 236 1218 3498 2513 2068 805 1370 2217 2914 1243 2376 2358 4 1185 3109 1292 2788 2549 274 621 3018 3304 3736 3750 3726 3522 1340 2602 3011 97 1782 3750 3748 3513 2269 3416 3503 3748 2598 3097 2877 1881 3205 3750 3750 3399 2589 815 270 0 308 972
2744 1434 1554 241 375 343 640 2594 1231 1095 691 1276 263 2189 1441 2564 3686 1462 1924 1304 904 1665 2812 3341 3616 1491 0 0 743 2572 2863 3056 2690 1585 2206 3637 3280 500 2469 3287 3728 3750 3738 3549 3689 3116 3202 3730 2741 2588 1861 2541 2826 2004 2341 1822 2500 1217 459 136
1418 1721 1607 737 1959 616 498 776 3074 2974 1400 581 2650 1702 2683 3234 3744 3202 2036 2837 2910 3733 3750 3180 848 46 0 0 32 2109 1157 827 84 969 2129 1623 1019 71 1218 3039 3750 3750 3737 3625 3310 3086 3750 3684 3365 2866 2054 2588 3696 3111 1457 1601 2544 2427 2463 535
2364 1041 1104 2039 481 927 577 415 459 464 829 316 2024 2230 3451 3750 3531 1580 540 3055 3750 3750 3750 3306 1522 814 16 5 0 354 1457 343 1226 38 96 110 0 1579 3144 2387 2835 3736 3750 3750 2717 3750 3734 3311 3035 2489 592 88 2900 1945 489 2923 2712 1581 1069 201
2707 988 3373 876 0 0 116 1314 3183 2051 79 15 829 1882 3496 3750 3482 3040 1373 583 2495 1906 2152 831 1249 1363 389 0 0 0 1305 3547 2417 2384 2418 269 138 2441 3328 2740 3255 3352 3323 3593 3558 3750 2734 2900 1367 1218 1121 329 720 295 608 614 815 986 560 875
3578 3736 2384 94 0 5 87 482 1096 2722 1341 0 47 123 1643 2147 159 1282 558 0 183 128 2 30 1919 3738 834 0 0 0 0 599 1893 1899 3750 2481 1604 3717 3709 2177 1020 1279 979 3069 2888 3732 3137 3547 1797 147 24 0 168 1003 148 172 1408 2642 666 2436
3600 3716 3727 1159 159 982 289 2323 2463 224 0 360 1017 293 145 892 1073 2738 615 660 993 20 22 94 2551 3182 2270 675 588 97 14 0 346 3286 3750 3750 2362 3750 3750 2262 1808 1230 3102 3582 3601 3359 3045 2164 389 0 48 87 47 15 25 47 2404 3578 977 2793
2156 2586 3750 3488 2348 2017 1222 3494 1116 78 324 113 1158 2506 1935 786 88 1663 1449 1168 844 11 1461 624 1802 3218 3058 3643 1161 578 702 1132 1071 2159 2950 2358 1994 3593 3700 3614 1335 2908 3750 3750 3750 3573 1340 69 0 0 0 32 0 0 3 0 652 3533 3463 3459
203 546 1928 1590 2265 3623 3450 2710 644 1 132 84 291 1032 363 1522 947 315 627 975 270 925 1591 2317 3551 2979 1868 1162 1361 3665 3622 3541 3598 3300 592 574 1032 1958 2874 2029 1030 2632 3453 3738 3750 3498 1691 0 0 0 0 0 41 29 114 342 934 1402 3432 3374
0 106 2264 965 919 3049 3748 3202 966 219 171 993 495 2244 1522 836 2457 3226 1168 0 0 177 705 1291 434 126 606 748 1345 3750 3750 3750 3750 2749 152 294 1931 2452 2198 1209 1862 1544 3391 1375 1578 1963 1000 1014 1514 99 303 316 395 65 52 11 844 2637 3738 3025
59 1176 3067 3750 2372 1091 2157 1616 2943 2034 3111 3745 1819 1196 3750 3484 541 1471 451 153 0 10 0 154 1112 1985 2886 3726 3547 3728 3728 3750 3750 3472 3298 1711 1370 1919 221 2334 3750 3676 3445 672 0 0 307 1737 2427 805 0 1086 2448 1227 2139 2966 2606 3359 3739 2645
2354 3459 3160 3089 2350 3082 3410 3750 2995 2695 3599 3204 2625 652 2093 3352 2222 520 617 1176 774 2869 2074 599 15 221 623 2168 3430 3062 1458 749 2312 3711 3596 2888 2881 796 2675 3747 3750 3750 3750 1688 1158 2325 2051 2041 3492 2638 94 1071 1001 2654 3017 2669 3591 2491 3528 607
2187 774 179 659 701 1840 3646 3728 3547 3224 1691 1490 1574 323 870 3589 2503 528 297 100 86 780 2277 3636 2692 1310 314 12 603 643 155 18 13 1433 2596 3647 1709 2797 2318 2299 3656 3208 3393 3467 2558 3183 1628 1709 3748 3712 3009 1540 388 1815 3042 3659 3303 3508 3661 3252
0 0 410 2147 358 513 3170 2954 3434 488 1732 2771 749 922 1580 850 2 234 412 443 233 910 959 2084 3431 3562 3615 2066 769 0 0 0 42 147 940 2443 2655 3688 2578 3316 2729 2323 2889 2908 3284 835 1088 3120 3748 2997 410 914 1735 2056 2850 3712 3669 3750 3734 3434
205 20 2002 2406 2474 2640 2333 517 1048 81 3325 2868 1042 2978 3238 2442 1364 1933 747 148 435 295 805 499 3133 2959 2795 3616 1644 368 0 0 14 348 141 731 1716 2250 2921 3746 3416 1562 2724 3493 3726 3475 2508 3241 3677 3646 3285 2827 2110 3728 3750 3370 3299 2604 3750 3266
905 167 2034 3677 3750 3750 2835 1409 2796 3206 3735 3400 3393 3497 3010 943 2905 760 1111 2287 1004 151 267 10 2384 1191 1032 2383 2474 2298 94 239 2441 2024 2243 1285 232 113 155 408 968 1515 1737 2524 3254 3476 3615 3327 3750 3170 2261 2924 3609 3742 3608 3750 3262 3686 3750 3321
1562 1610 1639 3368 3750 3750 3707 3750 3277 3242 3275 1045 3413 2967 2893 2133 3391 1809 1547 1827 2505 1578 449 1419 1244 344 142 1954 3654 3573 2255 2174 2514 2321 526 1281 1373 3064 3245 2404 2433 1539 819 398 119 157 544 864 1940 2416 2912 3208 3454 2594 2803 2971 3392 3441 3750 3600
3072 3750 3509 3127 3750 3344 3722 3565 2530 572 1747 1742 2273 1414 2222 2572 998 2317 1190 811 1480 1024 2475 1663 453 232 45 1005 2640 2647 3699 3750 3525 3637 2678 2369 2311 2247 2602 2686 3750 3750 2775 3404 2386 2451 2522 2443 1699 739 1256 863 571 204 872 2156 2992 3111 2620 2750
3427 3539 1019 1104 3750 2844 1223 1245 2333 1800 2732 1721 847 569 1135 2485 1492 1558 2137 1388 2083 427 848 16 795 1079 941 1117 1880 3089 3733 3750 2385 2812 3734 3750 3604 3672 1065 2192 3195 3644 2836 2593 3750 3750 3343 3486 3561 3297 3108 2293 2729 2292 2346 2520 1878 794 605 738
3036 1515 369 1278 3750 3202 772 46 1369 290 515 892 681 556 1236 1926 1690 2663 2304 1949 1716 2007 27 109 420 1643 1261 3058 3744 2151 2520 3700 1468 2584 3485 3750 3531 3253 2131 488 3212 3431 3628 3225 2888 3750 3723 2264 3533 3727 3724 3631 3035 1751 3644 3750 3750 3747 1832 247
1342 62 2501 1644 3712 2988 576 112 295 0 251 833 2843 2912 1667 598 3669 3634 2991 639 443 1781 514 636 736 569 1300 3666 3591 3052 3486 3678 2920 2446 3225 3738 3532 2886 2786 3158 1293 2744 2234 3402 2754 2650 3598 3736 3750 3746 3078 779 1143 1095 3462 3750 3750 3566 1677 8
1120 446 1451 2539 2247 683 1236 676 1317 1248 3141 2882 2806 415 1429 1170 1752 495 1098 318 271 7 0 1730 317 1725 1705 3216 3234 870 1575 152 1350 3559 2486 3750 3738 2633 602 1544 834 2510 1750 3287 2715 3742 3732 1508 3372 3164 1797 410 412 1109 2284 3750 3750 2026 750 2368
1973 1753 598 1679 1492 1383 2819 2955 3722 3730 3611 3090 3344 651 406 39 61 48 309 10 581 343 667 964 857 1486 1221 1119 271 115 154 459 1928 3076 2537 2390 1412 1318 359 1628 3097 3536 3750 3750 3392 3750 3726 3359 2015 3489 3718 2158 1562 3210 3671 3750 3715 3020 3129 3003
175 780 1636 1983 2210 3329 2773 2232 2548 3526 2555 1859 632 424 404 470 2 642 637 254 977 60 36 615 62 0 27 281 600 2 1 140 508 3471 1709 195 659 1786 1194 3750 3745 3105 3748 3385 3060 2687 3135 3742 3718 3750 3750 3661 1668 3601 3750 3750 2465 773 1712 2808
629 121 10 33 342 333 784 1138 1570 1348 360 741 653 3 177 1852 1719 2666 197 388 867 161 150 53 836 167 62 0 133 609 588 288 184 189 14 743 0 1345 1123 3599 3671 3735 3730 3280 1453 568 909 728 1671 3449 3750 3750 3750 3750 3750 3647 2684 1298 1257 794
2588 366 440 378 1540 2205 1876 1319 31 1269 2243 2433 3150 1845 3538 2288 3730 3025 2104 2986 2028 2864 2292 897 1138 506 267 886 1515 1780 1516 884 532 1052 537 1671 28 410 2587 3750 2357 3508 3693 3736 2317 727 676 909 618 1928 3443 3267 3750 3369 3750 1868 1610 2451 2631 1347
948 68 319 935 1717 2648 3750 3377 1255 1376 2563 3750 3750 3750 3750 3738 3704 3750 3727 3738 3347 3400 3231 802 1026 1811 890 1693 2204 2548 1253 873 2772 3471 3148 1812 83 82 44 1013 256 3051 3750 2968 192 1369 1565 1186 290 336 2200 3633 2895 2686 3671 3597 3604 3519 1263 51
766 284 0 102 512 1355 3276 2834 3006 701 2120 3260 3750 3701 3417 3721 2076 2304 3058 3177 2512 813 309 639 1014 2084 1272 3184 1918 97 644 251 2141 3750 3661 3071 1426 22 581 1378 3121 3722 3399 1678 3205 1349 2483 1227 923 241 2257 3167 1974 3615 3605 2592 2335 478 1 18
117 243 545 437 579 535 956 952 3229 3305 658 2295 3491 3108 3329 1987 258 227 1506 3633 3560 2301 1660 397 640 790 862 298 0 210 585 1250 2459 3750 3750 3750 2763 1862 1470 2773 3413 3750 3750 3376 1762 1957 1717 3704 3511 1746 163 27 1904 3623 3377 2490 1122 876 1386 1682
689 993 2791 2565 101 39 1220 950 1568 615 419 3018 2820 2381 1213 356 21 949 3396 3482 3496 1840 618 1245 3202 2263 219 615 1875 2639 534 77 405 1822 2157 3425 3750 2213 239 2573 2906 3468 2846 1363 2634 1923 2888 3736 3750 3281 3347 2854 3745 3449 3484 3511 2060 2555 2056 2151
67 884 2374 2922 948 1316 809 2531 1479 287 921 2314 1105 209 607 0 873 3152 3711 1307 475 915 84 704 2480 2200 1334 1057 2570 3750 1943 66 1722 2990 2699 1564 1341 2078 147 906 2091 3044 3429 2821 2411 685 647 2905 3750 3750 3740 3226 2260 3727 3750 3742 2743 582 1486 1055
236 384 736 3583 2322 3153 2164 1449 839 405 2274 2344 996 454 932 1830 2115 3119 1660 288 281 1802 2330 3454 3334 3046 717 304 2297 3750 2687 1811 952 548 2747 3606 1785 718 2942 3737 3750 2689 2947 3203 2886 2854 1444 1369 3131 3599 3401 428 2361 3746 3750 3744 3690 2443 980 1804
270 425 822 3130 3250 1754 3251 1772 798 2812 2648 2824 2994 1710 261 506 2004 3675 2769 1663 509 783 2909 3736 3073 2788 2135 988 734 977 2761 874 133 94 2501 3740 2877 2212 3750 3750 3748 3740 3066 2656 3110 3634 3287 3665 2419 2131 2935 2940 3617 3750 3550 2702 2711 3673 2183 2030
62 617 1270 3015 1355 386 899 1673 410 1440 3086 2179 1655 1319 1737 2947 3726 3750 3694 3103 2401 2025 3603 3740 3509 2438 1824 2150 352 1096 775 806 2 11 2934 3497 2937 1465 3726 3284 3713 3750 2913 2639 3151 3197 3728 2965 2858 3265 1943 3750 3750 3750 3750 3458 3472 3738 3660 2326
1056 711 775 2463 1604 666 1113 1690 686 1779 1478 1928 1828 3717 3737 2860 2872 789 1486 2128 3613 3739 3750 3738 3436 2692 2370 1736 609 1059 3107 1206 2543 589 648 465 1187 1440 2103 2500 2088 1235 37 2762 3750 3713 3129 3308 3501 2798 2143 2722 3608 3717 3594 3750 3738 3748 2998 1806
1427 1082 1474 1083 1898 1183 1838 1646 1355 2022 1780 2733 3003 3448 2712 518 729 5 105 3270 3072 1813 3451 2686 3750 3750 3707 934 40 871 519 902 2736 3166 1200 1982 1386 3188 2560 1374 679 0 273 2115 2162 3716 3750 3750 2494 3379 3659 2875 2136 2488 333 2734 3727 2476 2212 89
3558 1819 3120 1126 1734 1452 1742 818 809 3398 2456 2664 1785 151 358 450 135 0 155 3604 2164 745 930 3313 3750 3750 3454 1032 23 1034 1890 457 3116 3707 3687 3721 1197 2913 2086 1127 2049 151 101 841 892 2830 3750 3750 3750 3529 3440 3703 3638 3645 397 1299 3748 3656 2764 1508
3532 2915 1664 1045 659 934 289 443 508 993 2305 3734 2508 218 258 0 338 272 1401 3109 2318 1491 2330 3469 3695 3466 1691 56 240 1204 730 69 1570 3732 3750 3750 3602 1767 479 0 1748 717 643 2379 2425 2319 3689 3002 3131 2344 3492 3255 2801 2694 2390 2992 3750 3449 3041 1379
3473 3449 2448 1795 1835 1772 786 118 1454 780 575 1045 993 297 24 105 46 1261 3542 2973 2623 1290 2229 3746 3672 2366 1237 327 1321 1473 151 1335 2468 3016 3194 3748 3633 3462 868 560 416 1283 1115 1101 2167 2569 1597 729 2988 3006 3310 3062 2652 3388 3750 3682 3440 3750 3573 897
2965 3220 2686 1804 453 31 10 240 1161 1375 1017 910 486 513 91 236 160 1362 2689 2418 1063 142 1930 3425 2685 650 1070 2109 550 1171 255 95 434 1383 3359 3246 3176 2346 1558 2476 2644 1616 2461 1569 899 3029 3535 3088 2047 1591 1110 1396 1954 3169 3039 2535 3050 3750 3710 2721
2438 2187 1909 209 151 94 975 227 858 1151 1721 2037 1363 1941 1182 975 1886 2662 2309 3059 2108 1536 3111 2533 2412 941 1137 937 163 2770 2500 151 0 873 2429 3036 2825 2064 1541 816 2320 2088 3509 2933 1352 2009 3001 3750 3703 1977 664 426 57 3059 3750 3750 2485 2408 3579 3100
1882 2174 365 257 1750 1685 3339 2984 3135 2982 3714 3726 3746 2843 1916 1870 3027 1600 2916 2369 625 1503 3680 3612 2138 236 1379 408 48 1 0 0 377 502 66 2870 3522 3632 3525 2973 1095 1462 2265 3559 3527 2698 1575 1248 2441 1362 1619 1504 343 1118 3010 2904 3698 3750 3456 2630
728 526 1029 2913 3738 3550 3625 3453 3595 2888 3104 3513 3750 2678 1695 1838 2612 3234 3054 1215 26 292 924 1862 3637 1591 748 307 0 0 0 205 3377 2061 145 2145 3748 3750 3573 3604 3308 1309 2059 3697 3266 3058 2060 627 824 1397 536 1708 1317 1371 3174 3155 3649 3736 3180 2475
22 1046 1300 3292 3581 3750 3470 1803 1131 302 1214 2730 1901 2886 2931 1113 1489 3491 2621 1995 1235 1943 551 84 2983 2645 232 9 34 8 1382 2504 2114 3280 3701 3295 3750 3750 3750 3391 1164 3539 3663 3727 3100 2981 2387 1038 1587 2283 1984 2569 2107 3619 3282 3727 3738 3697 3586 3027
110 1759 3059 2498 3750 3569 1994 1854 839 1351 1197 1794 1475 3639 3684 1558 565 2521 2141 2129 2604 2165 1168 74 2187 3339 862 310 451 1253 2561 1341 434 560 3175 3625 3574 3677 3750 2469 2487 3572 3740 3750 3748 3738 3643 3191 1567 1724 2556 3039 3461 3716 3750 3750 3750 3750 3750 3600
630 683 2057 3715 3636 1398 1143 847 1511 171 808 2398 1383 3056 3726 3643 1124 2049 3264 3337 2378 2650 1751 1873 2623 3236 3419 2126 1045 1293 584 2257 2180 2274 3201 2091 1478 2757 2314 3221 1098 1250 1592 2125 2945 3698 3750 3750 3649 3737 3656 3750 3675 3617 3261 3738 3728 3750 3750 3600
1131 3540 1789 670 1082 2147 2823 3624 3418 2671 3038 1632 2147 2321 2514 3716 2189 119 2168 3534 2209 828 1378 1312 810 453 2676 3560 2799 2040 210 1202 1997 1541 1127 497 970 1697 2146 3021 1756 3041 1672 2021 1248 2238 1815 3338 3750 3750 3748 3356 2195 2716 980 3734 3748 3714 3750 3600
2303 3748 3595 2895 1772 501 1512 3473 3526 2404 2313 2296 3366 3738 2653 3179 3168 2311 1907 2837 3206 3275 3457 1651 1688 2330 1049 3134 3738 3293 470 37 128 70 437 812 1414 1593 1775 2127 2443 1358 1692 1165 2072 1553 1650 2535 2785 3750 3580 2212 2277 2938 3303 3738 3655 3243 2687 3600
3585 3396 2502 2329 3413 3652 2295 737 1940 2591 3375 3250 3403 3750 3072 2144 3326 3448 2277 2251 3161 3682 3698 2402 2205 2219 849 559 3034 3750 713 1129 674 699 413 650 867 1571 1637 2303 2284 1788 1910 3013 3710 3301 1935 3545 3666 3349 3253 3604 3740 3513 3634 3750 3750 3328 3676 3600
3600 2931 2232 2313 2845 3209 3716 3498 1555 564 2445 3608 3742 3706 3750 3563 3426 3592 3338 2529 3560 3750 3455 3079 2504 1713 1681 308 1560 3750 2653 3654 3416 903 702 39 146 157 1173 856 1330 2369 1941 1889 3628 3149 3443 2104 3501 3159 1983 3694 3501 2062 1824 3319 3482 2939 3748 3514
3278 3229 2559 2494 2243 2431 2801 3143 1449 2757 2038 1594 3737 3547 3346 3558 3750 3750 3750 3718 3750 3750 3701 3449 2665 1628 1490 579 1246 2258 1298 3475 3750 3498 576 4 75 335 816 667 1960 2728 2687 2716 1179 2943 3738 2723 2097 1711 1897 3152 3232 1810 2254 3352 2317 2809 2338 1862
1297 2230 3501 2367 2135 2715 3215 3294 2963 2897 3288 2404 3275 1268 2025 3236 3600 3600 3594 3600 3600 3497 3389 3386 3563 2671 1293 1816 676 820 272 2921 3499 2773 1336 223 306 650 643 2203 2614 2040 1564 2196 2668 2783 2414 2526 2177 1828 2975 2677 2988 2314 2968 2800 1906 2170 663 467
