data/outputs/Figueira/2015/resolution_1/CONT_SPEC_1_15.asc
ncols         100
nrows         100
xllcorner     -8.238677953804
yllcorner      39.915521016488
cellsize       0.000134898240
NODATA_value  -9999
[rows 29 to 57 of 100, columns 0 to 64 of 100]
0.0000 0.0000 0.0000 2.5000 3.642222 2.922222 1.602222 0.962222 2.382222 5.171111 5.991111 5.973333 4.573333 1.622222 0.508888 0.0000 0.915555 0.284444 0.553333 3.857778 1.766667 1.908889 5.966667 5.475556 3.195556 2.444444 0.102222 4.813333 5.888889 5.946667 5.06000 0.062222 0.0000 0.0000 0.0000 0.0000 0.0000 0.066666 0.271111 0.0000 0.0000 0.273333 0.331111 0.808888 2.022222 2.948889 0.708888 1.575556 5.575556 6.0000 6.0000 6.0000 6.0000 6.0000 6.0000 5.826667 0.728888 0.437777 0.113333 0.613333 4.268889 4.58000 2.875556 4.78000 1.668889
0.0000 0.0000 0.008888 1.833333 6.0000 6.0000 6.0000 3.06000 0.106666 1.517778 3.884444 3.515556 0.188888 1.891111 5.802222 1.448889 2.604444 4.56000 5.357778 6.0000 3.56000 1.102222 1.92000 5.748889 6.0000 5.997778 3.331111 0.337777 2.853333 4.246667 1.493333 0.115555 0.053333 0.0000 0.0000 0.0000 0.0000 0.0000 0.0000 0.684444 2.942222 3.515556 1.815556 2.651111 4.828889 6.0000 5.893333 5.793333 5.797778 6.0000 6.0000 6.0000 6.0000 6.0000 6.0000 5.922222 4.542222 5.604444 2.604444 4.317778 1.915556 1.342222 5.213333 1.855556 0.097777
0.0000 2.551111 5.311111 4.755556 5.991111 6.0000 6.0000 5.24000 2.3000 4.037778 1.662222 5.042222 5.964444 5.213333 5.331111 5.793333 5.804444 5.742222 6.0000 6.0000 2.462222 3.724444 0.084444 5.337778 6.0000 6.0000 4.531111 0.855555 0.08000 0.173333 1.164444 0.915555 1.422222 0.34000 0.0000 0.773333 0.871111 0.0000 0.0000 0.0000 0.055555 0.744444 3.595556 3.988889 5.584444 6.0000 5.488889 5.344444 5.555556 6.0000 5.902222 5.582222 5.782222 5.815556 5.991111 6.0000 5.333333 6.0000 3.662222 1.184444 3.468889 3.837778 0.377777 0.0000 0.504444
4.06000 5.204444 5.517778 5.993333 4.971111 5.246667 4.4000 3.777778 5.015556 5.415556 5.955556 5.733333 6.0000 6.0000 4.964444 2.988889 5.775556 5.68000 5.973333 5.868889 4.055556 5.215556 0.557777 1.773333 4.268889 4.997778 5.628889 2.706667 3.188889 0.0000 0.435555 1.068889 2.455556 2.0000 1.908889 4.446667 5.786667 3.804444 1.575556 0.0000 0.0000 0.0000 0.046666 0.0000 0.573333 2.795556 5.173333 5.54000 6.0000 4.84000 3.077778 0.466666 0.077777 1.611111 4.333333 6.0000 5.56000 6.0000 4.426667 5.842222 5.982222 1.464444 0.588888 3.242222 5.9000
5.177778 4.582222 2.688889 2.606667 0.784444 1.764444 2.177778 1.237778 2.897778 5.737778 6.0000 6.0000 6.0000 5.506667 3.415556 4.58000 5.915556 4.642222 1.26000 0.842222 2.111111 2.615556 0.257777 0.151111 1.295556 5.475556 6.0000 6.0000 2.144444 0.0000 0.0000 0.624444 0.18000 0.251111 0.191111 2.291111 5.175556 2.351111 5.193333 4.911111 2.282222 0.566666 0.117777 0.0000 0.0000 0.0000 1.331111 3.52000 4.664444 0.115555 0.0000 0.0000 0.048888 0.0000 1.382222 4.895556 5.991111 6.0000 5.917778 6.0000 5.877778 2.077778 4.18000 3.062222 4.108889
3.242222 1.231111 0.402222 0.0000 0.031111 0.777777 1.753333 0.751111 0.0000 2.926667 6.0000 5.437778 6.0000 6.0000 6.0000 5.833333 2.093333 1.086667 5.226667 3.108889 4.34000 0.008888 0.388888 2.522222 0.722222 5.62000 5.377778 3.097778 0.146666 2.131111 0.837777 0.131111 0.068888 0.295555 0.273333 0.088888 1.111111 4.522222 5.997778 5.517778 5.415556 4.786667 3.491111 2.328889 0.255555 0.051111 0.0000 0.0000 0.024444 1.035556 0.688888 0.0000 0.026666 0.017777 0.002222 0.142222 1.171111 3.271111 4.722222 6.0000 2.713333 1.488889 5.98000 5.815556 3.055556
0.0000 0.0000 0.0000 0.0000 1.766667 4.566667 1.662222 0.428888 0.0000 0.806666 5.511111 4.215556 5.38000 5.946667 4.595556 1.002222 0.144444 4.002222 3.78000 4.246667 1.486667 0.813333 1.108889 3.077778 2.124444 1.568889 0.466666 0.0000 0.0000 0.282222 0.953333 0.011111 0.493333 0.22000 0.584444 1.151111 4.497778 1.066667 2.124444 4.493333 5.857778 5.611111 5.524444 6.0000 5.397778 2.624444 3.282222 0.577777 0.0000 0.0000 0.0000 0.0000 0.0000 0.0000 0.186666 0.411111 0.0000 0.291111 1.215556 5.764444 2.586667 5.855556 6.0000 5.582222 4.744444
0.011111 0.0000 0.0000 0.0000 0.702222 2.291111 3.942222 1.555556 0.362222 3.275556 5.922222 2.566667 3.228889 5.886667 5.837778 0.651111 0.548888 4.208889 3.588889 4.517778 1.504444 1.437778 0.826666 1.122222 4.151111 3.597778 0.184444 0.608888 1.671111 0.731111 0.108888 1.22000 0.928888 0.073333 0.262222 0.115555 1.071111 2.288889 0.033333 3.395556 5.82000 4.942222 5.988889 6.0000 6.0000 5.057778 4.204444 2.453333 0.0000 0.0000 0.0000 0.0000 0.0000 0.0000 0.0000 0.042222 0.766666 2.188889 1.491111 5.948889 4.922222 4.871111 6.0000 2.304444 4.144444
0.637777 0.0000 0.0000 1.475556 4.053333 4.982222 2.022222 3.808889 4.322222 3.768889 5.495556 0.377777 1.044444 1.551111 0.362222 0.0000 1.744444 5.988889 5.862222 3.184444 0.52000 2.291111 5.651111 5.108889 5.82000 4.384444 4.944444 1.375556 1.337778 4.244444 1.671111 0.0000 0.0000 1.388889 0.148888 0.033333 1.633333 1.017778 0.008888 1.691111 5.613333 5.257778 5.144444 4.622222 5.817778 6.0000 5.54000 1.622222 0.804444 0.697777 0.0000 0.0000 0.0000 0.0000 0.0000 0.388888 0.0000 0.0000 0.0000 1.226667 3.031111 2.86000 5.175556 3.962222 6.0000
1.295556 0.026666 0.5000 2.544444 5.306667 5.986667 6.0000 5.68000 5.4000 5.964444 5.835556 0.186666 0.008888 1.666667 0.888888 2.004444 4.164444 6.0000 5.982222 5.982222 4.457778 5.868889 6.0000 6.0000 5.622222 0.277777 3.177778 3.571111 1.508889 2.644444 5.071111 0.822222 1.777778 1.822222 0.013333 0.266666 0.0000 0.411111 0.006666 0.04000 2.955556 4.946667 2.526667 0.224444 1.335556 4.535556 3.453333 3.22000 3.955556 0.451111 0.0000 0.0000 0.0000 0.448888 2.055556 1.602222 2.697778 1.475556 0.853333 0.0000 0.008888 0.0000 0.08000 0.317777 2.237778
2.026667 0.966666 0.0000 0.015555 4.184444 5.675556 6.0000 6.0000 6.0000 6.0000 5.926667 3.411111 3.84000 5.395556 6.0000 6.0000 6.0000 6.0000 5.782222 4.633333 5.744444 6.0000 5.715556 3.542222 4.706667 0.135555 5.191111 5.702222 3.071111 0.124444 0.544444 0.495555 5.737778 3.273333 2.673333 0.411111 0.0000 0.226666 0.582222 0.0000 2.015556 5.942222 0.526666 0.58000 2.457778 5.882222 1.011111 4.108889 6.0000 3.92000 0.417777 0.0000 0.102222 3.726667 5.635556 3.551111 5.686667 3.393333 4.586667 2.193333 0.777777 0.248888 0.453333 0.053333 0.255555
1.24000 1.604444 1.206667 0.233333 0.54000 4.4000 5.928889 6.0000 6.0000 6.0000 6.0000 6.0000 6.0000 6.0000 5.497778 5.991111 6.0000 5.797778 2.733333 1.497778 5.633333 5.911111 4.988889 5.74000 5.251111 1.16000 5.904444 5.891111 2.064444 1.386667 2.473333 1.408889 3.92000 3.4000 4.306667 0.691111 1.357778 0.177777 0.002222 2.951111 1.995556 1.513333 0.426666 0.355555 0.462222 2.333333 3.646667 5.906667 6.0000 6.0000 5.495556 2.346667 1.833333 3.144444 2.442222 3.382222 1.584444 0.931111 3.46000 2.291111 0.886666 3.122222 4.826667 5.466667 4.511111
3.217778 5.277778 4.964444 5.448889 5.937778 5.973333 6.0000 6.0000 6.0000 6.0000 5.711111 6.0000 6.0000 6.0000 3.544444 2.106667 4.92000 5.215556 2.433333 1.466667 4.862222 4.931111 3.186667 2.668889 4.017778 2.591111 5.666667 5.26000 5.44000 5.742222 3.473333 0.628888 1.791111 2.984444 5.277778 4.628889 3.964444 1.9000 3.86000 2.4000 3.926667 0.346666 0.0000 0.0000 0.0000 2.275556 5.982222 5.991111 5.668889 3.633333 3.088889 4.511111 5.764444 6.0000 6.0000 6.0000 3.18000 1.675556 0.008888 0.666666 1.113333 4.74000 4.653333 4.162222 5.411111
5.022222 6.0000 6.0000 6.0000 5.911111 5.166667 6.0000 6.0000 6.0000 5.108889 5.991111 5.675556 6.0000 6.0000 2.864444 0.077777 0.68000 3.664444 0.971111 3.068889 2.935556 4.004444 2.086667 3.791111 3.628889 5.271111 1.624444 0.415555 2.495556 3.997778 2.44000 1.195556 1.624444 0.455555 3.728889 1.013333 1.093333 4.011111 4.055556 2.515556 0.184444 0.0000 0.006666 0.14000 0.0000 0.0000 4.393333 5.475556 3.08000 4.937778 6.0000 6.0000 6.0000 6.0000 5.72000 6.0000 5.546667 4.777778 3.824444 4.055556 4.613333 2.746667 2.946667 4.146667 4.94000
4.926667 5.875556 6.0000 5.96000 1.871111 0.162222 5.377778 6.0000 6.0000 4.1000 4.917778 4.182222 4.222222 3.52000 1.977778 1.991111 3.271111 4.342222 2.373333 3.535556 3.311111 0.931111 0.097777 0.542222 4.586667 3.586667 4.606667 0.886666 0.095555 3.033333 5.266667 4.406667 1.346667 2.308889 0.791111 0.206666 2.822222 3.011111 0.853333 0.231111 0.711111 0.015555 2.96000 0.604444 0.935555 0.684444 0.368888 1.293333 5.286667 6.0000 6.0000 6.0000 6.0000 6.0000 3.464444 4.413333 6.0000 6.0000 6.0000 6.0000 6.0000 6.0000 5.488889 3.224444 0.373333
5.433333 6.0000 5.737778 2.36000 0.006666 0.0000 4.762222 6.0000 6.0000 2.96000 0.342222 0.06000 0.531111 4.622222 5.0000 2.524444 3.644444 4.76000 4.22000 2.155556 0.737777 2.046667 1.324444 0.255555 1.331111 4.602222 3.651111 3.133333 1.531111 3.306667 2.088889 2.062222 1.268889 4.133333 3.728889 0.242222 0.648888 1.231111 0.124444 0.0000 1.826667 1.484444 1.391111 1.006667 3.14000 2.371111 3.133333 3.937778 2.973333 4.433333 5.922222 6.0000 6.0000 5.957778 1.786667 4.528889 4.368889 6.0000 6.0000 6.0000 5.351111 6.0000 6.0000 4.493333 1.806667
5.6000 5.051111 3.997778 1.82000 0.084444 0.726666 4.584444 6.0000 5.955556 4.74000 1.775556 0.044444 0.033333 2.688889 3.268889 0.76000 1.037778 1.16000 2.244444 1.128889 0.057777 1.693333 0.337777 0.984444 3.564444 4.191111 2.142222 1.271111 3.615556 2.913333 2.364444 2.62000 2.291111 2.42000 2.977778 4.173333 2.771111 0.0000 0.0000 0.0000 0.002222 1.751111 3.511111 1.2000 2.002222 3.166667 6.0000 6.0000 3.724444 1.284444 2.591111 6.0000 6.0000 3.137778 1.197778 5.317778 5.362222 5.724444 6.0000 6.0000 6.0000 5.928889 5.984444 5.875556 2.006667
5.546667 1.391111 0.22000 0.157777 1.073333 0.975555 4.088889 6.0000 5.828889 4.548889 1.375556 0.235555 0.055555 0.06000 0.235555 0.0000 0.017777 0.062222 0.131111 1.175556 0.715555 2.702222 1.644444 1.164444 1.253333 0.917777 3.84000 4.953333 5.797778 6.0000 6.0000 5.9000 3.306667 2.626667 2.744444 3.037778 1.848889 0.288888 0.993333 0.346666 1.191111 0.875555 2.015556 2.646667 1.317778 5.757778 6.0000 6.0000 6.0000 5.848889 3.642222 5.875556 6.0000 4.391111 3.588889 3.331111 2.193333 5.604444 6.0000 6.0000 5.577778 3.04000 4.86000 3.0000 4.135556
2.604444 0.648888 0.0000 3.875556 3.846667 1.355556 4.842222 6.0000 5.831111 4.771111 0.806666 0.073333 0.142222 1.371111 0.115555 0.0000 0.0000 0.157777 0.166666 1.791111 4.624444 5.357778 5.788889 2.457778 2.208889 0.0000 2.626667 6.0000 6.0000 5.966667 5.522222 2.28000 0.124444 0.406666 0.048888 2.208889 3.791111 0.333333 0.26000 1.222222 1.568889 1.055556 0.664444 1.428889 2.0000 5.626667 6.0000 5.751111 4.413333 5.813333 5.253333 6.0000 6.0000 5.64000 4.068889 4.206667 3.264444 5.122222 5.726667 6.0000 5.988889 5.966667 4.215556 5.348889 5.955556
0.924444 0.602222 0.54000 1.377778 5.693333 4.322222 5.357778 5.9000 3.122222 2.342222 4.193333 1.191111 0.38000 0.348888 0.031111 0.0000 1.722222 4.182222 1.048889 3.908889 6.0000 4.666667 2.855556 4.155556 5.348889 2.911111 3.282222 4.957778 2.78000 2.882222 4.731111 2.964444 0.14000 0.962222 1.135556 0.0000 0.42000 0.0000 1.235556 2.104444 0.0000 0.184444 1.184444 3.735556 4.955556 6.0000 6.0000 6.0000 3.173333 3.286667 5.728889 3.448889 1.948889 3.108889 5.806667 5.946667 5.802222 5.035556 5.853333 6.0000 5.946667 6.0000 5.117778 0.344444 1.415556
2.062222 2.866667 0.368888 0.008888 2.251111 3.097778 4.715556 1.5000 0.586666 0.771111 1.855556 1.666667 0.371111 2.911111 3.2000 2.02000 4.844444 5.64000 5.515556 5.951111 5.873333 0.762222 0.028888 0.0000 0.391111 0.422222 1.875556 2.382222 0.471111 0.0000 0.0000 0.0000 0.082222 0.468888 0.0000 0.0000 0.031111 0.0000 1.064444 4.128889 1.284444 1.248889 3.904444 1.713333 1.546667 3.895556 5.164444 4.895556 2.304444 0.026666 1.906667 0.353333 0.066666 0.0000 0.897777 5.151111 6.0000 2.417778 4.928889 6.0000 6.0000 6.0000 3.724444 1.98000 1.095556
3.566667 1.664444 3.875556 0.257777 0.226666 1.491111 2.888889 2.442222 0.133333 1.1000 4.186667 4.273333 4.093333 5.991111 5.875556 5.997778 6.0000 6.0000 5.004444 6.0000 6.0000 5.56000 0.202222 0.0000 0.475555 0.0000 0.022222 0.246666 0.093333 0.0000 0.164444 0.093333 0.0000 0.726666 0.026666 0.4000 1.04000 0.348888 0.0000 2.322222 1.051111 1.411111 3.388889 4.624444 1.031111 3.584444 1.737778 0.686666 0.106666 0.404444 0.24000 0.08000 0.257777 0.771111 5.468889 5.677778 5.655556 5.84000 5.984444 5.626667 3.124444 2.422222 1.533333 0.0000 0.0000
3.213333 2.382222 2.471111 1.5000 3.897778 5.424444 1.9000 1.451111 4.526667 3.804444 5.097778 5.104444 5.148889 6.0000 5.902222 5.991111 5.853333 5.982222 4.266667 3.7000 2.295556 5.271111 0.153333 0.591111 0.737777 0.242222 0.884444 0.0000 0.0000 1.32000 1.915556 0.224444 0.0000 2.686667 0.255555 0.551111 0.651111 0.937777 2.966667 0.686666 1.284444 1.222222 0.035555 0.708888 1.184444 0.037777 0.017777 0.026666 0.044444 0.04000 0.286666 0.16000 2.32000 0.004444 3.237778 5.542222 3.357778 0.397777 1.153333 0.384444 0.568888 3.828889 4.78000 1.128889 3.097778
0.011111 0.053333 2.015556 1.868889 2.411111 2.966667 3.886667 4.568889 5.895556 5.991111 5.926667 1.755556 3.853333 4.451111 3.862222 5.751111 6.0000 4.328889 3.966667 2.395556 0.257777 0.573333 0.488888 0.562222 1.437778 0.6000 0.291111 0.0000 0.137777 1.282222 1.117778 0.697777 0.0000 2.313333 0.615555 0.226666 0.04000 0.0000 0.22000 1.533333 0.0000 0.0000 0.0000 0.04000 0.08000 0.0000 1.46000 0.333333 0.404444 0.0000 0.0000 0.004444 0.0000 0.0000 1.224444 5.991111 5.975556 3.877778 0.646666 0.0000 0.613333 0.608888 3.328889 1.024444 3.182222
0.0000 0.044444 0.006666 0.055555 1.22000 1.277778 0.52000 1.348889 1.142222 1.962222 2.835556 1.322222 0.031111 2.022222 5.342222 5.424444 2.762222 0.993333 0.933333 0.384444 1.331111 0.286666 0.013333 0.057777 0.044444 0.837777 1.095556 0.622222 2.008889 2.597778 0.54000 0.033333 0.995555 2.755556 0.033333 0.0000 0.0000 0.0000 0.011111 0.004444 0.217777 0.0000 0.0000 0.275555 0.0000 0.0000 0.728888 1.077778 0.371111 0.0000 0.0000 0.106666 0.0000 0.0000 0.115555 1.726667 1.406667 0.884444 0.0000 0.0000 0.335555 0.291111 1.631111 0.028888 0.395555
1.453333 1.871111 0.0000 0.0000 0.035555 0.057777 0.0000 0.797777 0.751111 0.477777 0.408888 3.313333 2.653333 1.388889 0.446666 0.966666 1.026667 0.215555 1.126667 1.453333 1.015556 1.6000 0.0000 0.457777 0.326666 4.164444 2.811111 3.822222 6.0000 4.237778 0.086666 0.306666 0.066666 0.033333 3.057778 0.713333 0.0000 0.64000 0.042222 0.211111 3.46000 0.208888 0.733333 0.008888 0.0000 0.0000 0.0000 0.133333 1.355556 1.355556 1.148889 2.126667 0.266666 0.411111 0.651111 0.148888 0.015555 0.0000 2.135556 1.226667 0.0000 0.211111 3.297778 2.142222 3.288889
5.144444 2.511111 0.14000 0.148888 1.804444 0.691111 0.542222 0.586666 3.404444 3.746667 1.042222 1.953333 1.117778 0.0000 0.08000 2.293333 3.082222 2.388889 1.631111 3.2000 3.408889 5.551111 0.642222 5.008889 5.542222 3.842222 3.211111 5.991111 5.837778 2.94000 2.133333 4.46000 5.131111 2.964444 4.837778 4.302222 3.411111 2.264444 1.071111 1.251111 2.817778 1.937778 0.0000 0.0000 0.0000 0.588888 1.82000 1.806667 1.982222 4.431111 3.613333 1.271111 1.773333 0.52000 0.0000 1.242222 0.264444 0.0000 2.286667 2.16000 0.0000 0.182222 0.671111 1.922222 6.0000
5.26000 2.304444 0.0000 0.0000 0.042222 0.191111 2.28000 3.686667 5.264444 2.535556 5.342222 5.722222 4.851111 0.968888 0.235555 0.248888 3.742222 5.622222 5.626667 5.982222 6.0000 6.0000 4.304444 5.906667 5.555556 4.675556 5.648889 5.893333 5.946667 6.0000 5.3000 4.4000 5.386667 3.731111 2.908889 5.366667 6.0000 6.0000 4.142222 0.995555 0.0000 0.657777 1.677778 0.324444 2.002222 3.413333 0.451111 4.208889 3.393333 1.453333 2.775556 0.1000 2.048889 3.113333 2.835556 3.191111 4.251111 3.173333 1.837778 2.553333 0.0000 0.117777 0.975555 0.06000 3.708889
0.966666 1.171111 0.008888 0.0000 1.373333 1.54000 2.966667 3.524444 2.064444 5.88000 6.0000 6.0000 5.688889 2.046667 3.04000 3.802222 1.955556 3.991111 6.0000 6.0000 6.0000 6.0000 6.0000 6.0000 6.0000 6.0000 6.0000 6.0000 6.0000 6.0000 6.0000 6.0000 5.991111 5.868889 4.984444 5.964444 5.84000 5.928889 3.622222 0.162222 0.137777 4.551111 2.411111 0.582222 1.442222 2.6000 0.726666 3.108889 4.791111 4.204444 3.135556 0.317777 0.76000 1.48000 5.937778 5.346667 5.282222 5.751111 4.3000 1.482222 0.008888 0.137777 0.275555 0.0000 0.0000
