data/outputs/Figueira/2015/resolution_1/CONT_TOTAL_1_5.asc
ncols         300
nrows         300
xllcorner     -8.238677953804
yllcorner      39.915521016488
cellsize       0.000044966080
NODATA_value  -9999
[rows 53 to 105 of 300, columns 96 to 191 of 300]
82 150 150 150 150 150 150 150 150 150 150 150 150 150 150 150 150 150 150 150 150 150 119 2 0 0 0 0 0 0 0 0 0 0 0 0 0 0 0 0 0 0 0 0 0 0 0 0 0 0 107 150 150 139 91 17 0 0 18 123 54 15 131 98 0 2 0 0 0 10 6 30 26 0 0 0 0 3 21 49 74 101 102 10 0 0 0 0 0 0 0 0 0 0 0 0
140 150 150 150 150 150 150 150 150 150 150 150 150 150 150 150 150 150 150 150 150 150 148 73 26 53 0 0 0 27 19 0 0 0 0 0 0 0 0 0 0 0 0 0 0 0 0 0 0 0 74 84 65 142 139 6 0 0 120 81 3 0 59 39 1 0 0 0 0 0 18 21 0 0 0 0 0 0 0 0 0 0 0 0 0 0 0 0 0 0 0 0 0 0 0 0
150 150 150 150 150 150 150 150 150 150 150 150 150 150 150 150 150 150 150 150 150 150 150 97 22 1 0 0 0 64 120 47 0 0 0 0 0 0 0 0 0 0 0 0 0 0 0 0 0 0 0 2 30 150 148 59 8 0 103 18 3 0 0 0 0 0 0 0 0 0 0 0 0 0 16 23 0 0 0 0 0 0 0 0 0 0 0 0 0 0 0 0 4 83 51 0
150 150 150 150 150 150 150 150 150 150 150 150 150 150 150 150 150 150 150 150 150 150 140 129 89 13 2 10 26 25 109 42 0 0 0 0 0 0 0 0 2 0 0 0 0 0 0 0 0 0 0 0 3 56 51 6 22 1 3 2 0 0 0 0 0 3 9 23 0 0 0 0 4 12 55 3 0 0 0 0 0 3 2 1 0 0 0 0 0 0 0 43 107 142 106 81
87 148 150 150 150 150 150 150 150 150 150 150 150 150 150 150 150 150 150 150 150 150 149 150 150 146 61 77 21 60 29 0 2 0 0 0 0 2 3 3 0 0 0 0 0 0 0 0 0 0 0 0 0 20 139 65 73 4 4 9 11 11 10 0 0 57 147 134 13 0 0 0 17 3 0 0 0 0 0 0 14 0 3 3 0 0 0 0 0 0 0 40 148 149 72 130
27 132 150 150 150 150 150 150 150 150 150 150 150 150 150 150 150 150 150 150 150 150 134 85 91 66 58 138 146 145 25 0 0 0 0 0 0 3 3 0 0 0 0 0 0 0 0 0 0 0 0 0 0 3 77 101 132 79 0 14 100 20 2 0 0 55 150 149 51 1 0 0 0 0 0 0 0 0 0 0 22 2 20 11 0 0 0 0 0 0 3 64 140 150 150 150
43 115 150 150 150 150 150 150 150 150 150 150 150 150 150 150 150 150 150 150 150 145 29 0 0 12 98 148 150 119 31 0 0 0 2 6 0 0 0 0 0 0 0 0 0 0 0 0 0 0 0 0 10 81 16 31 128 139 73 72 36 35 1 2 13 48 150 150 76 2 0 0 0 0 0 0 0 0 0 0 32 0 0 0 0 0 0 0 0 0 61 150 150 150 150 150
24 45 114 139 150 150 150 150 150 150 150 127 138 150 150 150 150 150 150 150 148 75 0 0 0 25 56 59 40 2 1 0 0 0 0 12 0 6 0 0 0 0 0 0 0 0 0 0 0 0 0 0 0 0 21 135 150 150 150 150 140 146 95 69 24 8 105 104 136 66 0 0 0 0 0 0 0 0 10 6 13 0 0 0 0 0 0 0 0 0 81 128 88 124 150 150
25 6 17 42 90 139 150 150 150 150 133 16 41 71 150 117 52 78 93 94 32 0 0 0 0 2 7 0 0 30 15 0 0 0 22 67 0 1 0 0 0 0 0 0 0 0 0 0 0 0 0 0 0 0 0 36 126 146 150 150 150 150 150 150 91 32 2 69 149 53 19 0 0 32 54 60 44 78 69 0 0 0 0 0 0 0 0 0 0 0 11 33 20 112 73 92
1 12 35 30 5 83 150 150 139 139 131 34 1 7 49 84 91 76 5 0 0 0 0 0 0 0 13 27 11 15 34 0 36 49 12 0 0 0 0 0 0 0 0 0 0 0 0 0 0 0 0 0 0 0 0 0 0 10 110 150 150 150 150 150 120 25 17 146 150 150 150 141 126 148 150 150 150 150 50 0 0 0 0 0 0 0 0 0 0 77 45 116 104 70 0 41
0 23 4 35 26 26 113 148 37 58 97 14 0 0 57 90 145 148 75 36 0 11 61 2 5 64 56 134 127 6 31 120 150 150 110 0 0 0 0 0 0 0 0 0 0 0 0 0 0 0 0 0 0 0 0 0 0 0 112 150 150 150 150 150 150 148 124 117 150 150 150 150 150 150 150 150 150 148 106 103 20 0 0 0 0 0 0 0 41 150 150 150 131 105 132 150
1 3 0 0 30 3 8 73 80 87 9 49 126 32 28 33 19 16 0 0 0 2 103 119 27 150 150 150 150 133 144 150 150 150 145 16 0 0 0 0 0 0 0 0 0 0 0 0 0 0 0 0 0 0 0 0 0 0 11 108 150 150 140 150 138 148 130 28 112 150 150 150 150 150 150 150 150 150 150 124 4 0 0 0 0 0 0 0 97 150 150 150 150 150 150 150
0 0 0 0 0 39 0 0 4 11 0 22 64 18 0 2 0 0 0 0 0 0 0 30 135 107 149 150 150 150 150 150 150 150 150 63 0 0 0 0 0 0 0 0 0 0 0 0 0 0 0 0 0 0 0 0 0 0 0 12 44 49 90 150 144 43 147 144 90 72 69 121 132 150 150 150 150 150 150 95 0 0 0 0 0 0 0 0 115 150 150 150 150 150 150 150
0 0 0 0 7 27 1 0 0 1 0 0 0 0 0 0 0 0 0 0 0 0 0 0 8 4 77 98 108 141 150 150 150 150 84 0 0 0 0 0 0 0 0 0 0 0 0 0 0 0 0 0 0 0 0 0 0 0 0 0 0 0 3 117 147 19 79 137 28 0 13 100 139 150 150 150 150 150 150 112 12 16 32 0 0 0 0 0 122 150 150 150 150 150 150 150
0 0 0 0 1 35 0 16 6 0 0 0 0 0 0 0 0 0 0 0 0 0 0 0 0 0 7 129 133 147 150 150 150 150 73 0 0 0 0 0 0 0 0 0 0 0 0 0 0 0 0 0 0 0 0 0 0 0 0 0 0 0 0 91 149 44 16 33 0 0 0 18 133 150 150 150 150 150 150 150 144 146 148 127 78 43 3 30 147 150 147 150 150 150 150 150
0 0 0 0 0 0 1 33 16 0 0 0 0 0 0 0 0 0 0 0 0 0 0 0 0 0 0 88 150 150 150 150 150 150 147 51 0 0 0 0 0 0 0 0 0 0 0 0 0 0 0 0 0 0 0 0 0 0 0 0 0 0 0 19 19 18 135 106 54 4 0 0 77 150 150 150 150 150 150 150 150 150 150 150 150 150 63 71 150 139 132 150 150 150 150 150
0 0 0 0 0 0 0 0 0 0 14 0 0 0 0 0 0 0 0 0 0 0 0 0 25 97 59 98 150 150 150 150 150 150 150 118 0 0 0 0 0 0 0 0 0 0 0 0 0 0 0 0 0 0 0 0 0 0 0 0 0 0 25 2 0 0 80 146 119 109 34 42 90 150 150 150 150 150 150 150 150 150 150 150 150 146 11 31 146 150 150 150 150 150 150 150
0 0 0 0 0 0 0 0 0 0 14 6 0 0 0 0 0 0 0 0 0 0 0 0 90 150 150 150 150 150 150 150 150 150 150 138 0 0 6 0 0 0 0 0 0 0 0 0 0 0 0 10 0 0 0 0 0 0 0 0 0 0 0 0 0 0 0 76 140 150 150 150 150 150 150 150 150 150 150 150 150 150 150 150 115 57 3 30 150 150 150 150 150 150 150 150
0 4 30 0 32 81 34 0 0 0 0 0 0 0 0 0 0 0 0 0 0 0 0 0 52 139 146 150 150 150 150 150 145 146 150 142 86 3 0 0 0 0 0 0 0 0 0 7 53 15 0 0 0 0 0 0 0 0 0 0 0 0 0 0 0 0 0 4 114 150 150 150 150 150 150 150 150 150 150 150 150 150 150 150 150 130 0 71 150 150 150 150 150 150 150 150
6 103 59 0 89 146 26 0 0 0 0 0 0 0 0 0 0 0 0 0 0 0 0 0 0 0 75 150 150 150 150 150 51 45 150 150 150 65 0 0 0 0 0 0 0 43 107 17 52 18 0 0 0 0 0 1 6 0 0 0 0 0 0 0 0 0 0 0 13 123 150 150 150 150 150 150 150 150 150 150 150 150 150 150 150 92 0 139 150 150 150 150 150 150 150 150
0 0 0 33 78 130 116 0 0 0 0 0 0 0 0 0 0 0 0 0 0 0 0 0 0 62 150 150 150 150 150 150 108 74 118 145 150 148 95 17 2 0 0 47 101 89 26 1 0 0 0 0 0 0 0 0 8 0 0 0 0 0 0 0 0 0 0 0 0 18 124 150 150 150 150 150 150 150 150 150 150 150 150 150 150 100 0 131 150 150 150 150 150 150 150 150
37 81 132 148 150 102 12 0 0 0 0 0 0 0 0 0 0 7 15 0 0 0 41 53 8 14 26 143 149 140 150 147 74 5 0 14 113 150 150 136 141 128 123 83 50 37 5 2 0 0 0 0 53 2 0 0 0 0 0 0 0 0 0 0 0 0 0 0 0 0 27 145 150 150 150 150 150 150 150 150 150 150 150 150 148 75 0 75 148 150 150 150 150 150 150 150
32 105 132 139 41 3 5 16 0 0 0 0 0 0 0 29 82 137 148 115 0 70 108 63 0 0 0 62 127 46 85 104 126 76 55 5 144 150 150 150 150 148 122 83 13 2 0 2 2 4 36 41 0 0 0 0 0 0 0 0 0 0 0 0 0 0 0 0 36 77 21 86 150 150 150 150 150 150 150 150 150 150 150 131 22 39 32 0 95 150 150 150 150 150 150 150
5 66 130 131 62 87 38 62 0 0 0 0 0 0 32 144 150 150 150 142 2 19 3 0 67 28 0 23 34 88 150 133 128 150 148 112 150 139 120 150 150 150 150 150 144 132 11 25 73 7 0 0 0 0 0 0 0 0 0 0 0 0 0 0 0 2 0 5 136 150 150 131 75 128 150 150 150 150 150 150 150 130 150 141 80 113 7 3 60 150 150 150 150 150 150 150
5 20 74 102 120 135 51 91 0 0 0 5 0 0 0 24 122 135 139 97 0 0 0 0 18 89 126 88 96 126 150 119 112 150 150 150 150 34 3 143 150 150 150 150 150 148 20 0 0 0 0 0 0 0 0 0 0 0 0 0 2 23 11 4 0 3 23 24 113 101 61 33 2 32 145 150 150 150 148 108 64 122 150 150 139 134 28 64 3 141 150 150 150 150 150 150
13 65 29 16 0 15 18 19 0 0 0 0 0 0 0 0 3 3 12 0 0 0 0 0 1 64 148 119 119 138 150 150 150 150 150 150 150 97 103 150 150 150 150 150 150 139 26 0 0 0 19 15 0 0 0 0 22 47 65 103 58 85 31 88 126 142 117 36 1 30 7 13 70 119 77 96 114 91 63 70 9 72 60 85 129 150 128 148 124 148 150 150 150 150 150 150
20 21 2 57 41 20 24 1 0 0 0 0 6 0 0 0 0 1 1 0 0 0 0 7 73 140 150 148 87 139 150 150 150 150 150 150 150 150 150 150 150 150 150 149 96 32 0 0 0 87 150 148 74 0 57 91 132 138 150 150 150 150 146 135 125 131 45 6 4 51 90 137 150 150 148 82 0 0 37 20 0 0 0 0 3 72 148 150 128 54 101 150 150 150 150 148
145 98 19 7 0 3 2 14 0 0 0 12 104 3 5 0 0 0 0 0 0 20 3 6 81 150 150 150 150 150 150 150 150 150 150 150 150 150 150 150 150 150 133 92 131 37 14 0 24 150 150 150 146 74 146 150 150 150 150 150 150 150 150 150 132 125 118 111 123 150 150 150 150 150 130 39 0 0 0 0 0 0 7 47 102 108 138 150 27 0 59 150 150 150 150 146
138 83 22 81 7 0 0 15 0 0 0 8 44 20 20 7 16 19 2 10 18 3 57 117 76 148 150 150 150 150 150 150 150 150 150 150 150 150 148 137 95 87 96 21 70 15 127 86 51 150 150 150 150 150 150 150 150 150 99 126 142 150 150 148 140 150 150 150 150 150 150 150 150 107 8 0 0 0 10 14 47 51 105 133 29 32 96 128 4 0 13 148 150 150 148 148
15 8 25 58 73 61 0 0 0 0 0 62 75 31 2 122 135 72 71 132 148 71 143 149 99 148 150 150 150 150 150 138 150 148 99 69 60 97 45 8 0 3 2 2 0 16 136 106 46 146 150 150 150 150 150 150 150 146 82 63 127 91 150 150 150 150 150 150 150 150 150 145 65 56 36 0 0 0 14 10 0 22 50 46 50 30 70 32 0 0 0 112 150 150 141 141
0 0 0 0 8 17 5 35 1 0 0 116 70 4 1 64 130 136 150 149 142 137 150 150 150 150 150 150 150 150 150 150 95 36 1 1 0 0 0 0 22 7 0 4 1 1 2 72 141 150 150 150 150 150 150 150 150 150 150 150 150 146 150 150 150 150 150 150 150 150 124 23 88 150 148 41 0 0 0 36 5 0 2 0 0 16 24 0 0 0 0 27 148 150 150 150
0 0 0 0 0 2 2 28 2 0 2 101 150 127 125 84 146 148 140 150 149 131 140 148 150 150 150 150 150 90 50 24 0 0 0 0 0 0 0 0 2 2 0 0 0 0 0 139 150 150 150 150 150 150 150 150 150 150 150 150 150 150 150 150 150 150 150 150 150 150 148 146 150 150 143 26 0 0 0 0 0 0 0 2 0 0 0 0 0 0 0 0 102 150 150 150
0 0 0 0 0 0 0 0 0 0 0 18 91 42 121 117 84 120 150 150 150 150 140 116 144 129 49 25 36 0 0 0 0 0 0 0 0 0 0 0 0 0 0 0 0 0 5 142 150 150 150 150 150 150 150 150 150 150 150 150 150 150 150 150 150 150 150 150 150 150 150 150 150 127 22 0 0 0 0 0 0 0 14 53 10 0 0 0 0 38 86 124 110 150 150 150
0 0 0 0 0 0 0 0 0 0 0 0 19 8 12 20 0 0 68 146 150 110 91 28 11 0 0 0 0 0 0 0 0 0 0 0 0 0 0 0 0 0 0 0 0 0 0 114 150 150 150 150 150 150 150 150 150 150 150 150 150 150 150 150 150 150 150 150 150 150 150 140 76 39 17 0 0 0 0 0 0 0 0 71 15 0 20 72 107 146 150 150 150 150 150 150
0 0 0 0 0 0 0 0 0 0 0 0 0 0 0 2 9 0 0 34 27 0 0 0 0 0 0 0 0 0 0 0 0 0 0 0 0 0 0 0 0 0 0 0 0 0 0 59 148 150 150 150 150 150 150 150 150 150 150 150 150 150 150 150 150 150 150 150 150 150 150 148 107 37 0 0 0 0 0 0 0 0 0 0 0 77 147 150 150 150 150 150 123 104 150 150
0 0 0 0 0 0 0 0 0 0 0 0 0 0 0 1 4 0 0 0 1 0 0 0 0 0 0 0 0 0 0 0 0 0 0 0 19 3 37 80 80 54 4 0 0 0 0 0 63 150 150 150 150 150 150 150 150 150 150 150 150 150 150 150 150 150 150 150 150 150 150 148 13 0 0 0 0 0 0 0 0 0 0 3 13 133 150 150 150 134 84 25 8 40 150 128
0 0 0 0 0 0 0 0 0 0 0 0 0 0 0 0 0 0 0 0 0 0 0 0 0 0 0 7 36 20 75 0 0 32 49 102 114 134 148 150 150 150 77 4 76 60 98 139 144 150 150 150 150 150 150 150 150 150 150 150 150 150 150 150 150 150 150 150 150 150 150 116 0 0 8 86 13 0 7 19 0 0 9 126 146 150 147 113 35 0 15 31 63 124 150 80
0 0 0 0 0 0 0 0 0 0 0 0 0 0 0 0 0 0 0 0 0 0 2 26 44 124 13 7 111 123 52 30 16 86 54 108 86 82 148 150 150 150 148 128 150 150 150 150 150 150 150 150 150 150 150 150 150 150 150 150 150 150 150 150 150 150 150 150 150 150 150 133 80 60 110 150 144 126 104 14 8 79 100 150 150 126 44 0 0 6 131 150 150 150 128 44
0 0 0 0 0 0 0 0 0 0 0 0 0 0 0 0 0 0 0 0 0 2 11 104 148 139 111 9 123 129 68 43 70 86 45 142 150 115 149 150 150 150 150 150 150 150 150 150 150 150 150 150 150 150 150 150 150 150 150 150 150 150 150 150 150 150 150 150 150 150 150 150 150 150 150 148 140 150 104 7 65 150 150 141 107 0 0 0 0 63 150 150 138 89 8 0
12 0 0 0 0 0 0 0 0 0 0 0 0 0 0 0 0 0 0 0 0 0 0 11 31 14 39 53 115 122 111 16 3 14 55 8 71 138 150 150 150 150 150 150 150 150 150 104 105 150 150 150 150 150 150 150 150 150 150 150 150 150 150 150 150 150 150 150 150 150 150 150 150 98 74 150 105 148 97 45 145 145 59 0 6 0 0 3 82 150 150 128 28 0 0 0
86 0 0 0 0 0 0 0 0 0 0 0 0 0 0 0 0 0 0 0 0 0 0 0 0 0 13 2 14 134 149 47 134 137 147 86 108 150 150 150 150 150 150 150 150 150 150 148 150 150 150 150 150 150 150 128 150 150 150 150 150 150 150 150 150 150 150 150 150 150 150 150 150 102 53 150 150 150 150 150 138 28 0 0 0 0 8 115 150 148 82 4 0 0 0 0
18 0 0 0 0 0 0 0 0 0 0 7 3 0 0 0 0 0 0 0 0 0 0 0 0 0 0 2 4 14 43 87 143 133 150 150 150 150 150 150 150 150 150 150 150 150 150 115 77 128 150 150 150 150 150 150 150 150 150 150 150 150 150 150 150 150 150 150 150 150 150 150 150 150 146 150 150 150 150 110 17 0 0 16 67 114 142 150 110 56 0 0 0 0 0 0
66 130 21 0 48 29 0 0 0 0 32 136 135 58 0 0 0 0 0 0 0 0 0 0 0 0 0 0 0 0 27 106 76 2 25 71 101 148 150 150 150 150 149 82 105 140 103 98 146 150 150 150 150 150 150 150 150 136 92 128 140 144 117 109 150 150 148 150 150 150 150 150 150 150 150 150 150 150 103 7 0 12 67 145 150 150 150 133 3 0 0 0 0 0 0 0
0 29 141 121 15 10 1 0 0 0 107 150 138 150 115 54 6 34 8 0 0 0 0 0 0 0 0 0 0 0 0 0 11 0 0 0 1 26 59 125 150 150 150 141 150 105 93 150 150 150 150 150 150 150 150 150 124 27 60 18 0 7 11 76 134 133 54 132 150 150 150 150 150 150 150 150 150 150 103 27 3 115 150 150 150 150 150 85 0 0 0 0 0 0 0 48
0 12 135 101 37 3 11 84 72 32 122 150 150 150 150 150 118 83 120 39 4 0 0 0 0 0 0 0 0 0 0 0 0 0 0 0 0 39 5 9 29 94 129 148 139 150 150 150 150 150 150 150 150 150 131 112 18 0 0 0 0 0 0 0 9 5 24 124 150 150 150 150 150 137 144 150 150 150 150 147 117 150 150 150 150 150 148 30 5 7 0 2 0 8 88 150
10 134 94 2 103 60 7 107 150 146 144 150 150 150 150 150 114 148 108 56 21 0 0 0 0 0 0 0 0 0 0 0 0 0 0 0 0 0 0 0 4 71 49 121 139 150 150 150 150 150 150 110 32 48 8 0 0 0 0 0 0 0 0 0 2 6 45 148 150 150 150 150 150 125 96 150 150 150 150 150 150 150 150 150 150 150 148 59 42 103 77 2 52 137 150 150
0 21 10 27 0 0 0 0 41 110 101 110 150 150 140 150 113 100 66 137 133 111 84 16 0 1 14 0 0 0 0 0 0 0 0 0 0 0 0 0 0 0 21 101 150 149 118 150 150 150 147 26 0 0 0 0 0 0 0 0 0 0 0 0 0 0 69 121 113 150 150 150 150 150 150 150 150 150 150 150 150 150 150 150 150 150 150 150 130 53 16 115 136 91 143 111
0 0 10 30 0 0 0 0 0 3 49 135 150 136 133 105 17 0 100 150 150 150 150 145 115 45 0 5 0 0 0 0 0 0 0 0 0 0 0 0 0 0 0 0 29 87 117 148 140 148 85 0 0 0 0 0 0 0 0 0 0 6 5 0 0 0 0 2 7 116 148 150 150 150 150 150 150 150 150 150 150 150 150 150 150 150 150 114 12 0 72 150 90 6 91 5
0 0 0 0 0 0 0 0 2 0 0 8 83 130 93 36 5 5 134 150 150 150 150 150 150 104 85 86 37 0 0 10 17 0 0 0 0 0 0 0 0 0 0 0 0 0 10 15 59 80 92 0 0 0 0 0 0 0 0 0 0 0 0 0 0 0 0 0 1 73 65 101 148 150 150 150 150 150 150 150 132 150 150 150 150 150 123 8 0 2 141 150 73 81 144 19
0 0 0 0 0 0 0 0 0 1 18 1 3 43 133 143 102 123 150 150 150 150 150 150 150 150 150 150 127 3 2 31 5 36 8 0 0 0 0 0 0 0 0 0 0 0 0 0 0 0 6 21 77 38 3 0 0 0 0 0 0 0 2 0 0 0 0 0 1 3 13 14 69 56 113 139 150 150 150 150 128 150 150 150 150 139 17 0 0 30 150 150 146 146 148 115
0 0 0 0 0 0 32 0 0 0 0 0 0 0 13 109 150 150 150 150 150 150 150 141 96 150 150 150 121 78 67 111 122 82 32 0 0 2 12 0 0 0 0 0 0 0 0 0 0 0 0 0 26 72 78 69 6 0 0 0 0 0 4 1 0 3 0 0 0 0 3 0 24 1 0 14 69 109 98 146 150 150 150 150 150 78 0 0 0 72 150 150 150 150 150 150
0 5 11 45 20 3 30 0 0 0 0 0 0 22 38 3 89 150 150 150 150 150 141 61 73 150 150 150 150 150 150 150 150 150 147 70 25 6 15 10 2 0 0 0 0 0 0 0 0 0 0 0 0 0 0 0 0 0 0 0 0 0 0 0 0 0 0 0 0 0 0 0 2 0 0 0 36 69 0 92 150 150 150 150 66 12 0 7 86 141 150 150 150 150 150 150
1 33 77 14 27 9 0 19 7 0 0 0 20 98 141 11 7 77 68 121 150 150 86 88 140 150 150 150 150 142 100 150 150 150 150 150 150 128 64 35 13 67 28 38 85 11 0 0 0 0 0 0 0 0 0 0 0 0 0 0 0 0 0 0 0 0 0 3 0 0 4 2 0 0 0 0 14 10 0 0 95 150 150 150 76 0 47 118 150 150 150 150 150 150 150 150
