data/outputs/Figueira/2015/resolution_1/CONT_NORM_1_55.asc
ncols         27
nrows         27
xllcorner     -8.238677953804
yllcorner      39.915521016488
cellsize       0.000494626880
NODATA_value  -9999
46 83 45 86 64 60 26 2 4 56 24 74 35 25 90 72 67 42 51 13 2 55 66 64 21 73 24
67 48 61 34 58 69 27 14 6 15 6 24 26 73 97 96 50 62 70 56 40 21 37 41 52 70 90
54 5 55 25 14 66 43 7 5 25 13 24 30 81 97 65 79 97 99 74 73 51 83 99 84 41 25
52 10 32 17 65 64 44 54 45 15 71 45 42 91 99 63 52 61 100 79 95 63 58 98 83 16 2
40 33 19 34 43 35 62 88 54 80 88 19 0 38 26 34 35 51 92 98 88 98 63 59 55 70 37
68 36 2 31 38 10 69 66 26 45 33 50 0 9 54 55 26 88 67 78 94 77 29 14 16 26 27
84 68 28 55 8 17 29 29 27 14 14 78 48 8 17 81 74 94 49 88 92 40 1 1 1 28 72
9 47 77 61 6 19 39 46 23 8 37 44 32 94 97 45 31 60 51 76 63 23 7 9 2 15 85
54 73 62 83 82 63 52 52 14 25 30 21 63 71 54 92 60 50 100 72 38 51 53 32 68 84 84
7 33 45 73 42 45 45 26 13 9 51 88 53 4 0 16 70 79 71 82 68 69 84 35 69 95 98
19 80 97 59 83 80 73 61 39 31 12 34 53 55 34 42 23 43 46 42 60 67 84 85 87 88 97
90 67 84 69 47 45 42 48 43 37 34 15 38 79 91 82 78 64 91 77 75 71 53 49 43 65 49
36 53 72 11 10 40 40 65 60 37 8 26 80 76 78 82 94 63 64 80 82 90 97 57 62 100 53
34 47 42 65 84 72 8 15 8 8 25 25 36 14 20 74 64 37 72 88 92 78 88 46 72 94 59
15 21 40 30 41 31 25 48 26 29 11 10 9 20 9 23 11 52 97 94 43 39 80 92 100 69 40
18 15 63 71 43 98 94 90 92 70 37 37 53 38 37 80 30 17 57 82 38 31 24 86 87 81 38
14 35 13 44 41 77 64 15 65 75 26 37 21 24 28 80 84 37 90 79 55 88 67 51 94 55 42
11 66 45 46 27 45 19 47 55 22 50 69 24 88 29 60 50 52 78 82 62 53 96 61 98 89 37
13 61 35 39 61 56 44 80 83 52 95 72 38 30 20 38 64 84 95 69 89 85 73 91 99 87 90
36 46 37 33 55 70 63 16 32 71 83 100 37 30 51 55 46 62 26 25 76 96 80 79 60 85 60
87 43 34 15 39 55 3 4 56 53 76 85 16 30 35 95 88 30 27 30 66 73 85 85 73 90 83
74 35 9 13 35 30 20 28 73 36 73 40 31 37 8 57 79 45 56 66 50 82 51 29 84 79 90
34 42 78 88 81 97 57 65 66 18 64 47 10 0 27 25 90 95 57 75 82 35 40 34 57 91 88
22 78 85 41 21 55 88 37 71 58 21 73 14 30 36 70 91 99 60 92 94 73 58 76 96 100 99
55 52 44 75 56 53 81 59 71 61 45 41 81 43 43 42 32 58 58 43 57 77 96 76 68 99 96
89 68 80 56 65 92 89 85 68 92 82 55 27 75 43 13 15 39 51 60 82 78 90 90 84 95 92
71 68 72 75 68 76 73 97 98 98 91 61 29 39 87 48 4 21 55 59 67 74 56 75 61 69 54
