data/outputs/Figueira/2015/resolution_1/CONT_TOTAL_1_15.asc
ncols         100
nrows         100
xllcorner     -8.238677953804
yllcorner      39.915521016488
cellsize       0.000134898240
NODATA_value  -9999
[rows 0 to 40 of 100, columns 0 to 92 of 100]
833 78 487 1260 1236 1062 899 161 7 102 139 73 187 541 624 175 280 927 1054 735 866 497 43 393 101 144 0 0 0 0 0 0 0 832 734 559 264 309 324 28 96 298 972 1260 1260 1183 514 63 245 410 1032 1203 1090 1215 964 1098 1245 1222 787 305 44 874 748 576 430 480 402 1169 1244 1256 555 0 0 0 0 0 0 273 408 1125 1233 770 1134 1202 1165 446 3 3 14 103 200 1103 1153
885 491 437 1262 1350 1333 1044 548 10 274 1189 1302 1350 1313 791 922 473 1052 1350 1323 1086 72 33 44 107 41 0 0 0 0 0 0 16 1187 1350 1170 67 706 935 149 0 389 1336 1350 1350 1013 0 0 0 474 1047 1280 1350 1350 1350 819 1247 1309 814 202 470 1345 1121 1036 1164 1186 1226 1307 1206 1148 622 0 0 0 0 0 0 0 25 152 1045 1055 812 1242 1075 887 268 24 38 11 173 676 1350
973 630 788 619 404 1244 771 619 964 423 801 1350 1350 1350 1089 673 520 897 1350 1328 1076 692 46 2 25 17 139 118 0 0 0 0 86 1278 1266 667 0 0 0 0 97 173 1019 1350 1350 709 0 0 0 440 984 1299 1350 1350 1350 1235 875 1350 726 610 1295 1350 1086 755 853 1058 1089 1124 311 691 843 0 0 0 0 0 0 28 761 1185 1345 1250 739 797 1241 1232 503 131 94 29 17 464 1280
49 130 452 492 1182 1350 1338 1304 403 436 453 1189 1338 1277 171 430 845 1294 1111 661 648 692 1098 919 359 1 74 12 0 0 0 0 83 1059 992 444 0 0 2 741 1343 1045 1350 1350 1186 402 0 0 0 86 91 759 1188 1342 1350 1350 757 455 763 1144 1350 1043 183 0 0 0 152 558 33 73 276 0 0 0 0 0 3 791 1081 1232 1340 1019 277 217 1249 1348 1350 945 313 634 149 226 576
99 653 922 1336 1348 1350 1226 401 211 1264 1230 1303 1259 760 334 1076 1059 1335 775 135 711 447 530 615 1294 553 0 0 0 0 150 463 292 726 259 71 18 8 111 1179 1350 1263 1348 1066 73 295 0 224 524 82 98 108 847 1250 1350 1338 1136 470 192 936 1102 313 1 0 0 332 1142 348 0 0 0 0 0 0 0 64 599 497 519 1325 1037 1214 1187 482 141 695 1304 1334 1313 1107 289 43 980
393 1227 827 1326 1338 1306 678 70 17 1110 1350 1332 916 209 118 299 1293 1289 1327 1027 989 421 68 14 934 1213 221 0 10 0 0 133 569 714 31 0 529 98 0 26 449 1159 918 117 0 2 168 291 676 783 821 1014 1332 1348 1350 1338 1328 1281 796 295 491 389 458 664 539 1044 1054 777 523 956 1160 908 679 887 353 181 224 200 822 872 406 181 848 947 1071 715 355 679 1187 1350 1248 602 488
870 1339 1340 1074 415 218 477 400 456 878 1323 488 189 217 10 452 1267 1296 1350 1350 1299 406 3 118 630 912 52 0 0 0 0 0 0 282 24 0 9 70 0 0 0 131 18 0 0 7 1027 1350 850 1337 1286 1127 1339 1350 1350 1350 1350 1350 1340 827 1 244 127 431 1155 1312 1350 1256 918 437 374 496 697 862 1008 209 415 84 2 40 523 719 176 323 548 540 0 0 11 548 1178 1350 1350
548 757 1089 1202 452 399 229 938 1140 1010 764 298 255 298 268 141 118 1060 871 715 1269 964 28 222 20 596 1128 0 0 0 0 0 0 329 71 17 55 72 0 0 0 14 40 0 0 50 1093 1326 1320 995 1319 1350 1350 1350 1350 1338 1350 1350 1303 1051 813 1327 818 906 1301 1188 1206 1083 1101 1304 1107 977 879 1034 907 552 259 495 41 0 5 71 333 483 533 753 386 292 88 5 237 747 1348
358 694 1165 970 276 156 79 413 1326 1350 265 479 578 233 525 36 26 59 16 329 1061 1158 398 179 0 4 632 17 0 0 2 101 289 552 406 161 28 0 0 0 0 199 427 121 11 138 563 306 638 1171 1306 1317 1350 1350 1350 1350 1111 1344 1350 1272 1336 1350 1261 1350 1330 1350 1350 1350 1054 721 372 1141 1283 1328 1303 947 101 281 27 181 492 410 319 630 1239 1341 1060 1349 1303 1138 361 1034 1350
1219 1338 1083 469 89 40 5 46 583 1229 1106 149 386 54 38 0 41 0 2 4 874 1350 1348 551 0 2 657 2 0 0 40 35 0 448 419 0 0 0 0 0 29 1011 678 155 224 235 5 146 773 1328 1223 1350 1350 1350 964 1059 1337 1269 1336 1057 1350 1350 1350 1350 1206 1327 1350 1350 1350 1350 1039 401 854 1320 1245 1166 1073 270 850 1017 1157 1318 1300 1338 1156 1263 1350 1350 1350 1326 857 1066 1007
927 1335 494 20 0 0 0 0 0 646 1350 716 27 0 0 0 0 18 68 955 1350 1350 1324 1320 443 0 87 45 18 2 0 27 243 806 1119 309 16 0 226 362 180 486 717 126 638 96 15 198 912 1337 1150 1350 1350 1350 1210 777 1072 348 695 946 1296 1294 1350 1350 1325 1341 1350 1350 1350 1346 954 1228 695 609 1017 1338 865 629 1007 883 883 1292 1341 1350 1350 1350 1350 1350 1350 1350 1156 457 944
0 416 180 208 26 12 65 0 260 1189 1350 1242 221 81 1036 597 285 706 1123 1346 1198 1057 381 962 760 133 0 0 47 59 0 25 103 214 504 219 0 107 575 917 70 0 321 261 1086 1069 810 1026 975 1252 1279 1330 1348 1350 1283 1305 454 6 32 49 398 1184 1325 1098 1254 1316 1350 1350 1350 1348 1116 1185 1334 1205 847 640 693 959 704 190 752 1092 1154 1010 1334 1350 1350 1350 1350 1350 1294 108 27
770 194 0 98 82 7 16 89 803 1048 450 484 410 0 741 1350 1289 1266 1350 1350 1350 708 731 604 883 738 151 149 1201 200 212 414 0 91 52 23 726 484 1348 1314 287 0 3 11 582 1264 1350 1350 1350 1274 1274 1350 1350 1350 1298 1316 1307 565 331 31 248 497 642 989 1263 1350 1350 1350 1350 1248 1054 978 1242 1231 1350 1350 1305 964 155 11 309 377 864 596 1269 1350 1350 1350 1350 1350 1332 360 118
868 1238 622 62 0 17 17 449 688 297 181 150 323 6 20 823 1350 1316 1293 1200 1349 810 249 486 613 869 1100 508 123 511 1100 1166 330 9 28 726 1002 1266 1076 671 855 662 1127 298 0 104 948 1348 1226 1011 1291 1350 1350 1350 1308 1319 956 834 88 585 902 272 148 525 1037 1350 1350 1350 1350 1084 542 646 966 1113 1312 1350 1350 1224 534 944 938 718 566 1053 1292 1350 1350 1350 1279 1326 1079 629 449
1109 604 1168 1036 395 2 0 224 405 910 68 0 0 11 229 3 543 1269 1316 354 437 411 304 287 460 391 1273 1344 503 533 268 1225 1243 69 0 10 528 919 923 273 924 1286 953 197 101 382 7 1218 1231 1348 1350 1350 1350 1350 1326 1296 1223 295 628 1330 1240 732 0 39 1077 1350 1350 1348 1350 1283 1110 994 1350 1291 1252 1348 1276 612 1123 1296 1206 834 761 746 1341 1350 1350 1350 1343 1099 1152 493 39
1260 786 914 253 746 48 71 0 70 273 32 743 832 591 160 237 115 276 1078 235 42 564 682 460 737 787 1007 1338 738 11 208 1225 487 77 452 264 411 963 1246 1324 1350 1350 989 14 0 0 0 465 993 859 996 1232 1350 1350 1296 1050 409 603 1154 1350 1329 826 0 196 912 1073 1350 1328 1350 1350 1350 1350 1350 1316 1350 1346 628 1096 1350 1348 989 1113 1196 595 671 872 1195 1340 1350 743 799 895 790
571 227 593 508 581 99 409 544 1 0 0 515 996 754 1041 1006 320 0 30 529 112 25 888 854 354 1093 1226 1350 1314 1031 737 349 592 368 445 1089 1348 1242 753 1307 1316 529 2 0 0 0 12 15 181 1224 1188 353 505 508 253 150 473 1242 1076 1104 1306 592 23 752 1018 1164 1350 1350 1350 1350 1350 1243 1302 1154 1338 1023 1277 1350 1350 1328 1350 556 707 1069 843 512 1059 678 802 214 312 871 243
271 851 700 126 938 351 402 1020 4 115 152 0 41 812 1303 1283 568 500 64 378 1286 798 448 667 1298 970 1284 1350 1027 1337 1114 295 1206 1290 1196 1350 1350 1350 1348 967 327 0 0 0 0 0 0 31 169 1145 500 142 363 197 0 265 823 864 911 638 287 313 14 0 630 1012 1294 1350 1350 1350 1350 1321 1350 1350 1123 914 1350 1350 1350 1350 1350 1086 959 908 888 934 1258 1350 1322 1310 391 707 306
684 815 669 68 351 885 154 288 382 859 747 166 0 106 755 833 478 583 341 8 1114 1267 750 523 1258 1350 1350 1147 1245 617 167 1155 1340 1350 1350 1350 1350 1350 1350 1186 205 151 335 0 0 2 0 0 74 530 437 327 64 43 32 38 86 26 0 6 0 0 153 462 1117 890 822 1063 1329 1350 1350 1350 1350 1350 757 1320 1350 1350 1303 1282 814 1106 722 472 190 239 667 1334 1043 1226 642 756 1204
1038 916 54 90 985 983 449 40 272 1 8 31 362 83 40 13 41 238 474 0 456 474 1093 1136 1350 1350 1350 1350 1003 132 1 158 1001 1350 1350 1350 1350 1350 1350 990 681 1003 86 7 9 3 0 0 0 113 760 394 224 174 1018 3 20 0 67 38 0 0 754 1250 1350 1007 562 1215 1304 1350 1350 1350 1350 1187 872 1350 1350 1350 1061 1238 1297 1293 885 280 256 34 234 1063 521 402 55 47 1152
1194 151 130 796 1350 829 11 0 0 0 0 250 895 1042 939 587 58 0 11 4 348 543 837 1348 1350 1350 1350 1350 1235 1053 404 44 276 826 1339 1029 755 947 672 75 102 182 86 161 6 0 0 0 0 0 467 1166 1280 667 875 578 510 631 148 0 0 77 624 810 1342 1302 542 1318 1350 1248 1250 1350 1350 1168 1340 1350 1350 1317 1180 914 616 648 679 199 547 77 132 481 371 94 175 160 463
1239 1137 769 1286 1050 37 0 0 0 0 0 0 0 641 1260 1245 1095 79 0 1 12 75 291 760 1118 1350 1251 914 476 1288 1174 180 31 157 462 345 324 451 111 326 842 1148 1195 933 0 0 0 0 0 0 0 393 1072 1221 1040 1161 1332 1348 750 0 0 703 1331 1287 1350 1311 842 908 1280 975 701 1273 968 1317 1350 1350 1323 344 826 1168 527 486 71 33 403 169 21 0 0 126 239 127 40
1238 1350 1350 1254 256 0 0 0 0 5 65 22 220 396 321 906 1316 565 38 0 0 18 91 247 963 1074 228 0 114 469 161 0 0 69 72 1 0 0 0 0 95 1143 1350 804 0 0 0 0 0 0 0 0 3 621 586 134 1248 1350 1168 919 487 957 1329 1350 1309 712 437 131 392 527 381 219 1299 1262 1045 1334 1349 1302 1312 1202 844 199 18 0 0 0 6 118 29 731 9 42 119
1260 1350 1350 1350 1348 640 0 0 0 0 6 0 310 892 612 329 141 15 0 260 157 5 0 11 154 386 301 41 741 339 0 0 34 113 34 33 0 0 0 0 906 1298 1345 1292 95 0 0 7 67 10 0 0 25 2 678 1085 1290 1350 1350 1350 761 1028 1350 1350 1350 1044 337 165 121 64 319 1202 1247 760 1179 1350 1350 1282 1151 1291 696 32 0 0 0 0 0 6 32 145 68 23 47
1260 1350 1316 1350 1327 489 161 122 251 731 216 379 1209 1197 485 32 14 0 0 100 561 336 252 0 0 190 383 420 1134 1130 452 193 417 874 153 0 0 7 15 94 335 1331 1129 700 1020 423 403 326 70 55 14 0 0 0 13 886 1350 1350 1350 1350 714 1242 1350 1350 1350 663 814 1151 918 575 1318 1350 1350 1350 1350 1144 1080 979 671 453 68 0 0 0 48 2 112 14 0 0 0 0 0
1255 569 1191 1350 1350 1347 840 595 83 885 163 713 1288 634 295 67 0 0 0 113 464 1003 674 612 151 19 0 74 434 1005 582 316 566 818 261 5 32 973 792 262 327 688 1107 995 1040 1341 1111 339 120 41 0 0 35 9 336 808 981 1350 1220 1272 592 664 1350 1350 1336 1245 1181 580 460 1334 1350 1350 1350 1350 1350 1206 1220 577 20 15 0 0 0 0 0 32 0 0 0 0 0 0 0
724 7 487 1345 1350 1119 1350 1335 1132 1070 541 1211 1284 985 247 12 0 324 2 3 97 173 1290 1064 1092 1123 384 0 0 239 398 726 410 157 77 12 117 7 13 35 956 1198 1350 1350 1249 1350 1200 247 579 607 748 1103 1069 1151 559 777 1143 421 197 270 977 927 1210 1344 1200 1350 1055 272 486 1218 1350 1350 1350 1350 1350 1344 1261 355 139 0 0 0 0 0 0 0 0 0 0 8 4 101 0
34 0 39 465 373 149 915 670 1168 1338 1283 1259 812 271 0 0 0 94 76 3 166 137 300 0 64 364 309 325 273 0 12 330 290 303 55 185 266 699 820 975 1221 1350 1282 803 649 359 195 558 1134 1350 1350 1114 1255 1338 1350 1191 806 41 135 408 345 164 747 1328 917 760 419 254 1031 1027 1053 1338 1350 1350 1350 1302 1023 754 0 0 0 0 0 0 0 0 0 0 28 1 0 149 27
0 0 48 1037 535 13 256 375 1340 1350 1350 1349 1180 1149 341 0 116 41 0 0 0 2 94 44 0 0 651 784 1090 449 16 0 0 2 31 120 692 719 1251 1053 781 450 74 0 0 4 0 399 1350 1350 1350 1350 1350 1350 1350 1334 873 26 0 139 44 363 872 1350 563 36 323 258 85 502 1148 1315 1015 1122 1267 1328 874 254 96 26 27 11 0 5 71 6 38 12 0 0 0 44 32
0 0 0 563 820 658 361 217 536 1164 1348 1344 1029 365 115 0 206 64 125 868 398 430 1343 1232 719 550 23 1083 1325 1338 1139 14 0 0 0 0 0 15 61 0 0 62 75 182 455 664 160 355 1255 1350 1350 1350 1350 1350 1350 1311 164 99 26 138 961 1031 647 1076 376 537 920 972 1086 777 1245 1077 19 102 286 321 345 489 605 598 1066 411 49 55 222 91 308 291 35 30 51 1 0
0 0 2 413 1350 1350 1350 689 24 342 874 791 43 426 1306 326 586 1026 1206 1350 801 248 432 1294 1350 1350 750 76 642 956 336 26 12 0 0 0 0 0 0 154 662 791 409 597 1087 1350 1326 1304 1305 1350 1350 1350 1350 1350 1350 1333 1022 1261 586 972 431 302 1173 418 22 299 1303 1350 1300 1327 1272 1046 56 0 0 0 0 130 61 740 791 703 299 46 0 249 1003 640 351 57 624 928 905
0 574 1195 1070 1348 1350 1350 1179 518 909 374 1135 1342 1173 1200 1304 1306 1292 1350 1350 554 838 19 1201 1350 1350 1020 193 18 39 262 206 320 77 0 174 196 0 0 0 13 168 809 898 1257 1350 1235 1203 1250 1350 1328 1256 1301 1309 1348 1350 1200 1350 824 267 781 864 85 0 114 1030 1350 1350 1350 1350 1350 1222 85 0 0 13 126 348 668 1242 1092 647 601 0 0 16 314 990 1052 668 803 1100 1283
914 1171 1242 1349 1119 1181 990 850 1129 1219 1340 1290 1350 1350 1117 673 1300 1278 1344 1321 913 1174 126 399 961 1125 1267 609 718 0 98 241 553 450 430 1001 1302 856 355 0 0 0 11 0 129 629 1164 1247 1350 1089 693 105 18 363 975 1350 1251 1350 996 1315 1346 330 133 730 1328 1350 1350 1350 1350 1350 1350 1350 567 113 543 933 990 783 485 859 1346 1104 1049 266 10 236 739 298 456 1102 1109 1221 683
1165 1031 605 587 177 397 490 279 652 1291 1350 1350 1350 1239 769 1031 1331 1045 284 190 475 589 58 34 292 1232 1350 1350 483 0 0 141 41 57 43 516 1165 529 1169 1105 514 128 27 0 0 0 300 792 1050 26 0 0 11 0 311 1102 1348 1350 1332 1350 1323 468 941 689 925 1350 1350 1350 1350 1350 1350 1350 1208 681 1074 1187 1228 656 63 528 1350 1350 1350 882 585 422 928 172 1053 1288 1084 1221 1309
730 277 91 0 7 175 395 169 0 659 1350 1224 1350 1350 1350 1313 471 245 1176 700 977 2 88 568 163 1265 1210 697 33 480 189 30 16 67 62 20 250 1018 1350 1242 1219 1077 786 524 58 12 0 0 6 233 155 0 6 4 1 32 264 736 1063 1350 611 335 1346 1309 688 274 912 1342 1117 1019 993 1350 1350 939 884 1298 615 649 491 890 1348 1350 1350 1350 1058 411 246 18 16 509 874 1246 1350
0 0 0 0 398 1028 374 97 0 182 1240 949 1211 1338 1034 226 33 901 851 956 335 183 250 693 478 353 105 0 0 64 215 3 111 50 132 259 1012 240 478 1011 1318 1263 1243 1350 1215 591 739 130 0 0 0 0 0 0 42 93 0 66 274 1297 582 1318 1350 1256 1068 1175 858 1132 924 926 929 1074 1151 1350 956 244 437 289 882 1102 1348 1350 1225 644 12 197 442 515 420 436 825 965 1328
3 0 0 0 158 516 887 350 82 737 1333 578 727 1325 1314 147 124 947 808 1017 339 324 186 253 934 810 42 137 376 165 25 275 209 17 59 26 241 515 8 764 1310 1112 1348 1350 1350 1138 946 552 0 0 0 0 0 0 0 10 173 493 336 1339 1108 1096 1350 519 933 1350 1289 1071 240 1000 1267 935 971 1350 1278 684 544 249 1007 1194 1350 1350 1070 297 335 413 763 526 1254 1328 1350 1350 1161
144 0 0 332 912 1121 455 857 973 848 1237 85 235 349 82 0 393 1348 1319 717 117 516 1272 1150 1310 987 1113 310 301 955 376 0 0 313 34 8 368 229 2 381 1263 1183 1158 1040 1309 1350 1247 365 181 157 0 0 0 0 0 88 0 0 0 276 682 644 1165 892 1350 1350 1350 1346 551 298 828 1298 1268 1326 1350 1350 1109 821 1319 1350 1350 1350 1350 1342 1262 1158 450 628 1349 1350 1350 1350 1185
292 6 113 573 1194 1347 1350 1278 1215 1342 1313 42 2 375 200 451 937 1350 1346 1346 1003 1321 1350 1350 1265 63 715 804 340 595 1141 185 400 410 3 60 0 93 2 9 665 1113 569 51 301 1021 777 725 890 102 0 0 0 101 463 361 607 332 192 0 2 0 18 72 504 652 671 1039 1301 1278 1037 895 1189 1336 1350 1350 1350 1321 1013 1030 1291 1265 1238 1271 1350 1350 1232 1350 1350 1342 1208 1350 1350
456 218 0 4 942 1277 1350 1350 1350 1350 1334 768 864 1214 1350 1350 1350 1350 1301 1043 1293 1350 1286 797 1059 31 1168 1283 691 28 123 112 1291 737 602 93 0 51 131 0 454 1337 119 131 553 1324 228 925 1350 882 94 0 23 839 1268 799 1280 764 1032 494 175 56 102 12 58 61 5 0 4 113 167 459 699 1003 1077 1198 1229 1218 1126 1273 1350 1350 1192 455 547 797 1009 1299 1341 1350 1350 1350 1350
279 361 272 53 122 990 1334 1350 1350 1350 1350 1350 1350 1350 1237 1348 1350 1305 615 337 1268 1330 1123 1292 1182 261 1329 1326 465 312 557 317 882 765 969 156 306 40 1 664 449 341 96 80 104 525 821 1329 1350 1350 1237 528 413 708 550 761 357 210 779 516 200 703 1086 1230 1015 565 484 482 582 2 1 125 72 0 0 55 137 286 392 694 1103 1271 1330 1350 1350 1284 1350 1231 1062 534 753 874 881
