data/outputs/Figueira/2015/resolution_1/CONT_SPEC_1_15.asc
ncols         100
nrows         100
xllcorner     -8.238677953804
yllcorner      39.915521016488
cellsize       0.000134898240
NODATA_value  -9999
[rows 58 to 86 of 100, columns 0 to 64 of 100]
1.78000 1.333333 0.653333 0.0000 0.0000 0.0000 1.028889 0.006666 1.113333 4.462222 6.0000 6.0000 5.84000 2.331111 3.962222 0.282222 0.0000 2.288889 6.0000 6.0000 6.0000 6.0000 5.902222 6.0000 6.0000 5.946667 6.0000 6.0000 5.357778 6.0000 6.0000 6.0000 5.902222 5.666667 3.193333 3.048889 1.657778 0.915555 0.328888 1.344444 1.262222 4.911111 6.0000 1.988889 3.208889 5.864444 5.246667 5.453333 1.48000 1.986667 1.593333 1.144444 0.826666 1.026667 5.928889 6.0000 5.884444 6.0000 5.071111 4.873333 1.131111 0.373333 0.015555 0.0000 0.0000
0.148888 0.82000 0.062222 0.0000 0.0000 0.0000 1.322222 0.473333 0.768888 2.54000 5.088889 4.737778 4.722222 4.108889 5.222222 1.908889 1.933333 3.937778 4.731111 4.964444 6.0000 6.0000 5.88000 6.0000 4.52000 5.92000 5.204444 1.1000 1.351111 3.068889 3.944444 4.157778 4.473333 6.0000 3.124444 0.955555 0.604444 0.897777 0.391111 1.288889 1.844444 0.684444 2.448889 2.108889 1.471111 4.0000 5.397778 1.913333 0.0000 0.0000 0.006666 2.315556 0.333333 0.0000 5.428889 6.0000 6.0000 6.0000 3.675556 5.913333 4.426667 0.717777 0.033333 1.053333 1.577778
0.128888 0.031111 0.013333 0.0000 0.106666 0.024444 0.066666 2.24000 0.975555 1.62000 2.424444 0.873333 1.066667 2.82000 5.502222 5.924444 3.32000 1.815556 1.742222 3.971111 5.32000 5.973333 3.826667 5.568889 5.842222 4.651111 2.342222 0.111111 0.375555 0.233333 0.917777 4.048889 5.991111 6.0000 5.153333 1.637778 2.673333 1.737778 3.175556 0.282222 0.004444 0.477777 0.284444 0.084444 3.744444 1.324444 0.0000 0.0000 0.0000 0.0000 0.028888 2.995556 3.16000 1.631111 5.52000 6.0000 6.0000 6.0000 6.0000 6.0000 4.195556 1.773333 2.344444 2.073333 2.926667
0.711111 0.0000 1.315556 0.595555 3.913333 3.371111 0.675555 0.0000 0.035555 0.084444 0.033333 2.62000 1.831111 3.882222 5.575556 5.002222 1.897778 0.0000 2.713333 5.315556 5.582222 5.684444 5.813333 5.224444 3.062222 2.348889 0.182222 0.36000 0.411111 0.233333 2.213333 5.862222 5.637778 6.0000 6.0000 5.911111 5.88000 2.093333 0.555555 0.006666 1.831111 5.662222 2.735556 0.304444 0.0000 0.0000 0.0000 0.0000 0.0000 1.888889 0.782222 0.0000 0.271111 1.724444 3.313333 5.58000 6.0000 6.0000 6.0000 6.0000 5.902222 5.904444 4.093333 2.755556 1.066667
0.504444 1.48000 0.955555 5.38000 4.577778 5.126667 2.113333 0.026666 0.006666 0.0000 1.733333 2.993333 0.373333 1.64000 2.755556 0.982222 0.213333 0.002222 4.088889 5.355556 5.597778 3.051111 4.46000 2.231111 3.302222 0.828888 0.517777 0.062222 0.788888 0.931111 5.257778 6.0000 5.426667 5.448889 5.946667 2.742222 2.824444 0.668888 0.368888 3.931111 4.788889 5.104444 3.846667 0.508888 0.273333 0.437777 1.506667 3.751111 4.722222 3.917778 1.091111 0.0000 0.315555 0.026666 0.491111 1.377778 1.422222 3.728889 5.533333 6.0000 6.0000 6.0000 2.3000 0.397777 0.957777
0.702222 0.16000 2.062222 5.808889 3.515556 5.22000 1.517778 0.36000 1.348889 0.186666 0.342222 5.011111 3.313333 1.346667 1.708889 1.16000 0.0000 1.14000 3.553333 3.933333 4.111111 0.331111 0.575555 2.353333 0.964444 0.0000 0.0000 0.0000 2.044444 5.764444 6.0000 6.0000 3.495556 3.031111 2.566667 0.191111 0.237777 0.0000 0.0000 1.937778 5.704444 6.0000 3.215556 1.788889 1.622222 3.226667 1.477778 4.073333 5.935556 6.0000 4.915556 0.177777 0.0000 0.0000 2.326667 5.953333 5.122222 2.297778 0.737777 2.202222 4.586667 5.868889 4.551111 0.971111 0.124444
0.0000 0.446666 1.004444 0.544444 4.713333 5.775556 4.746667 0.784444 3.097778 2.548889 0.937777 1.931111 4.177778 3.848889 2.108889 0.342222 0.0000 1.406667 2.997778 4.588889 1.686667 0.22000 0.375555 0.0000 0.0000 0.0000 0.106666 2.477778 3.993333 5.991111 5.991111 5.106667 1.033333 0.026666 0.013333 1.982222 1.782222 0.166666 1.031111 1.568889 1.844444 4.18000 2.808889 5.006667 0.346666 0.553333 2.402222 4.613333 6.0000 6.0000 4.304444 0.348888 0.008888 2.486667 4.253333 3.973333 3.468889 5.342222 4.855556 3.54000 0.308888 1.133333 3.306667 0.786666 0.164444
0.008888 0.524444 1.151111 0.0000 3.071111 5.991111 5.475556 1.595556 5.111111 5.393333 2.528889 3.393333 2.957778 2.662222 0.164444 0.742222 0.944444 4.54000 4.673333 4.448889 1.053333 0.233333 0.013333 0.76000 2.815556 4.637778 5.093333 3.44000 5.746667 6.0000 5.682222 1.031111 0.397777 0.606666 0.0000 3.104444 1.493333 4.148889 3.993333 5.922222 4.471111 5.166667 4.38000 2.368889 0.015555 0.697777 1.308889 4.151111 6.0000 6.0000 5.326667 1.995556 3.04000 2.973333 1.122222 0.586666 1.231111 4.86000 5.844444 5.857778 3.953333 0.0000 0.022222 2.233333 4.617778
0.888888 0.124444 0.513333 0.0000 0.471111 5.08000 5.648889 5.184444 3.233333 4.815556 2.526667 5.042222 1.213333 2.584444 0.515555 1.388889 2.644444 2.477778 3.26000 2.44000 4.653333 2.242222 2.973333 1.975556 0.135555 0.228888 0.155555 1.826667 5.311111 3.402222 2.242222 0.024444 0.117777 0.0000 1.686667 3.148889 2.317778 4.111111 5.746667 6.0000 5.671111 5.526667 5.68000 2.788889 2.044444 0.004444 0.544444 1.948889 4.862222 5.611111 5.846667 2.591111 3.304444 1.76000 0.606666 0.662222 0.444444 5.722222 6.0000 5.604444 5.702222 0.351111 2.622222 6.0000 6.0000
0.682222 0.011111 1.324444 0.253333 2.293333 4.208889 6.0000 5.617778 2.895556 2.746667 5.78000 5.686667 3.184444 0.017777 2.833333 4.035556 5.624444 5.626667 4.506667 4.362222 4.448889 4.78000 2.257778 0.268888 0.053333 0.457777 1.322222 3.14000 6.0000 6.0000 5.102222 4.668889 3.011111 0.506666 0.473333 1.302222 1.053333 5.542222 5.897778 6.0000 5.551111 5.637778 5.026667 4.206667 2.513333 2.248889 0.966666 1.344444 1.662222 0.437777 4.091111 4.188889 0.42000 0.131111 0.155555 0.0000 0.46000 4.371111 6.0000 6.0000 5.742222 1.982222 4.297778 6.0000 6.0000
0.04000 0.008888 0.908888 0.877777 2.26000 5.453333 5.024444 3.402222 2.788889 0.333333 1.371111 3.355556 2.944444 0.264444 1.56000 4.064444 5.46000 4.737778 3.726667 4.102222 3.522222 3.811111 1.108889 1.871111 0.988888 1.026667 3.871111 5.548889 5.991111 6.0000 6.0000 5.497778 5.224444 3.413333 1.035556 0.293333 2.131111 5.944444 6.0000 5.993333 5.011111 5.124444 3.391111 3.897778 3.051111 3.631111 1.444444 0.2000 3.12000 0.253333 1.173333 4.648889 1.608889 0.0000 0.0000 0.0000 0.737777 4.882222 5.631111 5.831111 6.0000 2.706667 3.015556 6.0000 6.0000
0.273333 0.0000 2.095556 0.233333 3.406667 4.535556 3.777778 1.715556 0.271111 1.24000 1.471111 1.631111 3.193333 1.608889 0.4000 0.702222 1.593333 5.386667 4.266667 3.177778 3.546667 0.542222 2.971111 1.322222 5.228889 6.0000 6.0000 6.0000 6.0000 6.0000 5.944444 5.693333 3.964444 5.411111 5.002222 4.517778 5.937778 5.791111 6.0000 5.962222 5.651111 4.904444 3.737778 4.208889 1.58000 4.813333 2.455556 0.204444 1.237778 1.051111 0.731111 1.637778 0.32000 0.317777 0.0000 0.0000 0.364444 5.131111 5.546667 5.684444 5.631111 1.702222 1.471111 5.544444 6.0000
1.126667 1.473333 1.62000 0.317777 2.891111 3.857778 3.026667 1.844444 0.251111 1.204444 1.637778 2.955556 3.735556 1.937778 0.697777 4.7000 1.246667 1.206667 4.288889 2.291111 0.728888 2.828889 6.0000 6.0000 6.0000 6.0000 5.786667 5.92000 2.648889 2.324444 3.382222 3.066667 3.684444 5.335556 5.853333 6.0000 6.0000 6.0000 6.0000 6.0000 5.8000 3.602222 2.96000 4.795556 1.428889 3.622222 3.353333 1.391111 2.304444 1.357778 4.748889 5.113333 0.886666 3.955556 2.577778 0.0000 0.0000 2.264444 0.88000 1.717778 2.213333 0.402222 0.96000 3.293333 3.757778
0.9000 1.404444 1.966667 0.122222 0.153333 3.56000 5.624444 5.042222 2.202222 2.88000 2.055556 2.28000 2.637778 0.982222 1.402222 1.671111 1.364444 3.242222 3.771111 2.98000 5.757778 5.915556 5.946667 6.0000 5.644444 3.406667 0.768888 3.362222 0.617777 0.022222 0.022222 1.58000 3.595556 5.315556 6.0000 5.902222 6.0000 6.0000 5.893333 6.0000 6.0000 6.0000 6.0000 6.0000 5.042222 0.58000 0.488888 0.084444 0.833333 2.191111 3.248889 3.548889 0.824444 4.053333 5.235556 4.084444 1.455556 0.0000 0.0000 1.002222 3.837778 0.52000 4.891111 2.993333 3.762222
2.031111 2.342222 2.677778 1.048889 2.742222 0.768888 2.353333 3.528889 0.506666 2.177778 3.284444 3.562222 3.231111 0.882222 3.362222 3.608889 2.244444 2.966667 3.911111 5.3000 4.033333 4.895556 5.946667 6.0000 3.455556 1.437778 0.975555 0.78000 0.006666 0.0000 0.0000 1.786667 5.742222 6.0000 3.962222 2.415556 2.593333 5.944444 4.788889 5.268889 6.0000 6.0000 6.0000 6.0000 5.946667 2.417778 0.0000 0.0000 2.017778 1.273333 0.024444 0.008888 1.944444 4.177778 3.211111 3.957778 5.484444 0.831111 0.311111 4.315556 3.428889 0.915555 5.76000 4.875556 4.584444
5.428889 4.337778 0.962222 4.457778 5.388889 1.646667 2.22000 2.526667 1.346667 1.355556 1.762222 0.704444 1.713333 0.011111 4.088889 5.926667 5.893333 3.124444 3.6000 4.031111 5.213333 3.362222 0.935555 2.402222 1.24000 1.882222 0.846666 0.291111 0.0000 0.0000 0.0000 2.093333 6.0000 6.0000 3.455556 0.146666 2.177778 4.344444 3.453333 3.355556 6.0000 6.0000 6.0000 6.0000 6.0000 4.015556 0.111111 0.0000 0.0000 0.431111 3.782222 2.577778 0.551111 3.62000 5.913333 5.902222 6.0000 5.68000 5.882222 6.0000 2.215556 2.935556 6.0000 5.486667 1.106667
5.6000 5.437778 3.464444 3.682222 5.175556 1.335556 2.215556 2.333333 2.553333 2.335556 3.548889 3.277778 0.955555 0.853333 0.415555 4.506667 6.0000 4.428889 2.853333 4.782222 3.46000 0.253333 0.004444 0.104444 0.035555 0.0000 0.0000 0.057777 0.0000 0.0000 0.0000 1.722222 6.0000 4.364444 2.126667 1.986667 0.904444 0.0000 4.217778 6.0000 6.0000 6.0000 6.0000 5.677778 5.004444 1.833333 0.133333 0.0000 0.435555 3.728889 3.817778 0.713333 1.024444 2.54000 5.111111 5.808889 6.0000 6.0000 5.586667 6.0000 2.395556 1.9000 3.722222 3.766667 4.537778
5.537778 5.955556 3.895556 3.137778 2.92000 1.113333 0.084444 0.106666 1.42000 0.373333 0.0000 0.788888 0.393333 1.651111 0.746666 0.311111 3.502222 4.88000 5.875556 6.0000 6.0000 0.882222 0.237777 0.451111 0.022222 0.0000 0.0000 1.502222 0.0000 0.0000 0.006666 2.824444 5.862222 4.22000 2.72000 1.171111 2.275556 2.524444 5.28000 6.0000 6.0000 6.0000 5.637778 5.946667 2.793333 0.004444 0.044444 0.0000 1.597778 2.022222 1.64000 0.0000 0.0000 0.0000 2.404444 6.0000 6.0000 6.0000 6.0000 6.0000 6.0000 4.151111 0.604444 0.66000 0.662222
5.555556 5.582222 5.331111 4.58000 2.335556 3.393333 3.397778 3.391111 2.977778 2.595556 1.733333 1.013333 0.266666 0.488888 1.702222 2.091111 0.506666 0.966666 4.326667 5.666667 3.76000 1.9000 0.32000 1.162222 0.0000 0.0000 0.004444 0.0000 0.0000 2.008889 4.417778 3.92000 3.568889 4.528889 5.346667 3.028889 4.477778 5.44000 5.44000 5.386667 5.568889 5.962222 5.202222 2.793333 0.615555 0.651111 0.108888 1.164444 3.28000 1.837778 2.055556 0.095555 0.873333 3.468889 5.204444 5.755556 6.0000 6.0000 6.0000 6.0000 6.0000 5.944444 5.164444 3.548889 0.044444
5.6000 5.762222 5.537778 4.413333 3.06000 3.491111 2.375556 1.893333 3.555556 3.055556 1.388889 0.566666 0.097777 0.677777 2.362222 1.513333 0.511111 2.317778 0.042222 1.642222 2.206667 1.017778 0.284444 0.113333 0.071111 0.0000 0.344444 0.111111 0.84000 2.066667 6.0000 4.991111 5.415556 5.604444 3.291111 1.193333 2.302222 3.288889 5.802222 5.991111 5.84000 5.948889 2.846667 2.013333 1.904444 0.328888 0.711111 1.764444 3.324444 1.508889 0.111111 0.435555 2.084444 3.753333 4.473333 5.76000 3.748889 5.288889 5.893333 6.0000 5.733333 5.902222 5.884444 3.542222 0.088888
4.737778 5.251111 4.377778 4.891111 3.671111 2.615556 1.011111 2.417778 0.642222 0.048888 0.093333 0.031111 0.04000 0.704444 3.791111 3.231111 1.511111 0.864444 0.946666 1.013333 0.995555 0.26000 0.137777 0.0000 0.088888 0.0000 0.188888 0.017777 0.34000 5.36000 5.846667 5.373333 5.786667 5.508889 0.357777 0.831111 0.815555 4.384444 5.837778 6.0000 6.0000 4.495556 2.997778 2.908889 2.786667 0.348888 3.231111 0.442222 1.117778 0.337777 0.008888 0.017777 0.36000 0.748888 2.015556 0.828888 4.497778 5.222222 5.322222 6.0000 5.768889 4.724444 4.495556 2.235556 4.384444
4.993333 4.882222 5.624444 5.502222 3.975556 3.937778 1.564444 0.277777 0.14000 0.008888 0.02000 0.008888 0.111111 0.577777 3.0000 1.542222 0.973333 2.857778 2.522222 0.964444 0.526666 1.731111 1.035556 0.642222 0.093333 0.297777 0.768888 0.431111 0.597777 1.915556 3.4000 3.897778 2.306667 1.517778 1.66000 0.197777 0.0000 1.375556 4.882222 5.184444 4.086667 1.662222 0.0000 0.013333 1.22000 4.3000 4.086667 0.297777 1.991111 3.046667 0.937777 0.222222 0.0000 0.137777 0.531111 1.275556 4.828889 5.902222 4.646667 4.702222 5.448889 3.615556 4.437778 1.104444 2.697778
4.886667 2.531111 3.062222 4.595556 4.808889 0.873333 0.131111 0.255555 0.304444 0.024444 0.195555 0.093333 0.04000 0.073333 1.597778 1.553333 1.331111 1.242222 2.868889 1.693333 0.902222 1.055556 2.388889 1.98000 1.291111 0.548888 0.306666 1.602222 4.155556 3.88000 4.635556 3.922222 4.862222 4.484444 2.504444 1.128889 3.7000 4.026667 3.946667 2.268889 4.946667 4.786667 2.544444 0.34000 3.048889 2.795556 1.255556 0.044444 3.711111 5.262222 5.88000 3.522222 0.348888 0.0000 0.0000 0.911111 4.302222 5.291111 5.577778 4.233333 3.311111 3.177778 2.266667 0.806666 2.082222
3.417778 4.66000 4.788889 1.022222 0.208888 0.0000 0.0000 0.226666 0.0000 0.442222 4.551111 3.046667 1.353333 2.302222 1.551111 1.448889 5.015556 5.055556 5.795556 4.42000 5.475556 2.973333 4.02000 3.415556 2.935556 3.015556 3.975556 4.946667 4.351111 4.504444 1.933333 5.031111 4.471111 4.357778 2.462222 1.711111 5.675556 5.92000 6.0000 5.497778 1.568889 1.255556 0.257777 0.606666 1.088889 0.286666 0.044444 0.155555 1.137778 2.564444 1.624444 0.402222 0.0000 0.0000 0.0000 0.133333 2.091111 0.893333 3.577778 5.548889 5.991111 5.895556 5.897778 3.973333 4.62000
3.266667 3.144444 4.64000 1.666667 0.071111 0.0000 1.193333 2.76000 2.577778 2.96000 5.444444 5.795556 4.637778 5.802222 5.562222 3.931111 5.946667 5.848889 6.0000 5.991111 6.0000 5.782222 4.206667 5.642222 1.864444 2.122222 2.817778 5.631111 2.768889 1.713333 4.94000 5.353333 3.653333 2.72000 0.077777 1.364444 5.484444 6.0000 6.0000 5.835556 5.442222 1.502222 0.177777 2.617778 2.208889 0.84000 0.071111 0.164444 0.004444 0.0000 0.0000 0.0000 0.0000 0.0000 0.151111 0.046666 0.115555 0.0000 1.4000 5.591111 5.784444 5.724444 5.777778 5.635556 5.582222
0.688888 1.52000 1.817778 0.742222 1.204444 1.617778 5.046667 5.946667 5.244444 5.311111 4.837778 6.0000 6.0000 5.973333 5.991111 5.928889 5.893333 5.937778 6.0000 6.0000 6.0000 6.0000 4.508889 2.437778 2.415556 3.326667 3.128889 3.591111 4.366667 4.948889 5.648889 4.54000 2.348889 0.153333 0.0000 0.042222 1.093333 3.813333 4.475556 5.653333 6.0000 3.455556 0.906666 1.7000 2.506667 2.222222 0.028888 0.0000 0.0000 0.0000 0.0000 0.0000 0.0000 2.14000 5.508889 2.828889 0.0000 0.0000 1.54000 5.051111 5.964444 5.562222 5.973333 5.946667 5.946667
0.72000 1.811111 0.306666 2.117778 1.124444 5.462222 5.382222 6.0000 6.0000 6.0000 6.0000 5.324444 5.48000 5.262222 5.697778 3.924444 3.511111 4.133333 4.931111 5.973333 6.0000 5.955556 4.18000 3.382222 3.015556 2.284444 4.117778 4.635556 5.566667 5.266667 4.486667 4.346667 1.52000 0.0000 0.115555 0.464444 0.917777 0.726666 0.0000 2.922222 6.0000 6.0000 3.068889 1.155556 0.006666 0.0000 0.0000 0.0000 0.0000 0.0000 0.0000 0.0000 0.126666 3.717778 5.946667 5.211111 2.568889 0.28000 0.728888 4.86000 6.0000 6.0000 6.0000 6.0000 5.32000
0.0000 0.0000 2.466667 2.644444 1.713333 5.017778 5.835556 5.337778 6.0000 6.0000 5.955556 4.72000 3.991111 4.424444 0.697777 0.26000 1.042222 2.846667 5.104444 5.4000 4.233333 4.655556 4.42000 5.293333 3.595556 3.297778 0.648888 3.544444 5.953333 5.182222 4.697778 3.684444 3.693333 1.731111 0.884444 3.668889 1.835556 0.462222 0.013333 0.275555 4.946667 5.848889 3.944444 0.786666 0.0000 0.0000 0.057777 0.0000 0.0000 0.0000 0.128888 2.324444 3.555556 2.011111 5.831111 6.0000 6.0000 5.957778 4.36000 5.44000 6.0000 6.0000 6.0000 6.0000 6.0000
0.015555 0.84000 0.671111 3.073333 2.173333 4.846667 5.228889 6.0000 6.0000 6.0000 5.653333 3.384444 1.288889 2.851111 0.357777 0.277777 1.42000 0.155555 1.395556 3.082222 1.5000 1.071111 5.695556 5.817778 5.206667 1.006667 0.017777 0.442222 4.331111 5.222222 5.004444 3.024444 2.855556 3.486667 3.962222 2.842222 4.411111 0.604444 0.495555 0.06000 2.464444 6.0000 5.333333 2.773333 0.024444 0.0000 0.057777 0.071111 0.0000 0.622222 4.164444 5.508889 4.724444 2.04000 1.695556 2.32000 4.335556 5.768889 6.0000 6.0000 6.0000 6.0000 6.0000 6.0000 6.0000
