data/outputs/Figueira/2015/resolution_1/CONT_NORM_1_30.asc
ncols         50
nrows         50
xllcorner     -8.238677953804
yllcorner      39.915521016488
cellsize       0.000269796480
NODATA_value  -9999
42 64 92 49 7 50 63 47 51 83 47 9 7 0 0 0 38 71 25 27 14 91 89 11 21 84 93 78 93 39 51 64 60 76 90 22 0 0 5 32 76 81 66 6 3 40 79 46 18 1
33 44 77 75 41 70 98 44 66 82 58 38 7 6 0 0 46 62 0 14 49 94 68 0 10 58 97 98 64 60 93 37 35 54 20 21 0 0 15 79 92 38 94 54 20 16 83 77 13 0
44 82 99 44 48 97 58 34 92 60 48 23 74 4 0 14 43 7 12 24 78 64 7 13 38 38 88 100 78 41 42 21 35 61 27 38 29 11 28 66 53 64 49 68 92 40 40 39 83 36
65 87 27 38 65 53 18 16 69 79 73 7 40 22 0 0 11 2 4 0 3 1 1 89 83 94 100 100 100 84 44 42 92 91 70 55 64 50 23 2 24 24 44 13 12 65 97 99 98 95
67 68 10 10 83 37 23 11 2 6 82 46 0 24 0 3 24 18 1 0 23 26 11 19 72 96 100 87 94 93 100 98 97 100 83 55 89 86 32 38 63 66 93 95 95 61 83 65 53 56
50 17 1 1 39 86 6 30 19 65 92 74 25 2 2 1 25 40 2 38 14 26 53 38 83 95 100 85 35 32 77 95 97 100 100 83 71 71 58 52 74 90 100 100 100 56 24 1 8 8
57 14 2 11 53 23 14 54 97 96 78 38 57 35 38 54 8 15 64 82 33 27 36 93 90 98 100 97 68 19 36 43 93 100 93 60 84 99 90 30 43 57 97 100 98 63 24 0 1 10
70 62 22 5 31 16 27 12 41 55 27 32 44 92 33 54 35 13 52 70 91 40 9 31 82 91 100 92 47 83 76 4 82 100 99 89 98 98 67 95 77 61 78 97 84 62 33 11 6 15
36 36 36 44 2 12 48 86 26 19 41 53 69 96 87 46 64 76 98 81 40 0 0 1 50 40 29 12 63 69 46 15 71 99 100 97 95 81 99 100 80 67 59 80 68 42 42 74 77 12
64 16 59 17 28 18 10 30 25 15 61 65 98 96 55 27 93 100 100 90 38 8 0 0 13 36 9 20 2 2 0 48 81 68 99 100 97 80 100 90 84 44 13 61 59 28 80 55 38 4
69 55 60 0 0 5 48 75 23 0 18 60 96 90 75 33 24 59 46 22 42 44 0 0 0 38 79 68 71 17 14 75 98 67 90 85 89 100 80 76 42 18 22 12 11 13 17 26 19 24
96 98 42 0 0 2 34 40 38 6 3 6 48 11 31 3 4 3 0 0 64 89 2 0 1 0 12 46 97 89 60 100 82 20 20 39 85 91 98 92 33 0 0 2 17 3 18 70 44 58
82 96 84 32 36 27 80 16 0 4 44 28 7 16 69 29 50 8 19 22 50 73 71 40 5 0 1 38 93 96 59 100 85 69 61 99 100 94 71 21 1 0 2 2 0 0 2 82 80 76
14 43 55 79 87 79 62 5 8 2 11 49 49 19 9 27 21 6 20 34 87 89 67 41 68 80 89 72 45 19 45 86 78 37 70 94 100 99 63 3 0 0 0 0 1 5 10 30 80 90
0 31 38 22 81 100 69 8 8 18 15 50 24 47 78 22 0 3 26 44 24 6 21 17 98 100 100 99 22 6 44 73 28 46 45 89 42 59 36 25 28 2 7 12 1 2 9 36 98 86
11 50 100 85 33 59 55 77 78 97 45 55 100 38 31 15 8 3 4 3 30 50 93 94 97 98 98 100 90 49 44 31 27 99 99 91 3 0 11 50 60 18 5 55 39 64 78 72 99 66
79 70 53 48 79 99 98 66 92 58 58 11 67 85 22 9 20 37 71 49 12 1 14 65 65 15 7 69 98 92 64 46 92 100 100 100 48 69 68 36 95 66 23 40 72 86 80 78 97 44
19 2 30 19 16 88 97 73 31 68 28 30 42 37 11 8 4 9 47 76 90 72 35 16 4 3 0 3 20 74 53 97 59 79 74 80 89 63 37 62 100 85 31 23 26 72 96 98 99 97
3 6 50 47 49 60 49 29 52 71 24 53 75 30 33 13 10 2 25 21 90 91 95 58 6 0 0 2 12 36 65 73 92 94 39 80 91 86 50 90 100 75 59 44 98 100 93 81 97 88
18 13 88 99 97 64 45 62 92 93 92 89 45 74 31 29 53 14 3 3 66 16 59 49 60 2 18 54 55 32 4 4 24 32 50 47 78 92 95 82 97 77 75 91 100 97 100 83 100 91
47 49 70 100 100 99 100 71 91 34 89 69 54 95 61 33 50 62 31 38 32 3 21 90 89 64 70 74 31 27 41 80 77 68 57 25 15 6 9 21 44 57 66 89 62 78 87 89 91 97
91 100 55 97 88 87 82 29 50 41 47 27 71 31 40 55 24 24 46 32 4 15 7 48 80 100 100 82 93 83 81 66 49 78 100 83 88 89 86 87 65 48 47 36 17 16 49 56 57 59
92 58 3 89 82 9 33 48 44 41 19 12 57 42 47 38 42 46 19 1 21 30 45 79 52 85 88 53 89 100 97 93 39 69 97 80 72 90 97 65 94 92 82 77 51 92 94 80 33 0
42 18 30 87 87 10 7 1 1 14 56 46 18 73 99 82 27 34 26 12 20 28 61 99 92 87 92 63 67 99 86 73 76 54 82 81 91 77 95 97 100 100 66 57 47 94 100 100 83 9
27 10 64 73 28 37 17 22 68 68 72 29 38 52 26 32 7 5 2 36 11 44 68 92 37 48 21 74 80 95 100 47 30 26 59 52 70 91 100 58 93 80 18 14 24 73 100 87 24 48
45 34 46 36 40 78 88 99 99 79 80 4 6 5 6 10 14 5 12 25 21 36 24 10 2 3 14 83 64 55 41 31 38 74 95 100 93 97 95 93 64 99 88 41 81 99 100 80 75 80
0 16 33 43 62 49 43 85 59 32 10 5 12 8 25 10 25 4 0 7 1 1 0 15 3 0 0 38 51 3 8 25 63 99 88 92 89 46 73 79 90 100 100 72 94 100 96 36 59 61
46 1 11 8 35 28 22 16 28 31 48 25 58 66 79 29 34 54 26 11 35 3 2 16 38 34 12 9 1 33 2 33 88 97 100 99 91 31 2 17 22 84 91 100 100 100 62 43 31 26
40 0 13 52 66 96 56 31 64 98 100 93 93 98 100 90 87 80 99 37 22 21 39 35 58 26 31 72 77 42 1 5 44 23 67 100 69 17 53 30 20 28 94 90 82 100 73 93 74 13
17 3 0 12 37 91 71 47 34 90 100 99 93 76 66 84 92 43 17 14 36 52 61 75 14 21 9 97 100 81 28 5 11 66 99 91 43 52 54 33 18 15 85 60 80 92 74 50 3 0
4 8 31 12 11 25 40 92 29 57 94 85 66 12 5 54 98 78 52 17 33 14 21 0 8 16 28 85 100 100 74 47 45 92 100 99 78 39 42 98 94 31 11 38 94 88 44 46 30 58
12 59 77 17 6 42 28 28 6 71 55 40 21 2 40 97 73 48 16 26 90 39 23 45 86 26 1 42 52 60 94 34 28 61 76 72 63 58 49 85 100 97 90 88 97 100 93 42 36 45
4 11 81 53 67 37 57 14 29 70 13 5 31 46 91 74 9 21 32 52 65 61 7 52 100 50 35 41 62 84 22 26 48 79 78 80 77 43 29 55 100 100 68 38 95 100 100 63 34 47
7 9 50 94 57 79 29 37 68 61 67 31 4 27 86 50 15 28 54 99 93 74 28 20 52 70 23 6 46 98 57 79 100 100 100 80 83 92 84 77 58 77 73 76 100 96 78 96 61 41
1 17 65 58 19 33 33 28 72 64 48 30 55 89 100 96 75 45 83 100 86 63 54 18 24 34 9 0 46 95 67 67 98 93 100 76 76 87 94 84 80 72 82 99 100 99 79 98 96 67
20 17 44 65 27 37 39 35 29 56 63 100 88 66 23 34 75 99 100 100 89 82 44 22 28 69 41 50 16 15 29 51 54 60 33 3 94 100 90 89 91 69 61 78 97 89 100 99 91 39
59 38 44 44 22 39 24 71 59 70 73 64 33 12 0 16 99 42 63 70 100 100 77 0 16 27 43 79 75 69 40 92 45 30 0 12 25 62 99 100 78 92 99 83 71 5 81 80 71 4
94 59 44 20 28 32 16 25 78 81 44 3 0 7 0 19 85 33 24 90 100 97 40 1 32 26 15 81 100 98 60 36 22 45 27 19 43 65 94 99 92 87 89 90 79 25 69 100 84 50
94 83 51 46 51 20 6 32 18 49 37 8 0 2 20 81 80 54 65 94 97 54 15 16 41 11 42 88 88 100 98 76 2 19 19 28 47 67 68 34 85 75 86 82 81 100 100 100 99 39
83 85 59 22 4 1 6 48 26 23 15 8 2 6 34 77 63 13 27 91 68 25 36 34 27 5 5 19 85 86 81 51 53 69 49 58 27 59 81 71 56 39 36 55 85 86 64 94 99 74
65 56 25 3 3 33 16 26 53 62 43 49 32 45 70 65 76 33 81 74 52 16 30 6 53 48 1 4 52 79 77 54 39 46 54 89 68 44 67 96 97 27 14 2 66 99 94 68 87 84
36 37 12 62 67 92 93 89 98 100 99 70 41 63 57 85 37 6 68 92 68 23 32 1 0 0 9 36 0 57 96 97 95 61 42 60 98 88 72 20 46 40 33 28 12 70 83 100 94 73
11 31 55 94 100 92 80 44 48 89 87 72 51 54 92 72 29 21 16 13 95 37 0 0 0 10 39 96 62 64 100 100 94 72 59 82 99 66 66 23 34 60 38 66 74 90 95 99 95 65
9 53 58 93 97 65 39 23 34 39 32 98 69 3 68 54 61 55 45 3 71 63 6 4 22 75 37 27 69 99 100 99 99 43 100 100 100 95 95 62 40 46 62 73 99 100 100 100 100 97
15 28 85 100 55 25 35 17 13 58 45 94 99 57 49 85 81 64 54 39 68 88 77 21 36 27 51 49 78 64 51 76 79 43 43 55 66 92 100 100 89 98 98 100 96 91 100 100 100 97
43 90 35 18 49 80 98 84 70 49 65 66 83 83 5 65 87 35 38 34 25 16 97 81 61 8 30 47 31 19 26 45 69 68 68 37 58 37 53 76 98 99 98 52 74 44 100 99 100 97
80 94 80 75 46 28 72 84 50 77 92 96 71 86 78 47 74 93 99 52 52 61 35 87 96 13 2 3 8 17 39 44 44 49 32 59 50 53 49 73 84 99 90 69 87 96 99 96 72 97
96 72 52 76 95 95 38 37 83 93 97 99 83 77 96 75 70 100 100 85 57 52 7 42 97 38 77 27 26 7 13 24 65 57 72 43 93 99 75 90 91 91 76 99 86 82 99 90 96 97
96 79 72 59 71 86 82 52 43 50 100 100 96 98 99 95 95 100 96 88 61 50 26 24 76 68 96 95 23 0 2 6 14 25 57 69 47 63 97 59 64 63 61 93 46 49 88 72 86 71
37 80 80 52 69 82 78 71 86 72 84 40 72 95 97 97 97 97 92 91 95 47 40 27 28 14 90 87 52 7 7 26 31 72 61 44 76 66 67 74 47 63 72 76 65 80 59 61 25 14
