data/outputs/Figueira/2015/resolution_1/CONT_NORM_1_35.asc
ncols         42
nrows         42
xllcorner     -8.238677953804
yllcorner      39.915521016488
cellsize       0.000314762560
NODATA_value  -9999
33 55 86 61 57 97 46 72 62 44 25 5 0 4 68 16 9 54 94 41 0 32 83 98 61 70 66 26 52 21 15 0 1 55 96 43 87 49 22 50 84 28
55 85 65 16 95 44 37 96 73 20 58 8 0 15 25 10 7 53 35 5 47 54 85 100 86 45 19 41 80 32 47 41 22 28 49 55 43 51 76 55 43 86
53 72 19 73 45 28 20 39 63 40 14 31 0 4 22 4 1 3 8 19 73 91 100 100 97 83 79 83 95 80 59 83 37 12 15 31 65 49 33 87 100 99
83 18 1 14 79 9 3 3 58 96 25 11 0 3 46 7 10 26 26 23 36 94 100 80 64 74 99 96 100 100 67 70 81 59 76 98 96 100 90 51 18 9
36 8 2 35 53 20 70 89 98 45 57 20 25 28 7 30 75 31 22 71 92 94 100 98 45 12 47 83 100 95 70 92 82 46 37 60 99 100 98 24 7 2
67 55 7 24 16 24 14 65 35 37 39 84 35 67 15 37 66 81 38 7 65 85 100 94 47 91 37 46 98 99 86 98 88 78 85 60 82 98 75 40 15 5
37 45 29 24 15 41 82 26 37 48 65 95 80 53 69 96 88 41 0 0 7 64 28 12 56 55 21 47 93 100 98 96 83 100 87 65 59 82 51 47 72 70
56 27 49 15 13 29 21 15 20 58 96 97 51 31 95 94 85 36 7 0 0 33 31 27 6 2 17 88 61 99 100 85 98 91 75 50 12 58 30 51 55 29
83 77 8 0 1 23 74 30 1 19 76 57 54 15 18 17 11 47 60 0 0 0 53 56 96 33 64 91 55 62 60 90 99 77 52 8 10 3 16 5 32 35
94 100 39 11 15 65 20 2 21 12 7 20 56 20 24 1 10 57 76 31 9 2 0 39 99 92 78 97 50 40 84 88 92 69 26 0 2 1 3 1 72 62
28 73 77 71 64 73 8 7 4 53 45 14 16 32 23 10 28 66 95 77 43 51 60 65 52 45 65 95 63 63 96 100 92 19 0 0 0 0 0 4 25 85
0 42 25 54 99 67 8 5 20 32 27 41 67 10 1 18 49 36 12 15 54 100 100 97 22 12 49 55 38 48 84 54 59 23 28 1 6 8 1 2 30 91
24 70 100 52 60 62 78 86 82 35 99 50 26 17 5 15 1 24 46 94 93 97 88 98 89 48 41 20 88 99 81 0 10 34 73 18 9 51 46 75 71 96
71 39 41 37 98 98 74 70 51 25 43 90 18 6 15 60 69 37 7 11 56 18 0 41 86 98 48 70 94 100 99 57 84 31 90 85 45 29 78 87 86 96
0 2 46 11 72 81 49 46 54 18 43 16 14 10 7 27 39 90 96 61 17 0 0 2 16 66 86 75 78 57 76 93 41 48 98 71 23 41 62 92 99 99
8 34 82 84 66 18 28 90 69 87 77 53 46 21 17 9 6 68 49 75 48 5 0 22 26 13 30 48 66 60 76 96 97 86 96 90 89 80 98 98 79 94
42 32 88 100 98 98 87 87 63 84 54 88 42 35 69 25 18 41 4 45 92 65 49 75 37 36 51 60 45 36 17 19 27 32 64 69 69 91 77 85 91 98
88 93 71 100 86 82 30 48 50 34 59 46 50 42 32 33 45 10 11 19 66 91 100 87 85 76 69 55 72 100 80 83 75 77 63 40 42 32 19 44 60 57
88 32 38 100 25 24 41 43 20 22 40 47 54 39 52 27 4 18 33 57 76 68 96 53 87 98 95 56 59 95 81 75 100 84 84 94 83 70 72 94 87 47
26 34 55 90 34 6 0 11 44 70 36 67 89 60 23 33 13 13 28 86 88 85 88 75 79 100 84 65 48 65 70 85 78 97 100 95 43 38 54 100 98 65
40 14 55 22 40 51 62 90 94 22 14 25 5 5 4 6 19 26 49 59 42 17 2 68 82 93 64 13 30 75 79 82 100 83 53 88 46 27 60 98 98 60
20 35 58 68 77 70 89 76 42 21 10 6 12 9 22 6 16 10 4 6 8 1 8 53 49 8 41 41 100 91 95 94 80 92 99 99 94 53 100 100 59 44
25 5 2 17 24 29 34 17 23 19 37 52 61 18 33 18 7 26 3 0 12 30 16 8 2 20 17 47 100 99 95 75 16 18 29 87 95 100 100 86 56 37
39 3 26 61 78 53 31 75 97 88 93 94 99 92 75 94 56 19 15 37 56 41 17 60 61 30 7 26 45 62 99 54 32 43 14 33 93 87 93 85 77 79
15 0 7 16 81 68 49 56 91 98 94 74 58 82 79 23 15 30 43 68 38 16 16 84 98 76 11 14 52 97 87 60 45 52 32 13 74 59 89 77 52 5
5 32 35 8 15 36 75 14 85 86 60 13 10 80 99 72 17 46 22 9 16 16 21 56 90 98 69 32 87 99 90 58 37 83 97 59 29 71 87 86 52 47
9 54 70 21 23 52 17 25 61 11 12 8 72 82 33 14 12 74 44 27 80 75 4 60 59 51 61 9 46 73 73 73 33 49 100 100 96 75 100 99 52 30
7 9 85 68 71 38 22 59 60 28 26 42 87 26 10 41 86 88 61 9 60 84 39 13 58 96 23 84 100 86 76 89 78 53 62 94 54 68 100 92 95 51
3 25 77 40 41 33 43 76 66 35 27 68 100 90 46 46 100 93 63 43 24 26 24 0 51 96 53 100 98 100 86 71 93 93 77 64 78 97 100 87 84 86
16 20 66 34 38 39 30 48 47 84 93 70 34 49 88 100 100 89 79 45 15 45 42 47 20 36 30 60 61 43 15 100 94 90 86 75 65 87 90 100 100 93
58 46 35 31 42 28 70 56 75 55 42 9 0 43 86 35 72 97 100 51 7 32 27 82 75 73 57 59 42 4 14 27 84 100 86 92 98 79 49 38 90 73
95 63 28 32 18 14 25 69 91 8 4 5 6 53 60 38 75 99 83 14 13 33 7 74 100 97 57 31 15 35 27 55 73 94 86 78 89 78 69 62 100 89
91 74 46 38 20 7 42 15 26 9 1 2 43 87 68 33 91 94 48 20 33 11 26 57 82 99 88 40 32 31 36 36 70 46 61 70 74 76 94 85 86 99
71 74 28 3 5 5 29 35 30 31 14 20 52 63 46 29 70 61 16 47 25 62 8 9 78 80 63 29 63 54 83 41 57 98 85 44 20 23 86 97 76 86
53 26 16 46 77 77 75 99 98 79 48 65 58 71 33 52 99 53 21 16 2 3 0 19 6 82 96 93 51 40 70 93 75 37 62 34 32 11 53 83 98 97
11 29 80 97 98 80 50 65 92 81 57 52 91 66 13 25 10 91 32 1 0 1 28 91 51 75 100 96 85 55 81 92 76 39 23 54 40 54 75 91 99 95
12 60 72 100 70 39 24 22 47 75 85 15 68 54 64 57 5 57 59 7 13 51 47 22 74 96 99 100 52 96 100 99 94 80 51 49 69 83 99 100 100 100
26 40 77 69 38 49 28 31 55 58 97 66 41 83 70 56 46 58 75 72 33 20 57 68 72 40 59 62 60 50 58 62 90 97 99 100 99 95 82 94 100 100
60 93 43 27 57 97 91 66 53 95 74 86 38 70 77 59 49 37 31 91 98 32 5 12 14 24 31 64 78 45 26 48 40 48 80 99 85 48 56 94 97 83
93 80 69 92 65 34 63 89 85 99 78 78 87 61 79 99 77 55 53 13 85 57 31 14 17 16 28 40 53 55 57 86 79 75 97 92 86 100 94 100 99 91
94 69 62 70 89 87 43 42 83 100 99 95 98 85 97 99 89 62 51 15 55 71 95 84 16 0 2 17 20 53 58 58 86 80 69 69 70 90 45 72 77 92
47 84 67 62 78 76 67 90 73 59 66 95 97 97 97 94 93 92 44 42 30 9 74 90 47 5 11 29 63 65 50 71 70 77 58 54 73 79 69 72 52 38
