data/outputs/Figueira/2015/resolution_1/CONT_SPEC_1_50.asc
ncols         30
nrows         30
xllcorner     -8.238677953804
yllcorner      39.915521016488
cellsize       0.000449660800
NODATA_value  -9999
2.749400 4.58000 2.09700 4.01500 3.24500 4.780200 2.249800 0.36000 0.097600 0.41200 3.759200 1.013600 2.876400 4.375200 0.728200 5.216400 5.170800 3.844600 4.164200 3.315200 4.264800 0.912400 0.0000 1.889400 4.583600 4.14100 0.36500 3.234800 3.181800 0.304800
3.273600 4.810600 2.447600 4.632400 2.291600 4.603800 2.405600 2.651800 0.006400 0.940400 1.225600 0.993200 3.955400 1.119200 2.08700 3.626400 5.946200 3.45800 1.88900 2.645400 2.174600 1.84100 1.321800 2.748600 3.124600 3.189800 4.03700 3.059800 3.731800 3.138600
4.311200 1.539200 3.602800 2.06200 0.839200 1.826600 3.88800 1.435400 0.195800 0.234800 0.988800 0.04000 1.026400 0.791400 4.080600 5.90600 5.651400 5.597400 4.96100 5.507400 5.322800 3.77300 4.088600 1.532800 2.665800 4.121200 3.627600 4.178600 4.791800 4.30900
2.05900 0.20500 1.868800 2.669600 2.209600 4.115800 4.529400 2.389200 0.755600 0.79000 1.580800 2.804200 1.172600 2.803200 4.709400 5.834400 5.281200 1.726200 3.893200 5.724800 5.91800 4.575400 4.875800 2.841600 3.868600 5.71500 5.998400 2.734400 0.254800 0.356400
3.800200 1.116200 1.222400 1.415400 1.511600 3.190600 2.129800 3.036400 3.72200 3.184400 1.502800 4.221200 4.17700 0.357600 3.854400 5.361600 4.608600 3.913200 2.754800 4.514800 5.895600 5.188400 5.622200 5.050600 4.034600 4.542600 4.791200 3.026800 1.594400 0.749400
2.617400 2.194600 1.592600 0.906200 2.787800 1.250200 3.44200 5.24700 4.822400 3.386600 5.656800 5.594200 1.291200 0.008400 0.997800 1.513200 0.926200 1.582600 1.067600 3.91500 5.628200 5.944400 5.144600 5.791600 4.701800 2.128600 4.660200 2.587600 3.705200 1.706400
4.403200 2.690600 0.00200 0.799400 3.620200 0.573600 1.15200 4.414400 3.184800 1.005400 1.884800 1.205600 3.30700 0.48900 0.0000 2.180200 3.436600 3.566800 3.159800 4.781400 3.56200 4.385200 5.57100 4.926800 1.811200 0.589400 0.874400 0.616800 2.340200 1.814400
4.82300 4.849200 2.201800 2.930800 1.552400 0.318800 1.989400 1.502800 2.224400 1.556600 0.74700 0.88000 4.30100 3.858200 0.969200 0.73900 2.744200 5.12300 4.679200 5.330200 2.912200 5.673400 5.712800 2.646800 0.155400 0.066800 0.024600 0.029600 4.066600 4.276200
0.341800 2.698200 3.941800 5.243600 0.731800 0.551600 1.624200 1.697200 2.777600 1.107600 0.548400 2.361400 2.835800 1.752800 4.048200 5.86500 5.358400 0.644200 2.948400 3.323200 2.826800 4.782800 4.315400 1.481800 0.645200 0.247400 0.211800 0.207400 2.326600 5.427400
2.818600 5.226200 3.557400 4.372800 4.266400 5.463400 2.516600 5.071400 1.901200 0.958200 1.46100 1.130600 1.333200 3.76100 5.506400 3.873600 5.297800 4.596800 2.786200 3.590200 5.970400 3.82200 1.39300 2.45400 3.744600 0.900400 2.931800 4.31600 4.81800 4.207400
1.184200 1.357600 1.364200 5.398600 4.27700 3.073400 1.42700 2.755400 1.30600 0.500400 0.803200 3.581800 4.397400 2.402200 0.80600 0.069200 0.653800 3.85000 4.339400 4.203800 4.765800 5.062600 3.943400 3.017400 5.68200 2.348600 2.397400 5.304800 5.691800 5.632200
0.51800 4.047600 5.045400 2.837200 2.85200 5.33100 4.363800 3.852800 2.784400 1.716600 0.753600 0.631800 3.866400 3.93000 2.71300 0.133200 1.930200 1.759400 1.724200 2.891600 2.983800 4.190600 5.572400 5.075800 5.696600 4.518600 5.275200 5.791200 5.14000 5.634400
3.997400 4.656800 5.837600 5.897200 3.847800 3.123400 4.026400 3.927200 3.405800 2.149600 2.634600 2.402200 0.908400 1.25800 5.005400 4.750800 4.798600 2.741200 3.597400 4.374400 4.588200 2.957800 2.044800 2.548600 2.717200 3.295400 2.728800 3.520600 5.17400 5.087800
4.606200 1.507600 5.418400 1.313800 2.316600 2.343600 1.061200 2.712200 2.96100 3.110600 2.492800 0.399800 1.574400 2.550400 4.345200 5.480800 3.69900 5.887400 5.623800 2.350200 5.392200 4.912400 5.655200 5.126200 5.646800 5.102200 3.922400 4.903600 4.067200 1.368200
1.187200 3.253600 3.851600 1.039600 1.143600 2.842400 3.59000 1.945200 3.819600 2.017800 1.000400 1.151600 1.338200 3.954400 4.298200 3.55600 4.11000 5.279600 5.115200 3.235400 2.95200 4.268800 4.74400 5.029400 5.612600 2.425200 1.50300 5.298200 5.236800 1.920800
1.87200 2.357800 3.36500 4.311200 5.410200 4.445800 2.019800 0.52700 0.300800 0.483600 0.784200 0.912800 0.961800 1.059200 0.39500 0.301400 3.592600 2.732200 2.069800 2.77200 5.392600 5.853200 5.15500 5.584600 5.188600 5.314400 4.016200 5.968400 3.98900 4.260600
1.481400 0.34400 1.767600 2.046600 1.68700 2.310400 2.260200 3.141600 4.455800 2.269600 2.367600 1.356600 1.058600 0.48600 1.614200 1.310400 0.782800 1.185600 0.71300 4.423600 5.30800 5.775600 2.025600 1.288400 3.066200 5.68400 5.847600 5.205800 3.216600 2.411200
0.82600 0.54200 2.492400 5.294600 2.534800 4.676800 5.980400 5.850400 4.733400 5.479800 4.028400 1.992200 2.373600 2.815200 2.706400 1.207800 4.853400 4.676600 0.645200 1.205800 4.059800 4.717400 2.445800 2.583800 0.715600 4.502800 4.467600 5.38600 3.973800 0.532800
0.816400 2.534600 0.501400 1.630800 3.486200 2.55600 4.719600 2.753800 0.581200 4.806200 4.478400 1.567600 2.75800 0.79700 1.889200 0.97800 3.374200 5.232400 4.235200 2.821600 5.414600 4.533800 3.31000 4.817800 4.915200 2.555600 5.08800 5.144600 2.644800 2.909600
0.62800 3.845600 3.09500 2.780400 1.203600 3.140600 1.10500 1.347400 3.702800 2.78600 1.388400 2.628600 4.423600 1.364200 4.946800 2.602400 2.484600 4.246200 2.36800 3.092200 4.629200 4.959400 3.53400 2.545600 5.691800 4.317800 4.837600 5.994400 3.782800 2.129800
0.549200 3.294600 2.69800 3.037200 2.183600 4.294400 3.070600 2.18000 5.261800 4.491400 2.28700 5.594600 4.722600 2.838200 1.26300 2.08600 0.095400 5.068600 3.79600 5.803600 5.980200 4.509200 5.236400 5.457800 4.268600 4.62700 5.946800 5.38400 5.437600 4.07900
1.71000 2.317400 2.140200 2.514200 2.336600 3.167200 4.798200 3.930200 1.757600 2.795400 4.894400 5.449800 5.451200 3.498600 1.030800 2.29300 3.61300 1.717400 2.880200 3.414600 1.600200 2.074400 5.336200 5.574600 4.868200 4.55900 4.779600 4.16400 5.475200 2.841400
4.729200 2.781400 1.911200 1.316800 2.282400 4.463400 1.864600 0.42600 0.297600 3.30700 2.68700 4.016200 5.864400 2.492600 1.000200 1.257800 4.85000 5.962800 3.791400 1.476600 1.865400 1.58500 3.386200 5.676200 5.101400 5.555800 5.110800 2.830800 5.841200 3.476400
5.242600 3.492800 1.635800 0.461200 1.907600 1.418200 0.915400 0.182200 1.131400 4.648600 2.046800 4.531800 3.748800 1.896800 1.805600 0.734200 2.92000 5.418400 5.046600 2.184200 2.383200 2.498200 3.465200 3.579400 3.852400 3.55100 4.46500 5.202200 5.595600 4.359800
3.47200 1.095800 1.471800 3.009400 3.249800 4.479200 3.956800 2.37700 3.67000 4.260800 2.30800 5.174200 2.290600 1.54400 1.192800 1.06000 0.700600 3.360400 4.816800 3.541600 2.785600 4.906200 3.83400 3.829600 3.792800 1.684800 1.83000 5.365200 4.93600 5.105600
0.92800 3.413200 5.847600 4.94000 3.16600 4.22400 4.485600 3.030400 4.330400 3.553400 1.397800 1.36800 4.342200 0.517800 0.016400 1.63600 4.332200 3.71400 5.999200 5.727200 3.727400 5.257800 4.961600 2.444800 2.435600 2.718200 3.365400 5.33500 5.927800 4.906800
1.272800 4.531200 4.94100 2.334600 1.548400 2.478200 3.82100 5.04400 2.503400 4.347800 3.918200 1.94600 4.553800 2.686400 1.616600 2.696800 2.178800 4.83600 4.594200 4.701200 3.362200 4.482800 5.651600 5.733600 4.270600 5.200200 5.787200 5.799600 5.991200 5.88000
4.288800 3.579200 2.200600 4.572400 4.807200 3.711200 4.628400 4.824400 3.114600 4.177800 3.806800 3.118800 2.112200 4.167400 4.747600 0.767400 1.493800 1.14900 2.269200 3.627600 3.438600 2.619200 2.843800 3.73500 5.61400 5.158200 4.049800 4.70200 5.74400 5.454800
5.404600 3.750200 5.247400 4.097800 2.659800 5.070600 5.84000 5.011400 5.516600 4.157600 5.660800 5.053200 3.455800 1.358400 4.837600 3.25900 2.276200 0.721400 1.09600 2.387200 3.108400 3.500400 5.514800 4.410200 5.469600 5.01300 5.126200 5.010400 5.399400 5.81500
4.013600 4.368200 3.809200 4.980800 4.02600 3.729400 4.730400 4.865400 5.88000 5.864800 5.838600 5.569800 4.210400 2.070600 1.999400 3.18600 5.407600 0.855200 0.545800 1.731200 3.736200 3.664600 3.828800 4.56000 3.125200 4.28000 4.137400 4.549400 3.680400 2.131400
