data/outputs/Figueira/2015/resolution_1/CONT_SPEC_1_20.asc
ncols         75
nrows         75
xllcorner     -8.238677953804
yllcorner      39.915521016488
cellsize       0.000179864320
NODATA_value  -9999
[rows 28 to 55 of 75, columns 0 to 64 of 75]
0.741250 0.12000 1.753750 4.967500 4.807500 4.822500 5.38000 4.953750 1.417500 0.39000 0.28500 0.137500 3.627500 6.0000 5.071250 2.613750 5.543750 5.93500 5.351250 2.56500 3.407500 1.308750 4.79000 1.051250 0.84000 1.08000 0.01500 0.362500 0.033750 0.868750 4.496250 4.738750 1.846250 3.128750 5.51500 2.366250 1.757500 0.047500 0.0000 0.0000 0.343750 1.436250 0.912500 0.00500 0.032500 1.07500 2.02500 1.943750 4.846250 5.132500 5.71000 4.512500 4.142500 4.207500 5.356250 5.94000 6.0000 5.428750 4.802500 4.871250 5.847500 5.61000 6.0000 5.647500 4.487500
1.643750 0.348750 0.56500 4.432500 5.99500 6.0000 6.0000 6.0000 3.377500 3.018750 5.37500 5.693750 6.0000 5.867500 5.221250 5.5000 6.0000 4.457500 3.617500 2.167500 5.23500 2.586250 0.87500 0.601250 5.048750 2.091250 0.781250 0.008750 0.681250 0.0000 3.097500 3.587500 0.43500 3.417500 3.466250 3.268750 5.576250 1.387500 0.02500 0.597500 4.436250 3.036250 5.331250 3.571250 1.928750 0.58000 0.242500 0.04500 0.143750 0.163750 0.473750 1.257500 1.541250 2.83000 4.06000 4.987500 5.391250 5.677500 5.46000 5.472500 6.0000 5.877500 3.19500 3.306250 4.621250
1.996250 2.597500 1.071250 2.293750 5.64500 6.0000 6.0000 5.963750 5.97500 6.0000 5.38000 5.501250 6.0000 4.07000 1.83500 5.431250 5.44500 5.023750 3.593750 3.912500 5.863750 2.733750 2.827500 1.688750 3.671250 4.051250 1.936250 1.551250 0.168750 2.436250 1.983750 0.76500 0.32000 0.44000 3.57500 5.791250 6.0000 5.601250 2.552500 3.006250 3.41000 4.027500 1.89500 1.033750 2.238750 1.216250 4.701250 5.16500 4.327500 3.27500 3.041250 2.768750 0.67000 0.632500 0.253750 0.001250 0.157500 0.366250 1.668750 1.733750 3.773750 4.661250 5.267500 5.186250 5.746250
4.062500 5.843750 6.0000 6.0000 5.99000 6.0000 6.0000 5.80500 5.90500 6.0000 4.98500 0.67500 3.24000 2.297500 2.252500 3.77500 4.31500 1.988750 3.516250 4.513750 2.927500 4.508750 3.723750 1.1000 1.83000 3.811250 3.55000 2.948750 4.317500 2.913750 1.802500 0.041250 0.0000 0.016250 3.20500 5.99500 4.212500 3.903750 5.831250 6.0000 6.0000 6.0000 3.73000 2.717500 1.886250 2.79500 2.917500 3.732500 5.7000 5.353750 6.0000 6.0000 6.0000 3.258750 4.53000 2.061250 2.12500 1.653750 2.218750 1.886250 0.701250 0.10500 0.11500 0.59500 1.523750
5.251250 6.0000 5.977500 2.521250 3.013750 6.0000 5.98500 4.128750 4.686250 4.572500 3.386250 1.633750 3.203750 3.506250 2.828750 2.961250 0.648750 1.698750 4.47500 3.981250 1.162500 0.86500 4.483750 3.69000 0.99500 1.608750 0.188750 2.42000 2.322500 0.72500 0.417500 0.877500 1.21000 0.847500 0.583750 1.90500 4.926250 6.0000 6.0000 6.0000 5.291250 4.232500 6.0000 6.0000 6.0000 5.816250 5.65000 4.083750 1.471250 1.958750 5.5000 6.0000 5.741250 4.616250 5.953750 5.881250 5.95500 6.0000 5.92500 6.0000 5.931250 3.758750 4.593750 4.987500 3.562500
5.606250 6.0000 3.422500 0.031250 1.917500 6.0000 6.0000 0.938750 0.046250 1.321250 4.548750 2.797500 3.608750 4.028750 2.22500 0.86500 1.761250 0.238750 2.306250 4.19500 3.19000 1.777500 2.286250 1.778750 1.88000 3.51000 0.621250 0.82500 0.707500 0.0000 1.671250 0.713750 1.15000 2.472500 2.55500 4.506250 2.99500 4.39000 6.0000 6.0000 3.287500 4.183750 4.9000 6.0000 6.0000 5.63500 6.0000 5.128750 1.998750 4.116250 5.04500 6.0000 5.122500 4.01000 2.96500 5.761250 5.99500 6.0000 4.708750 4.146250 5.393750 5.953750 4.967500 4.7000 3.4000
5.097500 2.346250 0.51000 0.60500 2.5000 6.0000 5.81500 3.718750 0.557500 0.0000 2.038750 0.388750 0.146250 0.941250 1.177500 1.042500 1.346250 0.918750 2.57000 2.77000 2.22500 4.79500 5.00500 4.776250 2.883750 3.372500 3.787500 1.45000 0.147500 0.187500 0.511250 3.438750 2.441250 2.758750 5.522500 6.0000 4.89500 2.508750 5.493750 5.87500 2.362500 3.931250 3.96500 5.946250 6.0000 5.772500 4.89500 4.628750 2.668750 0.653750 4.733750 5.861250 5.356250 5.878750 5.627500 4.15500 5.933750 6.0000 5.842500 3.916250 5.85500 6.0000 6.0000 6.0000 5.981250
2.95000 0.173750 2.268750 2.78000 2.486250 6.0000 5.81000 2.218750 0.403750 0.211250 0.736250 0.0000 0.0000 0.202500 1.087500 4.132500 4.968750 2.666250 1.487500 1.02500 5.93000 6.0000 5.712500 3.851250 1.133750 0.761250 2.153750 3.062500 0.328750 1.087500 1.643750 0.191250 1.52500 2.69000 6.0000 5.86000 5.003750 5.456250 5.881250 6.0000 4.382500 4.001250 3.51500 5.692500 6.0000 5.498750 4.84000 4.643750 5.761250 5.673750 1.611250 5.451250 4.052500 4.241250 5.618750 4.738750 3.722500 5.367500 5.80500 5.98000 6.0000 6.0000 6.0000 3.9000 1.551250
0.88500 1.201250 0.77500 5.253750 4.308750 5.46000 2.103750 3.35000 1.80500 0.27500 0.807500 0.0000 3.153750 2.932500 3.971250 5.718750 2.716250 2.746250 3.626250 2.671250 4.083750 2.043750 2.903750 2.573750 0.422500 0.961250 0.0000 0.236250 0.266250 3.19500 0.211250 1.082500 3.093750 4.712500 5.956250 6.0000 2.727500 4.381250 3.028750 1.411250 3.68000 5.657500 5.733750 4.503750 6.0000 5.97000 5.713750 1.717500 1.811250 3.292500 0.756250 3.202500 0.762500 3.222500 4.856250 3.848750 4.896250 6.0000 5.991250 3.742500 5.981250 5.933750 3.476250 0.862500 0.546250
2.782500 2.548750 0.24000 1.202500 1.996250 2.123750 0.01500 1.151250 3.226250 2.626250 5.048750 4.501250 5.49000 5.78000 5.818750 5.312500 1.77000 0.0000 0.2000 0.32500 1.566250 0.31000 0.0000 0.0000 0.143750 0.041250 0.0000 0.452500 0.007500 2.008750 0.836250 3.297500 3.197500 1.008750 4.426250 2.553750 0.882500 0.382500 0.29000 0.037500 1.786250 5.05000 5.81500 4.507500 6.0000 5.176250 4.093750 0.973750 0.638750 0.28000 2.272500 5.072500 5.373750 5.697500 5.773750 5.256250 6.0000 6.0000 5.561250 2.07500 2.416250 5.51500 5.95500 4.257500 2.37500
3.403750 2.023750 1.711250 3.386250 3.583750 2.25000 3.606250 4.436250 5.031250 5.323750 6.0000 5.94000 5.917500 5.213750 4.258750 3.69500 2.692500 0.332500 0.482500 0.633750 0.012500 0.126250 1.288750 0.676250 0.137500 1.941250 0.53500 1.08000 1.52500 1.318750 1.162500 1.03000 1.266250 1.303750 0.208750 0.13500 0.051250 0.276250 0.12500 1.45000 1.492500 5.426250 3.231250 2.16000 1.67000 1.076250 3.30500 1.50500 2.896250 4.79000 5.99500 6.0000 5.96500 6.0000 6.0000 4.95000 5.931250 6.0000 5.297500 6.0000 5.138750 5.011250 6.0000 5.97000 3.24500
0.008750 0.731250 1.536250 2.812500 3.141250 3.823750 5.342500 5.948750 2.922500 3.081250 3.08500 5.767500 5.346250 2.741250 2.712500 0.932500 0.283750 0.623750 0.833750 0.636250 0.00500 0.57000 0.942500 0.456250 0.496250 1.783750 0.297500 0.022500 0.068750 0.921250 0.096250 0.0000 0.022500 0.04500 0.702500 1.277500 0.227500 0.0000 0.002500 0.0000 0.11000 4.738750 5.208750 1.721250 0.131250 0.643750 1.478750 1.202500 3.47000 6.0000 6.0000 5.698750 4.70500 5.537500 5.55000 5.476250 3.1000 4.988750 5.497500 5.98000 5.92000 6.0000 6.0000 6.0000 5.82500
0.65000 0.047500 0.00500 0.00500 0.082500 0.853750 0.176250 0.572500 1.387500 1.446250 3.152500 3.3000 1.657500 0.268750 0.961250 0.86000 0.042500 0.0000 0.286250 3.327500 1.767500 4.42500 2.56000 0.16500 0.898750 0.82000 0.306250 0.0000 0.237500 0.031250 0.96500 0.22000 0.397500 0.0000 0.0000 0.08000 0.828750 0.427500 0.77500 0.262500 0.45500 0.246250 0.138750 0.41000 0.653750 0.0000 2.187500 1.347500 1.89000 6.0000 5.852500 5.911250 6.0000 5.40500 5.468750 2.67500 0.937500 1.722500 1.701250 1.056250 2.536250 5.98000 6.0000 6.0000 6.0000
3.852500 1.70500 0.083750 1.176250 0.387500 0.49500 3.513750 1.313750 2.407500 1.15500 0.04500 1.29000 2.17000 1.55000 2.78000 3.627500 2.506250 3.08000 4.381250 2.793750 5.453750 5.471250 1.766250 3.003750 3.46000 3.723750 3.99000 2.48500 1.376250 0.876250 3.54500 0.21000 0.0000 0.0000 1.022500 1.388750 2.326250 3.626250 2.007500 1.31500 0.00500 0.782500 0.152500 0.596250 2.732500 0.0000 0.44000 1.862500 6.0000 6.0000 5.632500 5.96500 5.892500 6.0000 5.871250 4.796250 0.75000 0.218750 1.096250 0.99000 0.172500 1.332500 5.93000 5.266250 5.486250
4.098750 0.676250 0.0000 0.877500 1.7000 3.957500 3.84000 4.62000 5.79500 4.37000 0.671250 1.02500 4.12500 5.731250 5.98500 6.0000 5.33500 5.658750 5.666250 5.196250 5.88500 5.97000 5.78000 4.926250 5.298750 4.022500 4.651250 5.943750 5.602500 1.348750 0.001250 1.293750 0.747500 2.023750 1.828750 3.012500 3.208750 2.997500 0.203750 1.962500 3.327500 3.692500 4.36500 1.866250 3.186250 0.0000 0.432500 0.228750 3.19000 5.177500 0.75500 2.812500 5.96500 6.0000 5.312500 1.70500 0.978750 3.992500 1.558750 1.162500 1.496250 2.26000 2.572500 5.767500 5.41500
1.03000 1.03000 0.0000 0.117500 0.852500 1.586250 2.908750 5.99500 6.0000 5.036250 2.973750 1.9000 0.18500 5.368750 6.0000 6.0000 6.0000 6.0000 6.0000 5.97000 6.0000 5.943750 6.0000 6.0000 5.942500 5.037500 5.252500 4.17000 2.711250 0.752500 2.143750 5.346250 2.347500 3.072500 3.54000 3.988750 3.581250 3.767500 0.873750 0.85000 3.72000 5.726250 5.69500 5.976250 3.326250 0.268750 0.302500 0.0000 0.0000 0.267500 0.973750 4.593750 5.902500 6.0000 3.431250 0.811250 1.558750 2.63500 0.981250 1.84000 0.072500 0.01000 0.19000 5.408750 5.798750
0.88500 0.441250 0.0000 0.0000 0.25500 1.023750 0.563750 4.33000 5.052500 4.107500 5.316250 2.308750 1.706250 4.516250 5.068750 6.0000 5.932500 5.94500 5.152500 5.942500 2.823750 2.676250 4.133750 4.428750 5.086250 4.59500 0.932500 0.761250 0.363750 0.913750 1.103750 2.6000 2.186250 2.313750 5.17500 3.456250 0.0000 0.037500 1.472500 0.292500 2.698750 6.0000 6.0000 4.896250 5.216250 3.151250 0.25500 0.607500 0.97000 3.093750 5.122500 6.0000 5.942500 4.84000 2.48000 5.573750 2.607500 3.842500 4.826250 2.13000 1.82500 0.927500 1.558750 4.456250 4.841250
0.072500 0.04000 0.007500 0.447500 0.28000 1.291250 0.931250 1.452500 1.218750 1.162500 4.88500 5.946250 2.54000 1.708750 3.828750 5.397500 4.807500 5.53000 5.376250 2.846250 0.473750 0.493750 0.536250 3.681250 5.8000 5.852500 3.167500 3.068750 2.79500 0.373750 0.252500 1.568750 0.047500 2.533750 0.317500 0.0000 0.0000 0.327500 1.701250 2.54000 3.93500 6.0000 6.0000 6.0000 6.0000 4.396250 2.296250 2.423750 2.557500 4.783750 5.44000 6.0000 6.0000 6.0000 5.132500 3.681250 2.237500 2.166250 4.336250 5.88500 5.45500 4.322500 0.32000 0.06500 0.066250
0.717500 0.56000 2.708750 4.418750 3.876250 0.2000 0.051250 0.242500 2.89500 1.10500 3.673750 3.49500 0.651250 1.24000 5.423750 5.82500 5.013750 4.281250 2.68000 1.26000 0.083750 0.402500 1.63000 5.792500 5.981250 5.97500 5.116250 4.67000 0.262500 1.25500 4.157500 4.84000 1.157500 0.00500 0.0000 1.438750 2.357500 1.577500 0.0000 0.192500 0.362500 2.548750 4.208750 5.963750 6.0000 6.0000 4.786250 2.088750 1.408750 5.17000 5.363750 5.952500 6.0000 5.277500 2.282500 3.948750 3.41500 1.837500 5.932500 6.0000 6.0000 5.661250 3.72000 3.262500 3.062500
0.93500 0.56500 5.558750 4.042500 3.577500 0.347500 0.796250 0.126250 3.698750 2.423750 1.748750 0.807500 0.0000 2.64000 3.94000 3.591250 0.478750 2.033750 1.051250 0.052500 0.0000 2.258750 5.688750 6.0000 3.546250 3.428750 1.171250 0.148750 0.003750 2.257500 5.563750 5.17500 1.05500 1.69000 2.326250 3.747500 5.962500 5.57500 0.75500 0.0000 0.701250 4.921250 3.70500 1.476250 2.858750 5.191250 4.792500 1.616250 0.66000 2.67500 2.633750 2.958750 5.116250 3.452500 4.378750 4.743750 2.281250 2.643750 3.14500 5.181250 6.0000 6.0000 6.0000 6.0000 4.89500
0.002500 0.792500 0.35000 4.843750 5.347500 1.683750 3.633750 2.662500 1.806250 3.553750 1.84500 0.891250 0.191250 2.876250 4.323750 1.166250 0.386250 0.202500 0.56500 1.116250 2.903750 4.866250 6.0000 4.618750 0.623750 0.017500 1.873750 1.778750 0.793750 2.551250 2.761250 3.058750 4.638750 0.202500 1.292500 3.711250 6.0000 5.66500 0.861250 0.76500 3.813750 2.786250 3.051250 5.488750 4.35000 0.822500 1.752500 1.147500 0.81000 2.723750 4.65000 5.636250 4.528750 5.423750 4.497500 4.066250 1.007500 1.667500 1.622500 5.302500 6.0000 6.0000 6.0000 5.11500 4.228750
0.561250 0.797500 0.167500 2.522500 5.711250 4.47000 4.533750 3.066250 3.833750 2.861250 1.838750 0.866250 2.826250 3.523750 3.203750 2.191250 0.776250 0.906250 1.92500 2.576250 2.18000 5.223750 3.947500 0.907500 0.586250 0.22000 2.946250 2.453750 4.777500 5.93500 5.712500 5.31500 3.27500 0.76500 0.681250 3.331250 5.86000 5.94000 3.436250 3.357500 1.42500 0.923750 1.616250 6.0000 5.722500 3.852500 0.18500 4.11500 5.976250 6.0000 6.0000 5.497500 4.507500 3.922500 5.453750 5.138750 4.9000 5.087500 1.22000 1.348750 4.451250 5.647500 5.97500 4.688750 0.316250
0.627500 0.583750 0.323750 1.871250 5.662500 5.382500 2.83500 4.35000 5.717500 2.06000 1.00500 3.516250 4.796250 4.748750 4.19000 4.61500 4.5000 0.973750 0.082500 1.123750 2.091250 5.807500 5.622500 3.671250 1.698750 0.713750 1.113750 1.812500 5.833750 6.0000 5.176250 5.982500 3.632500 2.512500 0.768750 1.193750 1.862500 2.77500 4.312500 0.932500 0.277500 0.053750 1.296250 5.651250 5.97500 5.347500 1.776250 6.0000 6.0000 6.0000 6.0000 5.97000 6.0000 3.98500 4.091250 5.342500 5.33000 5.386250 5.552500 5.917500 4.066250 2.097500 4.901250 4.123750 4.282500
0.03000 0.427500 1.22500 3.072500 5.19500 3.201250 1.698750 0.88000 2.456250 2.27000 0.667500 2.783750 4.733750 4.288750 4.19500 3.771250 1.421250 1.623750 2.037500 3.18500 5.493750 5.99500 6.0000 5.717500 4.89000 2.896250 0.85500 3.767500 6.0000 5.97500 5.088750 5.043750 3.378750 3.332500 1.896250 0.76000 2.6000 0.461250 3.18500 0.90500 0.0000 0.0000 1.682500 5.517500 5.68000 5.876250 1.141250 6.0000 6.0000 6.0000 6.0000 6.0000 6.0000 5.367500 4.628750 5.018750 5.98000 5.80500 5.648750 4.89500 5.476250 4.858750 4.41500 4.548750 5.94500
1.31500 1.353750 0.546250 4.12000 3.827500 2.01000 0.297500 1.677500 2.69000 4.178750 0.376250 2.326250 1.237500 4.492500 2.421250 1.261250 3.587500 4.153750 5.782500 6.0000 6.0000 4.706250 4.84500 4.957500 4.487500 5.34000 5.826250 5.872500 6.0000 6.0000 5.323750 2.143750 4.451250 2.491250 4.521250 0.557500 1.493750 1.29000 3.303750 0.902500 1.69000 0.017500 0.461250 4.422500 3.878750 4.02000 0.1000 3.48000 4.86000 3.933750 5.53000 5.54000 3.538750 0.638750 4.777500 5.34500 4.947500 4.956250 5.238750 4.807500 4.217500 5.647500 4.131250 4.87000 5.998750
0.967500 1.168750 0.486250 1.117500 4.352500 4.36500 1.852500 2.251250 1.906250 2.46500 1.352500 1.862500 1.752500 3.44000 3.162500 4.953750 5.786250 5.99500 5.486250 2.638750 3.62500 0.561250 0.073750 1.338750 3.533750 5.911250 5.943750 6.0000 5.94000 6.0000 6.0000 5.97000 5.96000 3.363750 1.533750 0.31500 1.187500 3.12500 4.278750 1.307500 5.376250 3.22500 0.832500 0.096250 0.563750 2.45500 1.882500 3.83500 3.248750 3.551250 2.002500 1.286250 0.0000 0.376250 5.631250 6.0000 6.0000 6.0000 5.342500 5.572500 5.003750 5.321250 2.966250 2.586250 2.922500
3.00500 2.331250 1.578750 3.197500 0.808750 2.77000 0.351250 2.62500 2.482500 2.161250 2.26000 4.188750 2.953750 3.043750 5.091250 4.271250 5.446250 5.468750 2.831250 0.372500 1.198750 0.003750 0.0000 1.24000 5.85500 5.367500 1.836250 3.683750 5.163750 4.058750 6.0000 6.0000 6.0000 5.816250 0.803750 0.0000 1.566250 0.681250 0.83500 1.873750 4.168750 4.31500 5.043750 1.348750 4.016250 2.507500 3.74000 5.337500 3.702500 2.54500 0.888750 0.0000 0.0000 1.602500 2.67000 2.228750 5.801250 5.91500 6.0000 6.0000 4.461250 4.13500 5.938750 5.99500 5.607500
5.7000 3.316250 3.47500 4.477500 1.511250 2.922500 2.188750 2.55500 3.02500 1.09000 1.006250 5.028750 5.723750 2.798750 3.846250 3.432500 0.563750 0.606250 0.722500 0.716250 0.303750 0.0000 0.0000 1.776250 5.986250 4.53500 1.761250 1.05500 2.507500 5.341250 6.0000 6.0000 5.9000 5.813750 0.886250 0.057500 0.426250 3.391250 2.533750 0.94500 5.316250 5.892500 6.0000 5.767500 6.0000 1.24000 4.96000 4.43000 1.913750 2.61500 3.277500 0.83500 0.0000 0.448750 1.258750 0.47000 3.35500 5.96500 6.0000 6.0000 6.0000 5.787500 5.623750 5.486250 6.0000
