data/outputs/Figueira/2015/resolution_1/CONT_TOTAL_1_60.asc
ncols         25
nrows         25
xllcorner     -8.238677953804
yllcorner      39.915521016488
cellsize       0.000539592960
NODATA_value  -9999
9864 15842 9111 13578 15197 8203 1135 0 11720 3522 13426 9028 9348 19748 13807 13273 12195 8255 0 7063 15473 11866 4241 15418 1759
14998 11240 14171 6797 16264 8099 7549 755 3381 2174 7871 5904 13686 20930 16351 8081 15083 10258 8309 6389 8931 9343 11300 14837 16909
10873 1206 13237 3809 4975 15859 2780 355 5790 2229 4777 6561 18691 20095 13675 19990 21246 17301 17128 9726 15835 20890 16849 9356 6719
10979 2163 6599 5734 15597 9469 12345 9636 3859 14470 10303 9119 19483 21008 11686 8581 20187 18386 20517 15214 12857 20128 16575 3646 1709
8176 8474 3250 9423 4550 11889 19428 11677 17975 19940 4640 72 7534 3834 7369 5904 17192 21396 19089 20988 14850 11536 10618 13594 7124
17202 5519 348 10590 3580 4741 13179 7674 4818 3660 12879 108 2102 11025 14743 13441 14399 12648 19667 18657 5044 1959 2369 7069 7821
12739 13489 12419 8815 729 7126 4895 7221 4581 5104 16119 11806 8282 10773 13642 15652 14543 17506 21196 8544 68 208 289 6698 17663
4901 13199 14745 11296 10885 8928 11247 7854 735 4141 5968 12146 21243 21435 8945 10395 10798 17448 5612 6599 5800 4247 5742 10477 18872
9159 8122 15222 18048 13421 6859 12454 2690 3803 13079 9457 7003 4706 4306 15339 14062 17798 19130 14476 10943 18661 6286 13820 18984 18151
2138 15343 14584 9983 16693 13903 12027 5685 4259 2792 14199 14108 3656 3950 7315 7890 13026 11666 18776 17149 18871 14466 21321 19247 20277
15520 17386 20180 15254 11694 12515 13579 10249 8657 7922 2967 8944 18011 17587 12601 14431 14651 14275 10768 10981 11563 12836 9355 15112 16388
11350 11328 10204 4817 5367 7176 10280 14393 8042 3119 5315 15346 17050 16010 19208 18817 12905 18390 17807 19107 20868 15194 15338 20166 6776
6229 11826 9890 12209 17015 9994 5441 3969 1673 4036 6071 10522 4858 10397 15849 11813 9093 16519 19005 18667 18171 8678 14913 19768 12239
3448 5111 9434 8929 8075 4783 7794 7744 6311 2408 2183 1807 4089 3166 4698 3665 18738 20446 13850 9301 15949 19567 21291 12829 9538
3265 4148 15642 11084 15475 21149 19455 18344 16328 9027 7108 11365 6457 11308 16211 2099 7820 19223 9784 9188 4365 17740 19073 15627 4855
4466 7393 4565 10099 8789 14784 5530 10594 16016 5934 9527 4824 7303 8481 16885 13437 12277 18703 12841 14851 17392 12194 20436 12133 9092
1683 14998 12976 7375 12272 6287 5826 16266 3918 12775 15821 5784 14685 5734 15661 10000 17664 18189 15931 13242 18056 13716 21136 18200 9895
3008 12505 6284 7313 11890 13022 16100 13678 15874 20622 17344 7509 8370 5370 9254 11516 16451 11499 19332 19307 16815 17332 20766 20338 15823
13500 8204 6525 7348 15614 9941 2819 1899 13989 13304 21434 6369 5416 11738 18471 12334 7639 3126 10555 21172 18846 19513 9711 17823 11242
18590 9632 4023 4995 6218 3621 544 11470 11283 14987 13127 5392 4574 8386 19362 16549 7748 8296 10754 13748 13819 14010 19008 19334 16837
10452 5478 10537 12093 16884 14128 9792 15006 8177 16963 8575 3772 5425 2716 10173 17480 13018 13250 16070 13712 11320 4189 13420 18602 18310
5619 16222 19105 10023 11363 15572 9498 15397 8994 4197 14356 549 5770 10772 15877 21520 16623 18408 19432 13317 9725 12903 19584 21243 19266
9490 12890 11251 12661 10267 14569 17371 10999 14457 8893 10646 14931 7120 9588 10401 10665 13950 10944 13698 17761 20738 18811 16434 21528 21238
18508 15270 14267 12501 16419 20711 17124 16017 18244 18132 12008 9204 13114 5893 3142 6478 11641 11185 15878 15474 19734 18022 18947 20712 19502
15803 14179 16647 15276 13601 17480 19466 20922 20947 19830 13645 6324 10027 19930 4424 2219 7663 12403 13558 16094 12778 16296 12979 15112 10594
