data/outputs/Figueira/2015/resolution_1/CONT_SPEC_1_80.asc
ncols         18
nrows         18
xllcorner     -8.238677953804
yllcorner      39.915521016488
cellsize       0.000719457280
NODATA_value  -9999
3.863672 3.181484 2.189219 3.748203 2.028203 0.200078 0.931953 1.301328 1.427422 4.460547 5.561016 3.380156 4.293359 3.269297 1.730391 2.803750 3.389609 4.255312
2.036328 1.651563 1.578984 4.025313 2.748438 1.456172 1.428594 2.439844 2.455234 5.626406 4.246172 3.582734 5.863281 4.694375 4.077656 4.554062 5.924766 1.286875
2.741094 1.216562 2.029375 1.769922 3.915625 3.736484 4.349297 4.085859 0.183750 2.714922 2.138906 2.178828 5.181953 5.777188 5.488516 3.804922 3.815859 3.155703
4.861562 0.476562 2.388125 0.917031 2.333984 2.441953 1.299297 2.224375 1.430078 0.897890 3.936875 3.871250 3.950234 4.705547 4.973672 0.979296 0.435312 1.720703
2.182891 3.755703 2.937109 0.952109 2.585703 1.973672 0.704375 2.662578 2.94500 4.741953 3.694297 3.248438 3.217891 4.616094 2.405703 0.486796 0.331328 1.353359
2.658828 3.195078 5.014375 3.934844 2.914453 1.239766 1.463125 2.542656 2.759922 2.197578 3.415234 3.697500 4.923281 4.246719 2.891953 3.686484 2.667109 5.170469
1.538281 4.951094 3.481875 4.258047 4.033203 2.283281 1.519062 2.318750 3.354766 1.681016 1.985859 2.450078 3.300859 3.455078 3.896406 4.846641 4.973281 5.391016
4.079688 4.738281 2.721406 2.381250 2.577734 3.018438 2.230156 1.299688 2.573047 5.064453 4.659219 4.808828 4.316328 4.807422 4.644141 4.103594 3.258203 4.351797
2.099141 3.181250 2.621016 3.917813 1.771484 2.317422 0.816406 1.199531 3.121094 2.336562 4.164688 4.011484 3.469063 4.772344 5.273125 4.901094 2.542734 5.610625
1.141641 2.485547 2.556328 2.965547 2.540703 3.071719 2.387500 1.049609 0.784296 1.260703 1.738516 1.032969 4.772188 5.147500 2.233203 4.327109 5.554531 4.342422
0.779765 1.61500 3.567266 3.841250 4.921094 3.193750 4.463047 1.96500 1.973750 1.223203 4.733203 2.944922 3.606094 4.581484 3.264453 2.703438 4.344297 4.234375
1.534063 3.386641 2.404609 3.051484 1.171875 3.861719 1.508359 4.181094 2.176484 3.378750 2.699219 3.469063 4.386953 4.665547 3.599609 5.191641 4.884297 4.995938
1.621406 2.385234 2.276719 3.441875 3.863516 3.234766 4.504141 5.419219 2.823828 1.812266 2.387344 3.407109 3.818047 3.363984 5.556875 4.660781 5.043125 5.180547
4.470313 2.068750 1.462578 3.176328 0.33000 1.566797 3.375547 5.262344 2.057578 1.407812 4.976719 4.597578 1.608047 1.813750 4.229453 4.989297 4.937266 4.826406
3.120781 1.710547 2.834141 3.862109 2.371719 3.562578 2.422734 3.898906 1.285234 1.103047 1.772812 4.649609 3.684141 3.888828 4.173281 2.625938 2.324766 5.231094
1.984687 5.391953 2.713125 3.033437 4.333125 3.665625 2.921172 2.926406 1.287109 1.784375 3.496719 5.462344 4.248047 5.225156 4.464844 3.381406 4.986484 5.899844
4.069687 3.251250 4.152812 3.776094 4.859375 3.662031 4.392109 2.946797 3.672109 2.460625 1.725781 1.995469 3.465703 3.177109 4.026016 5.745859 4.568906 5.681016
4.482188 4.226094 4.057578 4.567266 4.993125 5.668047 5.672734 4.739531 1.966016 3.765156 3.322031 0.508984 2.681484 3.715391 4.625234 3.842031 4.634922 4.312891
