data/outputs/Figueira/2015/resolution_1/CONT_NORM_1_60.asc
ncols         25
nrows         25
xllcorner     -8.238677953804
yllcorner      39.915521016488
cellsize       0.000539592960
NODATA_value  -9999
46 73 42 63 70 38 5 0 54 16 62 42 43 91 64 61 56 38 0 33 72 55 20 71 8
69 52 66 31 75 37 35 3 16 10 36 27 63 97 76 37 70 47 38 30 41 43 52 69 78
50 6 61 18 23 73 13 2 27 10 22 30 87 93 63 93 98 80 79 45 73 97 78 43 31
51 10 31 27 72 44 57 45 18 67 48 42 90 97 54 40 93 85 95 70 60 93 77 17 8
38 39 15 44 21 55 90 54 83 92 21 0 35 18 34 27 80 99 88 97 69 53 49 63 33
80 26 2 49 17 22 61 36 22 17 60 0 10 51 68 62 67 59 91 86 23 9 11 33 36
59 62 57 41 3 33 23 33 21 24 75 55 38 50 63 72 67 81 98 40 0 1 1 31 82
23 61 68 52 50 41 52 36 3 19 28 56 98 99 41 48 50 81 26 31 27 20 27 49 87
42 38 70 84 62 32 58 12 18 61 44 32 22 20 71 65 82 89 67 51 86 29 64 88 84
10 71 68 46 77 64 56 26 20 13 66 65 17 18 34 37 60 54 87 79 87 67 99 89 94
72 80 93 71 54 58 63 47 40 37 14 41 83 81 58 67 68 66 50 51 54 59 43 70 76
53 52 47 22 25 33 48 67 37 14 25 71 79 74 89 87 60 85 82 88 97 70 71 93 31
29 55 46 57 79 46 25 18 8 19 28 49 22 48 73 55 42 76 88 86 84 40 69 92 57
16 24 44 41 37 22 36 36 29 11 10 8 19 15 22 17 87 95 64 43 74 91 99 59 44
15 19 72 51 72 98 90 85 76 42 33 53 30 52 75 10 36 89 45 43 20 82 88 72 22
21 34 21 47 41 68 26 49 74 27 44 22 34 39 78 62 57 87 59 69 81 56 95 56 42
8 69 60 34 57 29 27 75 18 59 73 27 68 27 73 46 82 84 74 61 84 64 98 84 46
14 58 29 34 55 60 75 63 73 95 80 35 39 25 43 53 76 53 89 89 78 80 96 94 73
62 38 30 34 72 46 13 9 65 62 99 29 25 54 86 57 35 14 49 98 87 90 45 83 52
86 45 19 23 29 17 3 53 52 69 61 25 21 39 90 77 36 38 50 64 64 65 88 90 78
48 25 49 56 78 65 45 69 38 79 40 17 25 13 47 81 60 61 74 63 52 19 62 86 85
26 75 88 46 53 72 44 71 42 19 66 3 27 50 74 100 77 85 90 62 45 60 91 98 89
44 60 52 59 48 67 80 51 67 41 49 69 33 44 48 49 65 51 63 82 96 87 76 100 98
86 71 66 58 76 96 79 74 84 84 56 43 61 27 15 30 54 52 74 72 91 83 88 96 90
73 66 77 71 63 81 90 97 97 92 63 29 46 92 20 10 35 57 63 75 59 75 60 70 49
