data/outputs/Figueira/2015/resolution_1/CONT_NORM_1_10.asc
ncols         150
nrows         150
xllcorner     -8.238677953804
yllcorner      39.915521016488
cellsize       0.000089932160
NODATA_value  -9999
[rows 0 to 55 of 150, columns 0 to 95 of 150]
81 24 5 46 65 90 89 80 64 56 24 12 0 7 0 0 0 0 0 5 18 37 16 21 13 31 52 56 75 27 42 69 7 0 14 34 10 14 16 0 0 0 0 0 0 0 0 0 0 14 74 21 36 9 16 2 10 19 0 0 0 36 3 51 81 90 90 90 84 44 24 2 39 2 34 85 59 83 71 74 90 77 53 90 90 86 88 57 27 25 0 3 81 75 31 7
31 58 25 11 68 100 100 100 100 100 60 27 0 0 14 64 43 51 65 89 88 71 63 33 16 96 100 100 100 86 100 83 10 0 5 25 11 0 0 0 0 0 0 0 0 0 0 0 0 12 97 100 100 99 35 30 65 81 34 4 9 0 32 100 100 100 100 100 70 24 2 0 0 0 75 98 97 100 100 100 100 100 82 71 100 89 98 94 22 2 24 46 98 94 60 80
81 41 35 28 66 100 100 100 97 53 96 14 0 3 42 93 100 100 100 100 100 44 81 53 29 44 74 100 100 100 90 19 1 5 0 1 2 12 0 0 0 0 0 0 0 0 0 0 0 43 100 100 100 70 1 4 61 70 31 0 0 0 49 98 100 100 100 99 68 0 0 0 0 0 38 53 90 95 100 100 100 100 95 38 86 100 100 79 20 24 11 93 100 97 78 58
79 57 39 26 84 54 39 73 84 23 77 7 48 68 25 45 100 100 100 100 100 79 86 35 43 11 65 100 100 100 80 43 27 5 1 0 2 5 0 0 0 18 0 0 0 0 0 0 0 64 100 99 100 28 0 0 0 0 0 0 0 0 8 58 100 100 100 96 34 0 0 0 0 6 28 68 88 100 100 100 100 100 100 81 64 100 100 84 16 62 91 100 100 99 72 81
39 36 20 65 35 3 27 76 100 100 98 69 77 91 17 17 100 100 100 100 88 63 24 69 85 79 100 100 100 96 99 87 82 45 24 2 0 0 0 15 23 0 0 0 0 0 0 0 0 38 84 72 100 27 0 0 0 0 0 11 53 68 65 87 100 100 100 98 37 0 0 0 0 2 52 40 73 100 100 100 100 100 100 100 39 62 97 67 34 69 100 100 100 78 5 0
0 25 2 7 72 45 98 100 100 100 100 98 6 36 4 6 90 73 98 100 100 15 1 22 32 79 100 91 33 21 29 15 55 74 99 95 56 3 0 0 1 0 0 0 0 0 0 0 5 45 82 72 56 8 0 0 0 0 17 95 100 88 61 100 100 100 94 43 7 0 0 0 0 0 0 0 28 25 78 94 100 100 100 100 93 5 13 35 75 99 100 97 52 2 0 0
0 26 53 82 100 98 100 100 100 100 75 36 3 73 94 92 93 94 100 87 61 8 42 87 71 78 100 63 1 8 27 59 28 29 29 75 100 90 9 0 0 0 0 0 0 0 20 27 36 44 44 25 22 1 0 1 0 0 68 100 100 95 91 100 100 84 12 10 36 0 0 14 31 0 0 0 10 3 35 76 100 100 100 100 93 43 5 3 66 77 100 84 0 0 0 0
25 50 76 11 79 100 100 100 97 95 40 0 0 53 100 100 94 100 100 66 7 11 54 74 100 94 98 100 74 16 94 35 29 57 6 4 58 100 60 6 0 0 0 0 0 4 34 19 12 49 65 7 0 0 25 29 0 0 6 46 88 99 100 100 90 20 0 3 0 0 0 24 63 59 39 39 44 46 87 98 100 100 98 98 96 75 91 38 0 62 73 35 24 1 3 1
26 42 98 71 100 96 98 100 96 37 11 1 0 13 99 100 100 97 57 39 6 4 16 9 99 94 96 100 96 87 86 45 25 1 2 0 64 100 84 31 0 0 0 2 0 0 0 20 52 23 57 3 2 0 14 38 0 0 0 0 3 45 83 74 6 0 0 0 0 5 33 39 36 49 66 68 38 93 100 100 100 100 100 100 100 100 100 78 41 5 25 21 21 45 69 68
43 80 100 100 99 72 25 25 19 5 17 17 12 52 82 100 98 26 17 4 11 0 5 22 98 100 92 100 100 100 99 72 6 0 0 9 35 96 28 0 0 0 0 0 0 0 0 0 0 1 27 0 0 0 0 12 1 0 0 0 0 4 18 3 0 0 0 0 0 53 100 100 40 76 100 98 78 77 98 100 100 100 100 100 100 100 100 100 100 31 0 0 0 4 31 54
86 100 100 100 98 62 39 16 18 60 63 82 32 100 38 95 46 17 9 36 24 13 6 64 60 62 100 100 95 100 100 100 23 1 8 19 14 46 98 58 11 0 0 0 0 0 0 0 0 0 35 15 0 0 0 0 0 0 0 0 0 0 2 0 0 0 0 0 7 93 98 100 98 95 96 100 100 100 100 100 100 100 100 100 100 100 100 96 90 63 34 31 87 21 4 25
11 22 44 63 92 99 47 50 8 0 22 75 95 100 70 26 45 27 24 6 29 18 18 0 1 33 78 62 22 36 87 100 69 4 2 19 1 0 42 97 31 0 0 0 0 0 0 0 0 0 39 0 0 3 4 7 10 0 0 0 0 0 0 6 1 0 0 0 2 59 100 96 95 100 50 95 100 100 100 100 100 100 98 100 100 100 100 100 100 74 51 94 100 79 84 79
5 35 24 72 90 87 43 2 9 12 0 56 96 100 100 14 1 60 33 70 5 41 39 1 0 10 4 2 1 54 80 100 68 11 0 0 0 0 0 62 12 0 0 0 0 0 0 1 23 36 54 39 12 23 5 0 0 0 0 0 0 0 1 39 43 0 0 10 7 48 57 21 43 86 83 100 99 100 100 100 100 100 100 100 85 100 100 100 100 98 98 100 100 94 91 100
49 100 100 100 94 19 2 1 23 2 0 20 88 100 100 74 0 31 46 22 4 11 4 1 3 1 0 1 0 0 29 99 100 88 88 13 0 1 0 70 8 0 0 0 0 2 14 9 6 3 54 45 0 0 0 0 0 0 0 0 0 1 81 25 8 0 3 4 9 2 20 7 12 85 100 89 87 100 100 100 100 96 81 95 84 90 91 100 100 69 100 100 100 100 100 100
90 100 98 75 49 28 14 1 0 1 0 0 9 59 96 100 52 0 21 5 3 0 4 0 3 0 0 0 0 1 65 100 100 100 100 12 0 0 0 47 20 0 0 0 0 0 0 3 0 0 39 46 0 0 0 0 0 0 0 0 0 44 79 84 14 17 29 27 13 0 0 16 48 96 99 94 98 100 100 100 100 81 40 94 100 95 98 99 98 71 100 100 100 100 100 100
81 99 100 55 3 2 0 0 0 0 0 0 0 0 68 100 100 19 2 2 0 0 0 0 0 0 3 2 29 72 100 100 100 100 100 95 42 15 0 5 11 4 2 0 0 0 0 5 13 62 72 93 23 14 3 0 0 0 24 2 25 44 30 59 30 13 40 26 9 0 15 6 28 99 98 91 100 100 100 100 100 100 61 72 99 77 15 37 100 66 98 100 91 100 100 100
16 42 99 40 0 2 1 0 0 0 0 0 0 3 89 100 100 67 0 0 1 20 7 0 0 2 9 17 63 98 100 100 100 65 88 89 45 8 0 0 0 1 1 0 2 0 3 1 0 15 26 82 97 20 0 0 0 10 50 69 6 4 8 24 27 6 35 72 24 19 0 45 99 96 97 69 95 97 100 100 100 86 76 72 40 30 0 6 50 27 64 96 100 100 100 100
0 0 8 1 21 27 4 0 2 11 0 0 6 83 100 100 100 91 37 0 13 96 97 52 15 68 73 100 100 100 88 80 58 22 23 83 68 43 2 0 0 0 0 16 0 0 0 0 5 8 25 24 5 0 0 0 18 68 41 83 5 0 0 22 22 34 96 100 80 91 65 100 61 68 98 100 100 100 100 100 100 98 98 100 39 14 0 1 0 0 2 54 90 96 85 73
45 17 0 0 0 16 13 0 0 3 0 2 28 93 82 51 28 49 57 6 0 53 100 100 96 88 92 100 100 100 100 90 12 22 67 49 59 79 17 11 0 24 92 62 1 0 13 4 0 1 15 0 0 0 30 31 27 100 100 94 9 0 0 0 0 0 42 100 100 100 100 100 100 98 89 96 100 100 100 100 100 94 98 100 95 74 4 12 34 0 3 68 45 34 49 62
90 98 40 2 0 0 0 2 3 2 0 13 74 99 39 11 38 30 22 3 0 1 71 100 100 100 100 100 100 100 100 100 83 47 44 20 27 99 90 51 1 1 49 39 8 41 100 58 0 0 1 0 26 32 72 74 80 100 100 100 86 24 8 41 15 0 0 18 65 99 100 100 100 100 98 89 95 100 100 100 100 95 93 97 88 85 69 6 8 5 12 0 14 47 74 93
31 91 100 83 28 1 0 0 0 0 12 64 43 6 9 0 2 2 9 26 0 0 2 62 100 100 94 100 82 84 100 100 18 8 40 50 27 91 28 97 91 43 0 43 44 87 85 94 51 5 1 0 14 67 75 93 100 87 33 21 48 85 41 89 78 17 0 0 0 39 94 100 86 81 59 98 100 100 100 100 100 100 100 96 75 75 45 0 42 65 95 76 6 2 10 13
76 65 57 96 100 57 8 0 0 0 8 29 28 71 59 7 0 0 0 1 1 32 0 0 38 97 95 100 83 10 19 41 37 4 35 12 24 77 12 90 100 99 45 11 66 43 39 100 100 49 0 0 0 2 39 79 41 84 4 6 31 98 89 78 55 12 0 54 25 0 36 100 85 97 100 100 100 100 100 100 100 100 100 95 100 57 31 17 94 97 85 97 31 0 0 0
90 72 31 44 82 67 95 41 0 0 0 0 1 70 46 4 7 29 3 11 0 5 22 0 0 24 91 95 78 2 35 1 31 20 28 37 41 31 45 98 100 100 63 8 4 0 41 100 99 38 4 34 0 9 4 71 100 100 62 88 100 100 100 96 11 0 0 1 0 0 39 98 98 100 98 94 89 100 100 100 100 87 100 96 89 26 1 48 100 100 100 98 28 0 1 27
90 100 45 67 45 4 26 24 5 12 0 0 0 1 1 0 26 66 86 93 44 0 17 28 19 0 3 88 19 23 6 0 72 87 39 27 48 65 53 48 95 98 90 11 0 6 75 83 13 2 7 23 33 20 22 64 51 83 100 100 100 100 100 82 25 0 0 0 0 0 3 5 44 96 20 73 66 100 100 100 100 100 97 54 19 16 83 89 100 100 100 93 57 0 2 9
69 44 14 30 34 58 47 0 12 8 55 8 0 0 0 0 2 78 93 44 29 56 97 53 24 0 0 5 16 42 2 0 4 73 89 29 12 67 78 79 100 100 100 78 62 37 83 21 9 67 7 23 70 73 100 100 82 47 64 100 100 98 35 0 0 0 0 0 0 0 4 0 6 73 83 98 70 27 57 63 40 27 27 13 7 66 97 93 98 92 100 84 53 0 31 85
11 0 27 38 67 7 70 40 0 7 96 87 0 0 0 0 0 6 28 78 100 93 100 85 43 21 8 0 0 63 61 31 2 5 56 99 70 40 85 100 100 100 94 97 100 79 19 2 84 79 43 30 84 100 100 100 100 98 74 97 93 25 0 0 0 0 0 0 0 0 1 5 0 47 75 93 19 0 0 3 5 0 0 11 63 100 98 58 83 21 70 76 30 2 0 13
20 59 77 40 43 4 56 89 14 5 79 51 0 0 19 25 0 0 0 18 44 93 99 97 54 24 57 11 0 30 100 95 76 65 16 44 100 98 70 89 100 100 77 79 98 79 92 4 88 100 100 100 100 100 100 100 100 100 100 50 11 0 0 0 0 0 0 0 0 0 0 0 0 76 93 34 0 23 16 69 9 0 2 32 48 41 48 62 79 36 0 0 3 0 0 0
61 46 68 67 19 11 41 29 69 13 14 15 10 81 86 87 46 0 0 0 18 73 79 68 50 60 61 56 0 1 88 98 89 48 49 22 85 100 100 100 100 91 85 100 40 3 74 94 98 100 100 100 100 100 100 100 100 100 100 78 17 0 15 31 0 0 0 0 0 0 0 0 0 27 64 59 1 54 1 16 0 0 0 6 0 6 0 0 0 0 0 0 0 0 14 9
63 5 91 31 4 1 9 78 66 10 8 38 9 27 1 1 19 0 0 0 0 1 26 21 3 7 26 14 0 0 23 60 93 85 32 91 100 100 100 100 100 75 94 44 1 0 9 63 89 100 100 100 100 100 100 100 100 100 100 95 66 25 22 30 0 0 0 1 0 0 0 0 0 0 13 43 16 3 4 2 10 52 2 0 6 10 0 0 3 1 0 0 0 14 91 65
89 98 53 0 12 1 80 100 61 55 4 0 37 1 0 0 0 5 45 20 10 7 0 0 0 1 15 60 6 0 47 42 12 72 89 94 100 100 100 100 100 100 96 41 0 0 2 2 53 100 100 100 100 100 100 100 100 100 99 41 28 74 93 9 0 1 0 0 0 0 0 0 0 0 16 37 80 26 32 1 19 100 22 0 0 0 0 0 9 5 0 0 0 46 98 100
90 71 1 11 10 69 100 100 62 2 0 0 0 0 0 0 0 41 82 80 87 81 26 15 0 0 0 1 1 0 11 85 30 32 82 100 100 100 100 100 100 100 97 85 55 13 1 7 17 52 88 100 100 71 67 94 72 81 42 0 4 20 12 3 0 17 1 0 0 0 0 0 0 0 0 32 95 100 98 77 26 46 67 3 5 19 20 14 2 0 0 0 0 42 57 77
90 58 30 6 44 99 94 78 4 0 0 0 0 0 0 0 0 0 17 15 95 94 88 99 55 2 0 0 0 1 8 2 15 69 100 100 100 100 100 100 100 98 79 93 100 95 20 1 6 17 23 93 62 46 1 47 77 19 2 10 11 38 26 31 64 20 0 0 0 0 0 0 0 0 0 0 2 87 100 100 74 67 100 98 96 100 100 43 3 0 0 0 45 77 68 54
90 100 90 74 94 90 92 14 0 0 0 0 0 0 0 0 0 0 0 3 51 85 98 85 100 49 0 0 0 0 0 5 7 0 14 43 62 100 100 98 68 47 2 73 92 96 66 1 1 0 12 13 30 13 40 11 6 0 0 42 70 100 97 99 100 62 0 0 0 0 0 0 0 0 0 0 0 22 65 88 79 75 70 82 97 100 100 86 1 0 0 0 85 100 100 100
86 100 100 100 100 85 12 0 0 0 0 0 0 0 1 2 10 0 25 13 17 26 50 80 98 95 12 6 0 0 0 0 3 12 5 29 94 89 96 36 1 0 0 15 52 27 0 0 0 0 11 3 1 0 0 0 0 0 0 0 2 52 88 100 100 26 0 0 0 0 0 0 0 0 0 0 0 0 0 35 60 44 5 22 95 100 100 94 53 51 20 5 95 99 100 100
90 100 100 100 100 99 77 43 1 0 0 0 0 0 0 2 0 1 12 29 44 4 16 56 62 53 20 0 0 0 0 0 0 0 0 12 13 22 38 9 1 0 0 63 7 0 0 0 0 0 0 6 3 2 0 0 0 0 0 0 20 41 100 100 100 78 0 0 0 0 0 0 0 0 0 0 0 0 0 8 6 78 48 13 78 100 100 100 100 100 99 29 98 97 100 100
90 100 100 100 100 100 100 100 41 0 0 0 0 0 0 0 0 0 16 59 89 71 45 15 0 0 0 0 0 43 19 8 0 0 0 0 14 20 44 41 0 7 58 82 0 0 0 0 1 5 19 6 0 3 0 0 0 0 0 0 72 99 100 100 98 97 15 1 0 0 0 1 11 2 0 0 0 0 0 0 0 13 92 100 100 100 100 100 100 100 75 17 100 100 100 100
90 100 100 100 100 100 100 77 6 21 6 13 2 53 20 4 16 28 84 82 99 70 3 5 2 0 0 0 0 2 27 22 15 11 3 0 0 4 27 19 53 16 86 100 64 21 20 15 18 15 74 24 0 0 0 0 0 0 0 0 10 87 100 100 46 94 85 19 0 8 39 25 12 0 0 0 2 0 0 0 0 0 25 96 100 100 100 100 100 100 82 45 100 100 100 100
90 97 85 77 100 100 100 93 76 12 9 0 1 61 97 14 4 72 100 96 62 8 0 0 0 0 0 0 0 34 78 79 23 34 10 13 0 0 0 4 27 21 41 97 92 52 73 28 42 92 49 5 0 0 0 5 38 46 12 44 4 38 77 81 47 12 93 98 94 68 17 1 1 13 9 0 0 0 0 0 0 0 19 46 100 100 100 100 100 97 47 18 91 100 100 100
90 65 22 91 100 100 100 100 100 96 68 61 13 9 71 12 26 68 90 96 13 10 51 0 0 0 0 0 0 0 3 61 88 68 74 42 17 11 0 0 0 7 5 75 59 28 15 5 16 73 67 40 0 1 0 33 93 88 3 0 34 39 57 92 90 93 79 69 100 100 96 9 13 0 0 0 0 0 4 2 1 9 83 62 39 99 100 93 77 98 78 17 59 100 100 100
82 11 1 21 98 100 100 100 99 100 100 100 93 69 73 12 66 90 89 98 64 29 11 0 0 5 49 0 0 0 4 1 12 90 100 93 99 100 63 16 0 0 0 0 40 7 77 10 20 17 13 10 0 0 1 0 1 2 0 1 46 94 80 100 100 100 91 92 100 100 70 4 14 55 12 25 56 78 74 66 87 34 14 41 81 67 34 31 13 24 59 96 75 92 100 100
33 1 0 0 41 94 86 50 40 90 83 89 96 100 79 65 95 95 86 81 37 2 2 0 0 3 8 11 2 1 19 0 28 90 47 17 9 82 88 71 2 0 0 0 0 3 56 90 77 21 2 5 0 3 28 5 6 2 7 30 76 100 100 100 100 100 100 98 80 57 42 38 62 100 87 99 100 87 99 100 91 88 96 100 93 29 0 4 16 48 45 85 5 62 100 99
0 0 0 0 19 16 10 0 14 79 19 51 73 100 100 100 96 97 67 36 0 0 0 0 0 1 4 0 0 0 12 9 11 5 0 0 0 0 0 20 25 36 41 5 0 0 0 2 4 14 26 7 0 30 30 31 79 84 83 99 91 100 100 98 71 28 26 9 5 1 3 52 81 100 100 100 99 74 86 100 100 100 100 74 60 37 0 10 5 16 16 21 0 23 100 97
0 0 0 0 37 94 51 3 0 35 8 52 100 100 100 100 100 100 87 71 92 56 0 0 2 24 0 0 0 0 0 0 0 0 0 0 0 0 0 62 48 66 87 32 4 0 0 0 0 0 0 5 0 20 68 74 83 98 97 91 95 62 46 12 0 0 0 0 1 0 0 48 100 100 100 100 100 100 100 100 100 100 100 99 96 32 0 0 0 11 2 0 6 35 85 100
0 0 0 0 13 77 74 0 0 0 0 12 86 99 99 100 100 100 100 100 57 1 0 0 4 0 0 0 0 29 16 0 23 57 63 34 3 0 0 11 33 94 98 100 85 45 2 0 0 0 0 0 0 0 4 5 2 41 48 20 2 0 0 0 0 0 0 0 0 0 0 29 100 100 100 100 100 100 100 100 100 100 100 98 43 3 0 0 0 12 15 65 92 100 88 100
0 0 0 0 0 54 67 74 68 47 41 6 11 51 85 100 100 99 74 36 3 12 7 0 30 0 11 5 44 87 50 0 49 99 100 100 82 75 51 1 16 92 97 98 100 100 48 0 0 0 0 0 0 0 0 0 1 0 0 0 0 1 9 12 5 25 45 69 72 14 23 39 85 100 100 100 100 100 100 100 100 100 100 94 2 16 2 4 0 23 74 93 53 26 39 85
0 0 0 0 0 54 100 100 100 100 99 11 0 25 34 81 97 26 0 0 54 97 71 0 7 75 51 76 100 100 79 34 3 25 89 100 100 100 100 91 8 13 73 69 71 29 14 0 0 0 0 0 0 0 0 0 0 0 0 24 76 23 81 32 43 58 72 99 100 96 100 100 100 100 100 100 100 100 100 100 100 100 100 97 73 93 93 38 50 90 64 7 11 97 88 30
0 0 14 28 33 34 100 100 100 100 100 65 22 14 14 3 68 85 55 50 38 79 100 50 86 95 100 100 100 100 49 47 40 3 37 100 100 100 100 70 1 0 3 14 47 3 12 6 16 0 0 0 0 0 0 0 0 0 0 2 8 18 64 54 48 49 78 100 100 100 100 92 92 100 100 96 100 100 100 100 100 100 100 100 83 71 92 74 76 10 1 21 88 60 5 0
0 5 78 100 100 99 100 100 100 100 100 86 27 81 82 46 25 98 100 100 100 94 100 100 100 96 93 100 100 100 61 57 38 3 35 100 100 100 100 89 63 4 0 0 0 6 47 23 36 3 13 0 0 29 33 0 0 0 0 0 0 0 3 44 59 66 92 100 100 88 91 78 83 100 100 100 98 87 97 88 100 100 100 100 100 99 100 62 5 38 80 96 28 0 0 0
56 88 100 100 100 100 98 100 100 95 79 74 89 89 97 100 91 97 100 100 100 99 90 70 100 100 88 100 100 100 85 95 74 17 3 61 98 76 99 100 43 34 61 19 0 0 39 5 7 83 11 16 17 88 98 78 40 28 1 0 0 0 0 0 2 0 11 33 70 95 91 90 100 100 100 91 28 13 1 14 47 55 100 100 98 99 100 71 64 100 100 69 2 0 1 48
86 43 80 66 100 99 20 50 66 64 10 56 85 47 97 100 100 100 100 100 91 42 2 22 89 100 100 70 72 61 2 84 85 4 2 3 16 18 96 96 96 94 81 0 0 0 19 4 27 22 27 19 74 84 100 98 79 61 44 17 0 2 0 0 0 0 0 0 12 48 98 95 100 72 13 1 0 0 0 0 1 64 94 100 96 91 100 100 100 100 100 84 54 35 69 92
90 81 90 37 13 15 13 3 29 22 15 21 38 73 100 100 100 100 100 100 91 82 92 100 100 94 55 19 1 0 37 56 7 0 13 1 8 91 100 100 100 100 40 0 0 0 9 4 0 7 0 0 1 32 83 61 4 89 100 99 69 29 6 2 3 0 0 0 0 0 19 48 71 29 0 0 0 0 1 1 0 0 33 77 100 100 100 100 97 100 100 66 2 85 41 43
77 71 19 15 0 0 0 6 17 27 30 5 0 5 88 100 98 100 100 100 100 100 100 100 63 8 16 93 45 49 100 36 0 3 28 51 1 74 100 100 100 59 1 0 28 10 0 0 0 0 0 5 0 3 8 66 87 100 100 98 91 100 55 35 41 7 0 2 0 0 0 0 0 4 35 25 1 0 0 1 1 0 1 5 25 44 80 91 96 100 86 3 17 100 99 94
0 1 0 0 0 0 5 46 23 1 41 13 0 0 38 100 94 38 100 98 100 100 95 54 10 0 63 98 89 68 31 3 0 13 37 54 13 12 90 54 20 2 0 7 59 17 28 0 7 24 10 8 1 0 23 32 54 81 100 62 85 100 99 92 100 86 51 20 14 11 16 0 0 0 0 0 0 0 0 0 0 1 0 1 0 0 21 15 91 100 25 29 88 100 100 100
0 0 0 0 0 0 13 68 91 53 3 0 0 0 9 82 100 82 78 99 100 77 22 4 1 23 90 19 100 53 50 0 30 8 35 37 37 37 13 1 0 0 0 0 0 6 12 0 0 0 0 11 16 34 81 69 0 1 55 82 98 93 92 91 100 100 100 80 45 57 58 3 0 0 0 0 0 0 0 0 0 2 13 6 0 0 7 26 48 98 44 83 100 100 100 84
0 0 0 0 0 0 0 6 36 93 32 2 0 6 49 99 95 26 68 93 100 100 73 0 17 17 85 45 54 96 35 0 52 10 11 15 47 90 23 0 0 0 0 28 0 0 21 29 26 9 2 9 0 4 4 12 28 0 21 89 98 71 85 100 100 100 100 100 65 64 46 5 0 0 0 0 0 0 0 0 0 0 0 1 8 39 58 34 60 100 89 63 99 100 90 31
10 0 0 0 0 1 39 82 67 11 69 51 11 56 95 100 85 1 23 37 92 62 22 0 0 38 100 96 48 66 28 0 17 40 65 40 79 100 90 48 4 33 36 43 30 14 0 0 0 0 0 1 0 1 48 75 33 0 0 25 100 100 100 100 100 100 100 100 100 100 99 62 0 0 23 0 0 0 0 0 0 0 0 0 0 0 7 9 29 90 100 79 36 98 84 53
