data/outputs/Figueira/2015/resolution_1/CONT_TOTAL_1_55.asc
ncols         27
nrows         27
xllcorner     -8.238677953804
yllcorner      39.915521016488
cellsize       0.000494626880
NODATA_value  -9999
8346 15109 8235 15606 11651 10870 4683 343 754 10216 4305 13467 6362 4572 16380 13012 12246 7547 9244 2408 321 9946 11893 11572 3870 13233 4419
12208 8643 11092 6109 10469 12525 4904 2495 1064 2731 1131 4427 4704 13246 17543 17338 9141 11184 12674 10165 7337 3883 6655 7474 9399 12788 16250
9827 918 9986 4508 2460 11914 7802 1313 849 4503 2342 4415 5475 14644 17533 11853 14373 17518 18022 13401 13322 9170 15041 17895 15257 7493 4461
9429 1872 5867 3146 11744 11645 7982 9760 8086 2795 12913 8181 7596 16526 17977 11370 9428 10994 18075 14270 17225 11455 10516 17782 15006 2834 427
7330 6000 3504 6230 7778 6435 11266 15949 9804 14587 15927 3413 67 6820 4633 6097 6335 9234 16636 17798 15961 17724 11491 10702 9969 12618 6637
12298 6447 300 5710 6968 1814 12594 12059 4714 8244 5921 9005 11 1567 9811 10016 4648 16005 12177 14129 17058 13983 5309 2559 2857 4768 4895
15178 12415 5034 10017 1420 3096 5259 5237 4820 2505 2532 14241 8789 1406 3134 14717 13442 17002 8838 16056 16693 7229 236 214 270 5157 13101
1681 8496 13959 11038 1110 3453 7062 8292 4181 1517 6684 8023 5739 16977 17668 8089 5566 10860 9206 13827 11413 4217 1288 1556 412 2760 15398
9885 13325 11167 15143 14815 11493 9361 9430 2516 4628 5364 3812 11354 12928 9833 16712 10843 9144 18150 13052 6816 9211 9676 5827 12406 15316 15195
1256 6060 8124 13252 7672 8107 8202 4782 2293 1687 9273 15980 9620 689 53 2912 12664 14305 12859 14926 12289 12468 15165 6302 12531 17222 17766
3511 14499 17528 10738 14996 14450 13200 11082 7100 5569 2199 6249 9655 10067 6112 7558 4099 7775 8349 7647 10956 12223 15247 15518 15866 15964 17684
16396 12186 15279 12604 8608 8151 7536 8711 7858 6699 6130 2683 6856 14395 16559 14874 14077 11701 16459 13891 13651 12865 9630 8850 7790 11869 8923
6625 9665 12998 1949 1735 7232 7344 11755 10973 6768 1494 4654 14489 13729 14114 14844 17106 11366 11563 14430 14882 16322 17557 10334 11230 18123 9634
6121 8446 7574 11756 15276 13158 1430 2694 1441 1499 4573 4576 6483 2611 3666 13346 11530 6682 13030 15913 16626 14162 15952 8261 12984 17130 10736
2725 3839 7195 5471 7460 5670 4626 8733 4683 5238 2026 1752 1630 3694 1573 4220 2085 9429 17585 17095 7778 7166 14443 16739 18092 12580 7218
3262 2692 11360 12833 7795 17850 17107 16422 16715 12618 6787 6774 9644 6913 6636 14502 5374 3106 10415 14946 6896 5633 4282 15599 15849 14730 6912
2617 6269 2439 7938 7470 14039 11701 2648 11839 13590 4650 6696 3792 4319 5123 14448 15304 6690 16425 14421 10003 15899 12180 9310 17014 10058 7553
1984 11975 8127 8358 4937 8147 3491 8463 9961 3919 9055 12552 4277 15888 5212 10817 9132 9365 14132 14839 11200 9557 17457 11019 17870 16176 6771
2303 11161 6393 7087 11141 10112 7999 14606 15096 9424 17318 13152 6831 5376 3643 6821 11625 15337 17193 12584 16128 15383 13264 16559 17950 15713 16288
6544 8333 6662 5998 10065 12773 11500 2921 5737 12872 14997 18122 6776 5523 9237 10043 8324 11184 4697 4485 13717 17339 14535 14401 10902 15339 10974
15813 7891 6135 2684 7005 9963 618 743 10218 9555 13871 15402 2917 5379 6327 17288 15892 5424 4908 5516 12006 13209 15480 15422 13248 16381 15128
13347 6401 1558 2392 6400 5411 3682 5037 13193 6549 13273 7273 5664 6726 1396 10408 14305 8096 10235 11901 9143 14873 9291 5179 15232 14351 16352
6096 7684 14194 16026 14667 17622 10334 11731 11972 3241 11633 8465 1808 25 4901 4613 16360 17261 10309 13559 14912 6361 7317 6122 10348 16532 15916
3980 14214 15437 7487 3901 9932 16042 6719 12824 10591 3887 13316 2467 5377 6603 12627 16582 17931 10883 16613 16991 13225 10447 13868 17483 18138 17918
9995 9364 8014 13650 10205 9636 14738 10631 12913 11060 8109 7478 14718 7759 7759 7542 5859 10518 10569 7727 10361 13938 17425 13869 12270 18046 17361
16127 12272 14460 10183 11774 16632 16218 15352 12260 16653 14964 10070 4962 13682 7857 2300 2785 7152 9232 10846 14912 14243 16366 16262 15292 17165 16725
12912 12335 13128 13554 12253 13723 13294 17621 17780 17717 16601 11074 5283 7087 15800 8698 724 3899 9982 10689 12169 13430 10209 13580 11065 12596 9715
