data/outputs/Figueira/2015/resolution_1/CONT_TOTAL_1_35.asc
ncols         42
nrows         42
xllcorner     -8.238677953804
yllcorner      39.915521016488
cellsize       0.000314762560
NODATA_value  -9999
2445 4072 6358 4507 4179 7114 3401 5299 4524 3201 1820 343 0 302 5016 1142 692 3986 6919 3024 17 2367 6071 7235 4464 5115 4816 1922 3811 1525 1118 0 88 4018 7068 3157 6410 3623 1602 3706 6173 2052
4043 6231 4793 1178 6989 3231 2755 7081 5341 1500 4264 596 10 1073 1873 763 535 3862 2572 380 3449 3934 6284 7326 6357 3283 1421 3037 5873 2376 3431 3013 1613 2032 3601 4034 3176 3749 5571 4057 3134 6325
3924 5303 1380 5380 3325 2076 1471 2872 4625 2928 1009 2298 0 278 1608 272 61 213 588 1410 5340 6709 7348 7338 7105 6106 5773 6136 6948 5893 4365 6085 2706 917 1126 2272 4780 3572 2441 6429 7350 7296
6109 1326 49 998 5801 656 218 216 4255 7052 1872 790 30 207 3382 533 729 1941 1925 1675 2683 6881 7328 5870 4706 5435 7272 7067 7350 7346 4942 5110 5948 4312 5561 7190 7069 7350 6593 3741 1339 676
2675 563 131 2599 3898 1436 5124 6537 7198 3272 4196 1491 1837 2035 539 2228 5485 2313 1596 5214 6763 6904 7350 7168 3329 911 3488 6080 7350 6998 5168 6742 6058 3387 2686 4417 7252 7350 7220 1795 541 131
4927 4026 499 1778 1207 1795 1008 4808 2609 2733 2856 6146 2538 4933 1080 2714 4824 5944 2788 524 4803 6219 7350 6917 3483 6674 2716 3372 7229 7265 6300 7201 6448 5755 6281 4417 6046 7221 5513 2960 1092 342
2699 3283 2151 1787 1106 3014 6002 1901 2751 3521 4744 6964 5898 3895 5063 7087 6439 3025 21 0 482 4683 2033 848 4099 4050 1514 3447 6817 7350 7176 7071 6117 7349 6364 4800 4301 6033 3715 3418 5295 5129
4147 1980 3595 1102 921 2106 1576 1132 1476 4264 7050 7147 3783 2271 6989 6941 6266 2611 526 20 0 2391 2302 1956 477 129 1266 6458 4490 7277 7332 6256 7218 6703 5525 3665 887 4247 2171 3718 4033 2113
6089 5642 597 2 85 1705 5443 2227 63 1378 5575 4213 3958 1130 1353 1238 786 3443 4411 0 0 10 3870 4115 7057 2402 4726 6680 4015 4574 4377 6612 7248 5634 3794 558 770 187 1189 367 2376 2579
6907 7334 2838 825 1082 4794 1473 153 1558 884 511 1482 4094 1479 1729 62 722 4219 5556 2244 676 119 26 2879 7290 6753 5710 7102 3641 2929 6138 6487 6774 5042 1895 6 141 105 213 70 5270 4594
2074 5349 5662 5211 4736 5355 621 486 281 3929 3320 1057 1186 2357 1702 722 2043 4884 6966 5649 3158 3785 4394 4757 3836 3325 4804 7003 4594 4604 7041 7350 6796 1420 0 0 0 21 16 295 1852 6222
0 3064 1866 3973 7246 4899 582 332 1453 2381 1971 3050 4914 705 98 1289 3576 2634 894 1107 3949 7350 7346 7141 1595 896 3573 4010 2828 3539 6148 4005 4364 1665 2032 109 455 602 100 172 2234 6700
1734 5172 7348 3846 4398 4570 5713 6317 6003 2579 7270 3678 1933 1256 384 1083 61 1773 3388 6885 6861 7165 6435 7199 6543 3554 3001 1507 6502 7276 5987 0 707 2498 5353 1338 679 3724 3388 5525 5237 7021
5217 2869 2984 2752 7234 7239 5410 5114 3719 1834 3183 6587 1290 435 1114 4376 5035 2715 520 828 4103 1322 28 2998 6290 7186 3518 5124 6902 7326 7267 4159 6199 2253 6645 6218 3276 2163 5740 6425 6347 7055
10 122 3347 810 5286 5965 3625 3403 3975 1307 3185 1145 1043 771 491 1960 2878 6644 7032 4512 1280 0 0 144 1185 4835 6317 5519 5753 4218 5560 6828 2981 3523 7206 5186 1677 2977 4564 6733 7267 7288
605 2464 6054 6142 4872 1315 2030 6579 5067 6398 5692 3903 3409 1529 1264 692 463 5007 3576 5493 3544 382 6 1587 1898 933 2196 3502 4882 4385 5602 7082 7109 6288 7092 6582 6552 5884 7200 7172 5788 6896
3058 2361 6471 7350 7232 7175 6369 6376 4624 6164 3956 6504 3097 2589 5046 1820 1327 3025 318 3324 6742 4800 3578 5500 2703 2611 3772 4419 3310 2637 1232 1409 1957 2384 4693 5096 5066 6690 5683 6251 6669 7230
6476 6860 5241 7344 6332 6039 2240 3553 3679 2473 4353 3380 3684 3117 2334 2423 3310 722 835 1410 4831 6704 7350 6360 6266 5571 5078 4076 5275 7350 5882 6106 5501 5637 4656 2963 3083 2368 1405 3200 4437 4164
6461 2376 2799 7338 1849 1786 2986 3147 1480 1619 2906 3458 3947 2854 3814 1971 301 1330 2393 4216 5560 5024 7071 3885 6411 7206 6993 4129 4331 7009 5946 5515 7322 6167 6175 6936 6117 5132 5319 6932 6372 3483
1916 2499 4058 6615 2519 438 26 843 3263 5120 2644 4907 6523 4411 1683 2433 953 947 2035 6317 6500 6248 6465 5486 5797 7316 6148 4791 3542 4770 5124 6230 5756 7140 7350 6967 3149 2766 3986 7344 7217 4757
2961 1000 4047 1651 2931 3722 4579 6639 6898 1644 1044 1858 350 359 310 410 1370 1888 3588 4313 3063 1247 171 4995 6007 6872 4693 982 2240 5536 5840 6016 7350 6074 3932 6463 3385 1989 4435 7197 7208 4415
1473 2553 4298 4991 5637 5116 6520 5568 3089 1577 747 466 909 658 1642 478 1140 745 302 453 618 75 558 3916 3593 559 3028 3016 7338 6700 6989 6880 5871 6750 7245 7305 6934 3931 7316 7350 4336 3214
1830 357 118 1248 1754 2102 2517 1272 1707 1425 2713 3799 4518 1308 2444 1311 480 1917 229 20 901 2228 1162 596 131 1487 1270 3429 7350 7256 6987 5495 1197 1311 2125 6372 6953 7350 7350 6293 4137 2708
2857 236 1947 4483 5749 3901 2291 5531 7128 6483 6865 6921 7288 6784 5533 6925 4111 1403 1124 2683 4109 3012 1246 4403 4473 2227 484 1938 3318 4591 7293 3972 2383 3130 1018 2419 6807 6425 6827 6269 5680 5777
1084 6 544 1151 5970 4980 3566 4120 6724 7236 6931 5470 4275 6010 5813 1706 1105 2209 3155 5007 2770 1147 1186 6198 7235 5612 797 1057 3802 7162 6389 4394 3286 3843 2366 960 5413 4323 6541 5690 3814 338
378 2329 2606 619 1110 2634 5537 999 6246 6327 4390 942 720 5914 7248 5324 1243 3390 1636 637 1189 1161 1567 4080 6619 7229 5074 2331 6370 7271 6595 4262 2752 6083 7130 4325 2134 5222 6388 6310 3829 3421
631 4004 5172 1558 1706 3834 1274 1873 4459 784 917 601 5276 6010 2426 1018 878 5431 3262 1962 5848 5529 281 4381 4349 3749 4480 697 3376 5354 5390 5378 2427 3627 7326 7350 7026 5542 7338 7258 3796 2169
497 666 6217 5035 5241 2801 1582 4319 4391 2027 1933 3108 6389 1897 710 2993 6319 6465 4510 684 4384 6205 2869 971 4273 7064 1703 6180 7348 6289 5555 6557 5736 3908 4593 6875 3990 5033 7318 6798 7001 3756
236 1867 5628 2908 3009 2412 3142 5615 4847 2577 1950 4994 7348 6645 3354 3413 7327 6801 4667 3185 1780 1879 1739 0 3750 7054 3916 7350 7234 7338 6316 5246 6871 6809 5696 4697 5760 7154 7346 6393 6142 6317
1204 1497 4840 2508 2766 2890 2190 3497 3489 6202 6835 5180 2494 3569 6440 7328 7326 6540 5812 3296 1075 3276 3074 3483 1507 2649 2186 4406 4461 3157 1078 7350 6900 6586 6304 5483 4810 6429 6646 7328 7322 6835
4251 3395 2607 2267 3082 2028 5121 4131 5486 4039 3106 665 2 3129 6291 2543 5261 7137 7350 3723 479 2349 1995 6043 5496 5342 4219 4318 3106 279 1060 1969 6171 7350 6335 6744 7196 5788 3621 2818 6629 5331
6980 4637 2037 2355 1311 1004 1847 5040 6691 588 271 351 436 3923 4403 2813 5506 7285 6081 1043 922 2412 496 5452 7331 7127 4217 2262 1137 2562 1984 4067 5360 6940 6338 5697 6575 5734 5086 4555 7350 6556
6692 5405 3358 2819 1490 491 3115 1120 1884 693 44 150 3146 6429 4973 2414 6681 6912 3534 1449 2458 817 1898 4173 6014 7292 6449 2918 2359 2292 2681 2623 5142 3409 4450 5155 5410 5593 6927 6245 6340 7310
5188 5425 2074 227 385 348 2129 2580 2213 2301 999 1493 3826 4664 3368 2117 5112 4520 1174 3424 1804 4593 567 633 5717 5868 4661 2124 4636 4004 6124 2982 4216 7214 6274 3229 1494 1710 6357 7094 5589 6308
3869 1942 1167 3412 5643 5650 5534 7285 7172 5801 3514 4798 4295 5254 2406 3817 7283 3923 1512 1190 122 227 28 1382 418 6046 7092 6799 3781 2966 5177 6841 5537 2688 4584 2470 2351 839 3891 6107 7196 7100
777 2148 5916 7160 7234 5906 3675 4763 6753 5919 4167 3851 6690 4848 924 1855 737 6654 2330 71 7 64 2069 6713 3742 5530 7350 7047 6280 4038 5918 6758 5597 2865 1703 4002 2947 3996 5509 6683 7271 7008
881 4395 5311 7350 5175 2838 1733 1651 3439 5492 6281 1075 5023 3954 4670 4178 395 4210 4309 550 935 3767 3476 1582 5460 7049 7277 7350 3793 7026 7326 7260 6926 5901 3716 3618 5057 6071 7304 7346 7350 7350
1915 2938 5658 5087 2814 3586 2093 2311 4029 4297 7147 4859 2984 6083 5120 4111 3382 4265 5505 5312 2461 1501 4164 5005 5277 2940 4304 4570 4437 3688 4284 4534 6624 7103 7249 7337 7256 6986 6029 6880 7326 7350
4382 6865 3165 1971 4170 7150 6697 4846 3880 6959 5420 6290 2776 5138 5626 4373 3610 2712 2306 6720 7201 2389 365 857 1026 1736 2265 4674 5755 3294 1879 3532 2953 3495 5895 7247 6244 3535 4101 6944 7126 6064
6811 5851 5065 6737 4805 2522 4602 6508 6259 7310 5746 5701 6382 4448 5773 7274 5675 4011 3898 972 6226 4216 2295 1065 1265 1185 2074 2970 3914 4066 4163 6290 5796 5498 7142 6770 6317 7323 6873 7350 7258 6698
6900 5104 4552 5165 6513 6387 3164 3068 6133 7318 7273 7002 7184 6226 7102 7291 6523 4586 3785 1099 4073 5218 6999 6208 1163 35 141 1218 1444 3889 4235 4286 6309 5913 5081 5056 5112 6586 3315 5299 5658 6730
3443 6143 4903 4578 5748 5556 4898 6636 5391 4353 4880 6968 7135 7140 7140 6940 6824 6792 3222 3064 2211 666 5462 6632 3420 365 827 2124 4623 4750 3641 5195 5172 5642 4271 3991 5361 5774 5082 5286 3786 2797
