data/outputs/Figueira/2015/resolution_1/CONT_TOTAL_1_80.asc
ncols         18
nrows         18
xllcorner     -8.238677953804
yllcorner      39.915521016488
cellsize       0.000719457280
NODATA_value  -9999
24728 20362 14011 23989 12981 1281 5965 8329 9136 28548 35591 21633 27478 20924 11075 17944 21694 27234
13033 10570 10106 25762 17590 9320 9143 15615 15714 36009 27176 22930 37525 30044 26097 29146 37919 8236
17543 7786 12988 11328 25060 23914 27836 26150 1176 17376 13689 13945 33165 36974 35127 24352 24422 20197
31114 3050 15284 5869 14938 15629 8316 14236 9153 5747 25196 24776 25282 30116 31832 6268 2786 11013
13971 24037 18798 6094 16549 12632 4508 17041 18848 30349 23644 20790 20595 29543 15397 3116 2121 8662
17017 20449 32092 25183 18653 7935 9364 16273 17664 14065 21858 23664 31509 27179 18509 23594 17070 33091
9845 31687 22284 27252 25813 14613 9722 14840 21471 10759 12710 15681 21126 22113 24937 31019 31829 34503
26110 30325 17417 15240 16498 19318 14273 8318 16468 32413 29819 30777 27625 30768 29723 26263 20853 27852
13435 20360 16775 25074 11338 14832 5225 7677 19975 14954 26654 25674 22202 30543 33748 31367 16274 35908
7307 15908 16361 18980 16261 19659 15280 6718 5020 8069 11127 6611 30542 32944 14293 27694 35549 27792
4991 10336 22831 24584 31495 20440 28564 12576 12632 7829 30293 18848 23079 29322 20893 17302 27804 27100
9818 21675 15390 19530 7500 24715 9654 26759 13930 21624 17275 22202 28077 29860 23038 33227 31260 31974
10377 15266 14571 22028 24727 20703 28827 34683 18073 11599 15279 21806 24436 21530 35564 29829 32276 33156
28610 13240 9361 20329 2112 10028 21604 33679 13169 9010 31851 29425 10292 11608 27069 31932 31599 30889
19973 10948 18139 24718 15179 22801 15506 24953 8226 7060 11346 29758 23579 24889 26709 16806 14879 33479
12702 34509 17364 19414 27732 23460 18696 18729 8238 11420 22379 34959 27188 33441 28575 21641 31914 37759
26046 20808 26578 24167 31100 23437 28110 18860 23502 15748 11045 12771 22181 20334 25767 36774 29241 36359
28686 27047 25969 29231 31956 36276 36306 30333 12583 24097 21261 3258 17162 23779 29602 24589 29664 27603
