data/outputs/Figueira/2015/resolution_1/CONT_NORM_1_10.asc
ncols         150
nrows         150
xllcorner     -8.238677953804
yllcorner      39.915521016488
cellsize       0.000089932160
NODATA_value  -9999
[rows 56 to 111 of 150, columns 0 to 95 of 150]
14 0 0 0 0 54 64 70 87 34 70 64 98 84 42 89 44 0 16 10 0 0 0 0 12 98 100 100 80 58 10 3 70 100 100 96 100 99 45 97 67 18 7 59 98 49 0 0 0 5 47 6 0 0 0 24 2 0 1 56 87 93 78 94 50 72 95 99 100 100 39 3 27 3 3 0 0 0 0 0 0 0 7 8 0 0 0 0 0 2 16 56 51 81 58 60
36 0 0 8 6 57 100 98 100 100 100 88 78 100 99 100 51 0 0 0 19 0 0 9 34 97 100 100 100 100 67 95 100 100 100 100 100 58 0 29 98 45 3 19 79 94 63 8 4 46 19 1 0 0 0 0 0 0 0 2 29 91 70 74 0 1 6 9 97 71 83 32 76 11 0 0 0 0 0 0 3 20 61 21 25 36 0 0 0 0 0 0 0 3 0 12
28 0 1 7 10 28 52 97 100 100 100 100 100 100 100 100 54 0 3 11 89 69 81 99 100 100 100 92 100 97 73 100 100 100 100 100 100 29 0 51 83 68 92 33 3 56 22 3 74 70 13 2 7 20 0 0 22 17 0 0 7 93 100 33 0 16 50 89 93 13 41 63 100 72 2 0 0 0 0 0 28 78 31 10 63 99 50 79 7 0 1 10 0 4 0 0
37 45 16 0 0 0 64 82 100 100 100 100 100 100 100 100 99 71 88 100 100 100 100 100 100 100 100 100 98 53 94 100 100 100 58 39 87 26 4 90 100 98 46 2 0 0 0 16 92 100 54 71 25 0 0 1 2 5 0 0 27 80 99 8 0 13 7 81 100 26 18 97 100 100 77 14 2 0 1 39 90 100 91 71 100 94 31 79 47 75 21 7 0 12 3 0
23 2 39 37 0 0 2 42 89 99 100 100 100 100 100 100 100 100 100 100 100 97 100 100 100 100 100 60 81 11 93 100 100 82 86 96 98 49 16 98 98 96 41 0 0 18 12 26 53 87 56 96 5 2 10 1 5 0 1 56 64 3 42 7 10 6 7 3 52 36 90 97 100 100 100 95 71 47 26 77 62 31 61 69 40 48 3 55 85 43 5 36 38 76 94 86
64 44 54 43 16 55 56 54 90 98 100 100 100 100 100 98 98 100 100 100 100 62 90 77 100 100 90 21 31 0 87 83 92 89 64 89 84 9 47 100 97 100 60 81 80 91 73 2 53 51 44 75 53 69 87 6 0 6 57 49 23 44 1 1 5 0 5 14 65 85 100 100 100 100 100 78 24 29 42 56 66 69 74 65 34 5 0 11 21 0 18 23 99 100 65 100
31 72 97 93 100 100 100 100 100 100 100 100 100 100 100 97 96 100 100 100 100 74 34 10 67 90 76 23 40 38 91 69 87 66 31 19 75 43 69 99 65 99 95 100 92 42 29 7 8 53 48 98 92 70 54 67 48 94 41 43 92 22 3 0 0 0 0 1 43 100 100 100 88 86 25 47 89 100 100 100 100 100 100 100 84 8 55 0 0 25 12 52 87 67 61 69
71 98 100 100 100 100 100 100 99 100 100 100 100 100 90 100 100 97 100 100 100 58 2 0 16 43 54 0 7 65 71 21 93 43 13 70 61 57 95 39 20 10 36 70 74 41 1 36 61 0 17 91 58 17 24 52 90 56 77 34 6 0 0 0 0 0 0 0 0 71 100 100 74 33 88 100 100 100 100 100 100 100 100 100 100 56 81 45 44 57 78 44 20 21 41 78
88 95 100 100 100 100 88 47 24 98 100 100 100 99 43 100 100 71 100 100 93 68 12 22 23 48 71 52 10 90 74 45 34 6 61 50 46 100 95 36 14 0 14 36 41 98 28 26 0 0 0 7 5 0 21 35 68 72 29 17 18 1 0 21 18 8 0 0 0 28 30 44 34 98 100 100 100 100 100 100 100 72 90 84 100 100 100 100 100 100 100 88 96 92 87 72
70 97 100 100 100 99 32 2 0 79 100 100 100 100 63 69 89 52 60 45 43 23 26 48 62 81 51 60 21 67 51 26 4 0 0 3 92 60 35 100 43 21 0 8 83 77 100 92 43 23 71 30 0 8 38 68 15 0 3 0 3 6 0 38 55 0 11 45 4 7 7 46 97 100 100 100 100 100 100 100 100 81 33 75 100 100 100 100 100 100 100 100 100 88 99 15
86 100 100 100 85 25 0 0 0 72 100 100 100 100 23 8 2 0 2 54 78 84 52 51 76 64 61 85 61 12 0 11 23 45 2 1 25 56 59 50 82 22 4 18 80 43 62 46 8 73 89 98 14 0 4 11 25 3 0 0 18 85 1 6 24 3 55 96 34 15 74 55 29 99 100 100 100 100 100 100 100 41 20 93 73 100 100 100 100 100 91 100 100 100 100 44
88 100 100 100 67 51 2 0 0 55 100 100 100 100 26 6 1 0 0 33 78 63 35 48 29 71 66 57 31 44 3 44 46 4 0 14 10 63 100 71 65 44 60 37 24 6 0 10 21 23 19 29 0 27 40 0 18 1 0 0 0 8 12 29 49 1 12 3 22 99 100 72 51 22 17 76 100 100 100 100 64 14 74 93 58 96 100 100 100 100 85 100 100 100 100 98
90 97 68 60 30 4 1 6 21 73 100 100 100 98 90 62 5 0 0 0 51 74 15 11 7 2 21 37 15 24 0 18 25 10 24 10 74 55 71 39 2 8 82 46 77 57 52 66 33 67 47 63 93 94 77 0 0 0 0 0 0 9 57 73 42 40 40 72 68 100 100 100 83 43 23 6 87 100 100 100 27 8 41 98 96 84 98 100 100 100 100 100 97 100 98 98
90 63 21 8 0 0 14 19 14 59 100 100 100 90 68 28 32 0 0 0 2 9 0 0 0 1 2 3 1 39 0 51 40 15 0 27 26 16 23 52 60 78 92 100 100 100 100 100 34 59 41 74 35 31 20 0 0 10 10 2 18 7 30 70 17 64 8 64 100 100 100 100 100 100 95 43 80 100 100 92 74 49 84 39 7 78 98 100 100 100 100 85 41 88 72 41
75 62 12 0 1 48 31 7 33 60 100 100 100 95 79 0 0 0 6 6 8 1 0 0 0 0 1 7 0 5 7 70 36 95 19 49 57 0 0 59 100 100 100 100 100 100 100 66 43 31 23 18 34 98 80 51 9 2 40 6 20 25 1 0 24 16 0 65 100 100 100 100 100 100 100 68 97 100 100 100 61 49 96 24 50 95 99 100 100 100 98 69 79 53 94 59
50 10 0 0 9 94 83 64 6 67 100 100 94 99 63 6 27 0 0 1 37 3 0 0 0 0 5 1 1 67 99 100 100 100 84 26 42 0 0 9 95 100 100 100 99 82 86 5 0 2 10 0 0 12 65 8 2 9 15 11 3 61 10 2 51 10 39 76 100 100 100 91 59 74 100 96 95 100 100 100 100 83 69 78 45 44 90 90 100 100 100 100 100 90 67 89
23 10 4 0 0 51 98 100 57 80 99 100 81 20 55 80 67 0 9 5 0 0 0 0 3 53 63 7 26 85 100 100 97 80 56 96 94 43 38 46 93 70 41 69 77 86 90 51 4 17 17 43 0 0 9 7 0 0 33 20 0 0 5 36 7 70 95 100 100 100 100 100 77 2 88 97 93 85 51 43 74 100 99 98 95 95 95 96 100 100 98 100 100 96 43 1
15 12 51 25 0 0 57 96 75 75 100 65 40 0 59 29 11 42 3 1 39 15 0 0 63 91 82 44 54 100 100 81 4 0 0 31 61 43 57 36 53 57 24 2 0 31 24 6 0 7 4 0 0 0 0 0 0 18 93 67 12 1 13 18 78 52 39 80 98 99 100 100 76 27 19 89 24 0 0 0 22 50 81 100 100 92 22 87 100 100 100 100 100 85 52 19
52 38 38 9 0 0 9 68 17 80 56 0 0 1 0 33 31 41 9 25 60 79 63 41 66 100 94 100 100 100 100 54 12 1 0 0 0 0 3 19 57 39 10 8 0 0 0 0 0 10 3 0 0 0 1 0 0 1 7 82 36 0 34 85 34 16 7 29 67 91 66 71 41 0 0 24 11 7 3 0 0 4 37 100 100 88 35 71 100 100 100 100 100 71 37 16
72 23 36 88 12 4 0 3 17 19 69 17 0 0 0 43 81 63 51 91 100 99 97 100 100 100 100 91 88 100 100 100 98 7 0 0 13 0 0 0 1 8 0 4 0 0 0 0 0 0 0 0 0 0 2 27 0 0 0 45 20 0 43 58 82 82 5 27 90 47 33 0 4 14 0 2 2 0 0 0 29 87 100 100 100 100 94 100 100 100 82 63 60 43 12 0
60 83 15 78 29 0 21 53 85 45 89 27 9 62 79 86 60 95 85 100 100 100 100 100 97 98 100 66 77 99 99 100 76 3 0 4 7 0 0 0 0 1 0 0 0 0 26 0 0 2 71 6 0 35 15 27 5 28 3 49 41 8 32 22 46 38 52 32 11 3 4 5 2 2 2 17 1 8 33 2 0 71 100 72 45 70 62 73 60 49 3 1 4 26 16 0
31 54 33 9 62 23 54 98 83 26 29 5 93 76 39 92 99 81 70 100 100 100 96 100 100 100 99 82 92 16 4 44 97 4 0 19 26 0 9 33 0 0 0 8 41 45 19 0 0 8 48 5 0 0 5 26 6 63 19 16 27 2 13 1 0 1 3 0 0 0 0 0 0 0 0 0 0 0 45 17 0 28 91 99 72 28 0 9 2 0 1 67 93 98 77 7
0 0 2 45 45 55 17 24 25 38 66 68 96 100 100 100 63 24 81 100 84 47 98 95 100 100 71 65 100 25 0 0 19 0 26 0 7 8 8 11 0 0 0 23 24 39 3 2 0 4 41 12 2 2 2 0 0 3 27 30 0 0 0 0 0 2 3 0 0 11 1 1 4 0 0 0 0 0 0 0 0 6 78 100 100 90 39 16 9 0 9 20 16 83 76 4
0 0 2 0 2 0 70 77 80 66 54 68 68 92 97 100 52 56 8 16 23 52 98 94 76 80 32 15 56 0 19 43 0 0 4 12 35 5 24 0 0 0 7 8 0 0 5 21 0 29 66 0 16 0 0 0 0 2 1 4 6 0 0 0 0 0 0 0 0 35 49 35 11 0 0 0 0 0 0 0 0 2 53 85 81 77 60 0 0 0 14 1 0 0 0 0
0 0 0 0 0 0 0 0 3 1 17 10 0 3 7 22 13 14 0 12 63 100 86 95 39 26 5 13 8 6 2 9 0 1 0 0 0 0 22 39 2 23 44 51 69 20 0 0 11 49 27 1 0 0 0 0 0 0 0 0 2 0 0 0 0 10 0 0 0 0 1 2 10 4 0 0 0 4 0 0 0 0 0 16 9 0 0 0 0 0 0 0 11 47 16 0
1 43 3 0 0 0 0 0 2 0 19 11 0 9 1 9 20 45 62 22 33 14 3 36 18 28 1 0 36 13 1 46 2 0 0 0 0 19 99 62 8 84 100 100 78 3 0 11 0 0 0 26 20 0 0 0 15 1 0 2 40 23 3 12 16 0 0 0 0 0 0 2 26 15 7 22 6 42 2 15 6 24 0 0 0 0 0 27 12 32 0 0 8 80 61 13
72 29 77 1 0 6 27 2 3 1 0 0 18 70 25 3 43 81 69 0 0 0 0 2 0 0 11 39 41 44 6 71 43 6 2 66 54 60 46 51 64 100 100 80 6 0 0 36 41 4 7 97 87 56 6 0 9 16 5 32 94 63 2 0 0 0 0 0 0 0 11 9 8 51 78 45 73 45 11 25 0 0 0 30 10 0 0 31 51 11 0 0 1 1 2 86
90 66 32 4 0 0 29 20 14 8 11 22 64 82 45 14 30 7 8 0 0 3 13 72 76 69 49 4 14 87 68 98 100 18 37 100 100 78 64 26 99 100 100 85 64 48 67 97 100 86 70 74 68 54 79 81 47 20 4 18 8 71 12 0 0 0 0 0 22 46 50 23 24 72 61 58 14 2 28 24 0 0 0 22 1 0 0 9 84 36 0 0 6 22 3 34
90 96 14 0 0 0 0 0 6 21 64 78 99 53 30 79 95 91 78 35 0 2 1 3 47 84 99 86 99 100 100 100 100 56 78 100 83 94 56 91 100 100 98 100 100 88 56 75 95 61 39 37 37 100 100 100 100 74 36 7 0 0 24 25 46 0 18 53 45 8 35 83 58 10 33 66 13 0 13 39 46 29 22 37 73 45 45 3 94 15 0 0 4 24 13 2
47 40 31 0 0 0 34 25 31 54 54 69 68 36 100 100 100 100 87 91 19 24 14 51 70 74 96 100 100 100 100 100 100 100 100 100 100 100 100 100 92 100 100 100 100 98 98 100 98 100 100 93 73 100 96 100 100 100 47 0 0 0 33 4 3 0 12 53 66 3 3 80 83 63 43 59 1 0 25 53 54 92 94 93 91 82 72 4 84 20 0 0 0 1 0 0
26 4 16 0 0 0 2 6 14 33 41 54 21 84 100 100 100 100 100 86 13 63 71 46 10 3 91 100 100 100 100 100 100 100 100 100 100 100 100 100 100 100 100 100 100 100 100 100 100 100 95 91 90 100 98 100 97 71 0 0 0 48 96 61 39 8 27 47 35 17 45 45 85 74 71 83 6 11 19 3 24 100 98 84 88 96 100 98 63 1 0 1 4 10 0 0
18 21 31 21 0 0 0 0 0 10 11 0 11 78 100 100 100 100 100 50 53 69 10 0 0 0 67 100 100 100 100 100 100 100 100 100 100 100 98 100 100 100 96 100 100 100 100 100 100 96 91 59 93 67 44 36 8 4 16 35 10 85 99 100 97 13 38 93 100 84 88 88 30 50 49 49 17 25 22 13 26 98 100 100 99 96 100 100 98 60 11 6 6 0 0 0
31 27 24 5 0 0 0 0 0 13 9 0 4 2 36 100 97 96 100 60 70 100 51 0 0 1 33 100 100 100 100 100 100 100 96 100 85 93 100 100 98 66 39 96 96 89 100 100 86 98 100 20 3 0 0 6 2 8 2 13 32 20 58 95 57 24 11 95 100 100 94 53 0 0 1 1 19 24 16 2 2 93 100 100 100 100 100 43 69 100 79 26 14 0 1 0
0 0 0 0 0 0 0 0 0 4 60 0 25 7 71 82 56 88 95 19 91 94 67 35 35 78 93 76 42 96 100 100 100 96 100 100 98 68 98 98 24 0 6 37 21 69 49 46 67 89 100 87 32 28 21 24 12 2 18 28 20 2 0 20 10 55 31 17 60 85 79 4 0 0 0 0 16 40 2 0 0 85 100 100 100 100 100 83 79 100 81 25 2 1 2 38
1 0 1 1 0 0 1 2 0 0 29 47 1 48 35 58 50 12 1 0 86 84 99 97 79 13 59 46 26 73 92 93 100 73 95 97 96 96 85 63 17 2 1 7 0 25 20 81 100 100 100 92 40 11 35 3 28 78 25 0 0 1 0 0 0 3 86 68 20 0 0 0 0 0 0 0 26 85 47 12 0 82 100 100 100 100 100 100 100 100 89 70 22 43 53 48
4 0 0 1 0 1 17 10 18 1 0 11 8 5 0 3 2 16 58 19 65 90 100 100 77 0 0 9 66 90 74 100 94 54 79 99 75 91 29 13 0 12 8 18 8 2 50 95 87 100 100 98 100 60 90 76 34 47 0 0 0 16 67 38 0 0 8 7 1 0 0 0 0 0 12 9 0 3 35 75 80 100 100 100 100 100 100 100 100 100 83 51 52 36 38 22
27 0 0 31 18 22 74 70 87 24 1 0 0 3 1 1 10 70 20 47 64 92 100 63 35 0 0 31 88 86 99 98 95 100 100 71 32 56 36 2 1 3 4 0 1 30 86 100 99 100 100 100 100 100 96 90 13 1 0 0 34 83 98 61 26 0 0 0 0 0 0 0 0 9 50 20 0 0 0 0 5 19 69 96 100 100 100 100 100 100 100 100 100 74 80 27
2 19 6 0 55 87 87 64 86 62 11 1 0 0 0 15 73 41 0 6 32 57 47 23 7 1 0 52 90 97 98 93 60 79 99 15 76 14 28 18 0 2 13 10 5 72 100 100 99 100 100 98 94 47 79 47 4 0 31 53 73 87 79 85 50 1 0 0 0 0 59 37 57 91 26 10 0 0 8 5 0 0 0 6 25 55 98 100 100 100 100 100 100 45 31 1
7 52 17 3 97 94 46 87 99 19 0 1 5 2 0 3 57 67 25 26 10 29 9 7 0 0 8 79 96 54 72 54 0 28 37 14 36 2 2 1 0 0 16 36 80 100 100 100 80 76 73 87 65 1 0 1 0 0 38 86 82 100 100 64 5 14 16 7 58 43 73 76 98 100 100 73 0 0 0 0 0 29 76 77 42 9 11 33 75 99 100 100 100 69 29 0
4 0 0 18 81 99 71 66 86 34 17 6 34 12 5 1 24 98 79 32 41 37 37 1 0 0 35 54 28 85 72 42 1 3 16 69 33 0 0 0 0 0 3 96 100 100 100 100 49 32 44 25 10 3 9 0 0 0 0 27 89 100 100 81 12 39 25 64 38 17 12 89 100 100 100 99 50 0 0 0 0 18 76 100 98 97 35 19 0 17 57 89 96 55 79 0
0 0 10 32 5 17 65 89 95 65 70 8 49 53 22 15 0 57 94 66 71 23 55 0 0 1 52 49 26 84 50 19 0 14 0 0 0 0 0 0 0 25 43 81 100 100 100 95 29 8 0 0 1 43 56 0 6 3 0 50 42 46 82 29 81 86 9 5 15 55 51 100 100 100 100 88 45 0 0 11 76 84 50 86 91 63 97 81 65 27 0 3 40 77 59 2
0 0 7 4 0 1 70 100 100 97 34 1 49 91 77 65 35 29 41 36 19 11 4 0 0 12 16 75 92 87 9 0 12 0 0 14 23 15 31 43 72 97 100 100 100 100 87 26 2 2 1 0 4 78 44 19 16 28 72 48 18 78 54 40 95 47 0 0 5 11 3 93 100 100 100 90 9 3 28 12 18 77 16 35 16 35 100 88 100 98 52 0 0 0 4 12
0 17 3 34 8 0 25 91 100 97 67 35 89 99 77 17 70 43 47 91 47 3 8 22 0 82 96 69 90 55 22 8 0 1 0 15 49 78 84 85 55 41 91 100 100 100 51 10 2 32 0 0 15 52 2 50 92 73 96 100 91 93 83 73 91 5 1 0 26 17 56 82 100 100 100 98 70 46 42 67 65 4 12 10 35 23 100 100 98 96 98 9 0 0 18 67
8 13 0 16 4 0 4 48 97 87 100 97 35 79 86 24 70 73 11 42 70 3 19 9 23 84 25 44 42 27 82 34 11 41 26 20 1 0 2 1 2 48 91 67 32 31 1 0 0 4 0 15 66 65 49 63 59 95 100 100 100 97 98 100 72 51 50 0 0 3 39 46 91 100 100 98 82 31 54 60 25 0 40 0 6 43 100 100 90 97 100 49 0 12 90 100
14 4 1 10 0 0 9 23 85 100 100 65 74 63 78 71 100 93 59 2 3 32 73 43 81 51 67 80 58 97 89 87 87 83 27 38 5 0 16 36 2 42 99 88 100 83 63 30 1 0 5 22 7 21 5 42 97 96 100 100 100 49 100 100 39 74 66 10 0 0 0 16 55 47 44 94 96 21 3 44 9 10 4 0 0 60 100 100 100 98 89 70 0 52 100 100
25 0 0 28 21 0 58 35 93 100 100 94 46 6 46 95 100 89 66 11 0 32 43 76 97 90 95 74 42 83 60 72 84 46 0 0 0 0 8 16 24 72 100 100 100 92 61 90 80 33 14 7 0 46 35 39 100 96 100 100 97 100 100 99 54 75 29 64 38 14 63 0 7 15 13 34 98 73 15 0 0 0 0 0 13 14 77 100 100 100 100 97 11 55 100 100
2 0 0 0 25 31 28 58 96 87 71 64 72 19 9 35 51 78 73 11 3 37 29 88 99 72 73 52 97 75 79 82 66 10 54 2 7 1 0 38 82 85 100 100 100 100 96 85 100 63 38 29 11 0 25 80 100 100 100 100 82 68 89 69 16 84 58 62 64 15 26 0 20 45 0 5 82 100 56 0 0 0 0 0 4 31 90 100 100 98 100 100 23 25 100 100
1 0 0 28 18 8 40 79 77 86 23 56 22 0 13 3 6 28 14 54 1 4 10 60 61 84 91 70 61 47 46 44 19 0 18 34 52 76 75 99 100 100 100 100 100 100 100 100 91 72 88 39 15 31 55 91 100 100 100 98 95 95 96 83 71 55 35 67 40 7 20 5 48 60 0 26 10 20 4 0 0 0 0 0 0 77 93 85 88 92 98 94 9 19 100 100
10 0 0 38 6 1 36 90 83 70 56 9 3 3 33 46 15 31 58 78 9 3 13 10 5 66 94 84 38 49 72 8 12 78 56 21 86 100 100 100 100 100 100 100 100 100 91 96 61 84 79 94 96 92 100 92 100 100 100 100 98 80 73 32 85 78 13 77 74 86 0 3 1 37 0 3 0 61 9 15 0 0 0 0 0 28 94 97 93 98 88 90 0 3 59 96
19 59 16 37 18 11 63 86 53 49 57 12 2 12 11 22 76 57 63 80 13 0 40 92 9 3 43 79 50 25 5 0 49 100 100 100 100 100 100 100 100 100 66 48 57 66 100 44 70 85 86 97 100 100 100 100 100 100 100 100 100 77 27 10 60 74 26 50 64 78 1 34 60 1 22 61 78 81 5 31 75 38 1 0 0 3 76 29 13 54 63 27 4 0 18 60
9 30 0 19 18 4 2 45 32 73 35 60 8 9 29 4 4 9 24 34 8 47 35 68 41 27 33 59 81 28 51 85 87 98 100 100 100 100 87 52 79 68 35 0 2 2 17 55 46 42 100 98 100 100 100 100 100 98 100 100 100 100 99 99 100 98 58 11 36 66 0 18 30 3 63 92 100 99 53 3 84 100 23 7 0 1 6 1 0 0 6 30 0 48 92 33
0 26 25 34 11 0 0 28 85 100 100 96 45 61 68 48 52 62 74 32 21 15 12 11 23 27 61 77 40 62 95 100 100 100 100 100 100 66 37 0 58 37 3 0 1 0 1 17 74 74 96 100 96 100 100 100 100 98 100 100 100 100 100 100 100 100 100 55 0 0 0 3 20 26 25 28 48 38 0 32 82 92 85 100 53 2 0 0 2 36 92 36 3 74 90 40
3 46 22 76 18 2 17 27 5 33 95 70 19 1 40 57 55 90 77 17 30 44 35 44 21 21 50 76 97 81 67 52 99 100 98 100 79 57 21 3 47 16 0 0 0 0 0 45 90 100 100 81 47 65 56 78 100 95 100 100 100 100 100 100 100 100 98 90 6 0 0 0 43 59 19 1 0 0 11 69 85 51 44 65 100 41 0 0 6 95 85 0 26 91 100 58
85 66 36 22 19 66 92 77 13 3 13 7 0 3 39 40 2 18 17 33 3 74 100 100 91 64 65 13 66 96 96 69 97 67 84 82 52 1 0 1 13 4 0 0 0 0 0 38 100 100 100 77 9 3 30 82 100 50 40 31 100 100 100 100 100 100 100 100 48 0 0 0 0 2 0 26 38 18 27 18 68 74 82 96 100 95 39 51 69 98 82 0 32 100 100 98
90 100 83 10 35 95 95 61 9 44 70 64 22 52 26 39 35 13 36 5 0 48 92 100 100 93 30 71 69 63 87 57 33 5 0 36 10 38 43 4 20 0 0 0 0 0 0 63 100 100 100 72 22 0 14 52 53 62 67 89 100 100 100 100 100 100 100 100 48 0 4 0 0 0 16 59 85 14 9 11 87 100 100 100 100 100 100 100 100 100 45 0 86 100 100 83
90 100 79 50 41 61 96 46 7 42 24 36 29 43 34 71 74 80 25 7 16 3 43 100 100 89 66 20 49 75 69 17 0 0 2 2 1 0 0 0 0 0 0 0 0 0 0 56 100 99 82 49 59 37 4 0 0 53 100 100 100 100 100 100 100 93 89 99 6 5 0 0 0 28 77 75 58 12 16 26 73 95 93 100 100 100 100 85 100 100 38 0 65 80 75 38
