data/outputs/Figueira/2015/resolution_1/CONT_NORM_1_5.asc
ncols         300
nrows         300
xllcorner     -8.238677953804
yllcorner      39.915521016488
cellsize       0.000044966080
NODATA_value  -9999
[rows 0 to 54 of 300, columns 192 to 287 of 300]
10 0 0 0 0 0 0 0 13 79 80 77 74 80 80 80 80 80 77 8 0 0 0 0 0 0 0 0 0 0 0 0 0 0 0 0 0 0 0 4 42 51 36 74 80 80 80 80 80 80 80 80 45 4 77 80 80 80 80 80 80 80 29 0 0 0 2 0 0 0 0 2 2 2 3 0 0 0 0 7 42 70 57 80 48 59 80 80 39 75 51 7 28 43 80 80
1 0 0 0 27 21 5 0 40 100 100 49 96 100 100 100 100 100 100 46 0 0 0 0 0 0 0 0 0 0 0 0 0 0 0 0 0 0 0 1 22 61 4 2 71 100 100 100 100 100 100 100 68 13 100 100 100 100 100 100 100 100 87 64 11 0 0 0 0 0 0 0 0 1 0 0 0 11 0 11 70 100 100 100 89 99 100 100 100 77 14 30 98 96 67 86
95 93 87 74 98 100 91 55 64 100 99 96 100 100 100 100 100 97 100 39 0 0 0 0 0 0 0 0 0 0 0 0 0 0 0 0 0 0 0 0 0 1 0 0 5 32 77 100 100 100 82 100 93 11 54 100 64 61 100 100 100 100 100 100 96 26 0 0 0 0 0 0 0 0 0 0 4 54 0 0 4 32 96 100 94 99 100 59 55 56 0 46 100 76 10 58
99 100 100 100 100 100 100 100 100 100 93 81 100 100 100 100 80 15 18 34 0 0 0 0 0 0 0 0 0 0 0 0 0 0 0 0 0 0 0 0 0 0 0 0 0 0 5 40 85 100 78 99 100 36 13 100 89 70 62 100 100 100 100 100 59 9 11 1 0 0 1 2 0 0 0 0 0 6 1 0 0 12 24 88 100 100 100 53 0 0 4 95 78 36 15 5
31 100 81 84 75 96 88 94 100 100 100 100 100 100 100 100 94 77 94 80 0 0 0 0 0 0 0 0 0 0 0 0 0 0 0 0 0 0 0 0 0 0 0 0 0 0 0 0 2 85 100 100 100 17 1 94 87 99 97 100 100 100 95 95 67 87 56 39 28 0 0 0 4 0 12 1 0 1 5 0 38 45 6 72 100 100 100 87 53 44 80 69 67 13 6 0
87 100 78 88 78 69 49 99 86 96 100 100 79 56 68 100 100 100 100 88 0 0 0 0 0 0 0 0 0 0 0 0 0 0 0 0 0 0 0 0 0 0 0 0 17 13 6 37 64 83 100 100 100 51 0 59 99 100 100 100 77 43 2 10 69 97 36 8 0 6 6 0 0 0 8 0 0 0 0 9 62 23 82 100 100 100 100 100 100 100 100 96 26 1 0 14
100 100 99 99 100 100 88 72 70 85 100 85 65 0 4 51 20 51 54 92 15 0 0 0 0 0 0 0 0 0 0 0 0 0 0 0 0 0 0 0 0 0 0 2 73 90 94 100 100 99 100 100 100 99 54 9 80 98 91 73 75 97 60 64 96 77 13 4 0 47 31 0 9 0 0 0 0 0 0 0 11 40 82 100 100 100 100 100 100 100 100 99 69 8 0 13
86 96 74 86 93 99 81 95 93 55 99 93 71 9 18 49 27 64 64 93 29 0 0 0 0 0 0 0 0 0 0 0 0 0 0 0 0 0 0 0 0 0 17 70 100 93 87 100 100 100 100 100 51 97 100 51 0 42 67 49 95 100 100 100 100 97 38 30 7 1 5 0 0 24 17 9 3 0 0 0 0 0 2 66 86 100 100 100 100 100 99 93 73 50 37 68
2 7 5 25 39 65 64 94 70 75 79 77 27 10 4 31 68 100 100 92 23 0 0 0 0 0 0 0 0 0 0 0 0 0 0 0 0 0 0 0 0 18 92 100 53 33 94 100 100 100 98 88 99 100 100 87 11 0 14 97 100 100 100 89 98 100 100 100 42 2 0 0 0 2 10 0 6 0 0 0 0 0 0 18 82 87 99 100 100 100 100 100 100 100 100 60
0 0 0 0 0 0 0 0 19 15 52 13 17 0 5 0 10 38 78 90 6 0 0 0 0 0 0 0 0 0 0 0 0 0 0 0 0 0 0 0 25 92 100 72 0 24 100 100 100 100 93 79 100 96 80 76 12 0 27 98 100 100 100 99 100 100 100 100 100 72 13 1 0 0 0 0 17 32 15 0 0 0 0 0 23 96 100 100 100 100 100 100 100 100 100 81
0 0 0 0 0 0 0 0 41 54 85 10 0 0 0 0 0 0 5 5 0 0 0 0 0 0 0 0 0 0 0 0 0 0 0 0 0 0 0 6 83 100 92 80 77 97 100 100 100 100 100 92 66 12 0 0 0 0 1 19 96 100 100 100 100 100 100 100 100 100 89 68 16 0 2 29 51 30 2 0 10 0 0 7 2 29 90 100 100 100 100 100 100 75 87 78
0 0 0 0 0 0 0 0 41 100 44 0 0 0 0 0 0 0 0 0 0 0 0 0 0 0 0 0 0 0 0 0 0 0 0 0 0 0 2 24 98 100 100 100 100 100 100 100 100 100 100 100 91 42 7 9 0 0 0 0 43 94 100 100 100 100 100 100 100 100 100 88 99 76 15 90 100 73 8 3 62 28 48 67 31 4 8 56 95 100 92 100 100 20 17 48
0 0 0 0 0 31 85 63 83 99 15 0 0 0 0 0 0 0 0 0 0 0 0 0 0 0 0 0 0 0 0 0 0 0 0 0 0 0 56 100 99 61 24 29 56 100 100 100 100 100 100 100 82 99 98 91 10 7 0 0 0 1 75 83 84 100 100 100 100 100 100 89 100 100 75 100 100 96 81 16 3 0 8 12 96 80 21 0 15 92 100 100 72 34 87 100
0 0 0 0 0 68 99 60 99 63 0 0 0 0 0 0 0 0 0 0 0 0 0 0 0 0 0 0 0 0 0 0 0 0 0 0 8 69 79 48 24 0 0 11 64 100 100 100 95 100 100 100 60 99 100 100 95 62 10 23 0 0 0 0 55 81 100 100 100 100 100 100 100 100 100 100 86 7 24 22 0 0 0 2 72 100 99 12 0 21 83 100 20 2 7 82
0 0 0 0 23 100 100 100 74 54 1 0 0 0 0 0 0 0 0 0 0 0 0 0 0 0 0 0 0 0 0 0 0 0 0 43 96 83 8 0 0 0 5 56 100 100 92 91 20 40 37 69 100 100 100 99 98 56 64 99 17 1 0 0 21 40 76 94 100 100 100 100 100 100 100 100 93 56 35 0 11 6 0 0 24 97 64 2 0 0 5 13 0 0 0 16
6 0 0 0 59 100 100 87 42 77 76 32 4 28 52 44 56 51 48 61 65 48 5 16 5 5 3 0 11 49 25 0 0 0 0 70 80 18 0 0 0 47 78 100 100 100 100 77 0 0 0 5 43 72 84 94 99 92 69 84 39 75 87 36 1 0 5 55 84 93 100 100 100 100 97 100 100 100 100 72 60 12 0 0 24 20 12 0 11 70 13 0 0 0 5 90
25 2 58 53 87 99 89 100 25 94 83 39 34 80 80 94 100 100 100 100 100 100 67 70 77 48 86 62 90 99 29 32 57 22 6 2 8 0 0 0 18 69 72 71 93 53 69 98 54 14 0 0 0 0 46 100 100 72 73 76 70 94 100 88 94 71 18 0 0 18 56 85 100 100 82 100 100 100 100 100 100 78 49 0 5 12 40 11 31 64 7 0 0 20 44 35
94 76 99 100 100 97 79 100 81 90 26 0 21 43 8 51 68 74 100 100 100 100 100 100 96 52 80 81 100 100 19 28 46 4 0 17 18 22 4 0 0 0 6 5 23 2 4 78 90 87 25 0 0 0 4 17 21 16 50 100 100 98 51 17 93 76 75 0 0 0 0 1 47 68 97 100 100 100 100 100 100 100 100 63 34 78 100 90 50 0 0 15 74 92 86 89
100 100 100 100 100 100 100 100 100 88 99 56 4 39 22 0 4 52 72 73 81 60 98 100 100 92 85 98 100 100 93 43 0 0 4 74 48 1 0 0 0 7 0 0 0 0 1 21 2 80 99 26 25 5 0 0 0 0 71 97 77 20 25 55 48 0 0 0 0 0 0 0 0 0 7 45 100 100 100 100 100 100 100 100 100 100 100 100 81 59 61 96 100 100 100 100
82 100 100 100 100 100 100 100 100 97 100 97 96 99 53 3 4 0 0 0 0 1 19 53 73 39 26 16 37 92 100 91 46 5 1 0 61 59 18 0 0 0 0 0 0 3 1 0 0 36 100 62 100 90 11 0 0 0 10 30 75 21 10 72 35 0 0 0 0 0 0 0 0 0 0 11 37 72 99 100 100 100 100 100 100 100 100 99 61 99 100 100 100 100 100 100
17 70 100 100 90 84 100 100 100 100 100 100 100 100 100 95 81 52 21 2 0 0 0 0 4 2 44 55 31 46 99 100 100 50 1 3 0 16 74 47 2 0 1 0 0 0 0 0 0 1 32 56 26 90 91 15 0 0 7 0 30 75 32 96 54 0 0 0 0 0 0 0 0 0 0 0 0 0 19 90 78 100 100 100 100 100 100 100 100 100 100 100 100 100 100 100
96 96 76 46 74 72 68 100 62 74 99 100 100 100 100 100 100 100 100 78 59 32 23 1 0 5 4 42 66 76 100 78 27 11 62 87 2 29 96 99 52 14 12 0 0 0 0 0 0 1 2 0 3 9 30 26 6 55 21 0 0 8 28 86 99 17 0 0 0 0 0 0 0 0 0 0 0 0 0 5 59 100 100 99 100 100 100 100 100 100 100 100 100 100 100 100
100 100 100 99 100 100 100 100 74 78 56 22 87 100 100 100 100 100 100 100 100 100 100 95 94 97 85 94 79 60 92 88 0 0 21 37 1 0 18 93 50 8 15 0 0 0 0 0 0 0 0 8 0 1 43 37 5 84 70 16 10 64 32 19 59 13 32 71 29 4 0 1 0 0 0 0 0 0 0 0 41 40 32 22 99 100 100 100 100 100 100 100 100 100 100 100
100 100 100 100 100 100 100 100 100 100 100 93 56 28 63 84 86 99 65 48 87 100 100 100 100 100 100 92 89 92 93 100 26 4 56 89 24 0 1 10 6 0 0 0 0 0 0 0 0 0 0 21 0 6 66 5 4 30 10 36 58 63 92 83 86 39 51 60 14 20 79 90 47 10 2 0 3 0 0 0 53 57 8 40 100 100 100 100 100 100 100 100 100 100 100 100
100 100 100 100 100 100 100 100 100 100 100 100 87 27 0 10 49 58 71 21 7 19 84 100 100 100 100 100 100 99 100 100 77 17 30 64 23 0 0 0 0 0 0 15 0 0 0 0 2 0 1 5 0 0 0 0 2 13 29 32 80 100 87 99 100 98 41 30 45 99 100 100 100 99 78 84 73 8 0 0 1 3 43 70 100 100 100 100 100 100 100 100 100 100 100 100
100 100 100 100 100 100 100 100 100 100 100 100 100 100 88 73 57 0 18 47 69 79 97 100 100 100 99 89 100 100 100 100 100 100 91 32 2 0 0 8 13 0 0 0 0 0 20 19 9 59 39 24 14 48 0 1 0 1 40 71 84 100 100 100 100 100 100 100 91 100 100 100 100 100 100 100 99 95 19 0 13 74 100 100 100 100 100 100 100 100 100 100 100 100 100 100
92 94 100 100 100 100 100 100 100 100 100 100 100 100 100 100 96 36 0 0 15 80 100 100 92 87 77 98 100 100 100 100 92 98 100 100 40 2 0 73 91 2 0 0 3 0 16 66 64 99 54 16 94 73 50 89 71 54 97 82 89 98 89 97 100 100 100 100 100 100 100 100 93 99 100 100 100 100 61 62 85 100 100 100 100 100 100 100 100 100 100 100 100 100 100 99
98 80 46 100 100 100 100 100 100 100 100 100 100 100 100 100 100 100 79 34 0 2 21 60 100 94 77 100 100 100 100 99 72 80 75 85 69 37 26 60 67 10 0 39 65 41 54 78 100 100 96 96 100 100 100 100 100 100 100 100 100 79 70 50 100 100 100 100 100 100 100 100 100 100 100 100 100 91 27 8 82 93 96 94 98 99 89 73 76 84 85 76 80 74 73 72
100 100 79 84 100 100 100 100 100 100 100 100 100 100 100 100 100 100 100 99 81 29 0 0 45 96 84 100 100 100 98 100 91 56 100 100 100 100 99 12 0 5 74 61 68 88 100 97 73 99 72 84 100 100 100 100 79 100 100 100 63 81 100 100 100 100 100 100 100 100 100 100 100 100 100 100 100 93 74 44 36 29 45 54 91 47 5 39 52 19 38 2 0 0 0 0
100 100 100 100 100 100 100 100 100 100 100 100 100 100 100 100 100 100 100 100 100 93 47 16 0 11 63 80 100 100 81 99 91 81 100 100 100 100 84 2 0 24 91 78 90 92 82 46 39 100 92 99 100 100 100 100 88 93 99 100 94 84 100 100 100 92 100 100 100 100 100 100 100 100 100 100 100 100 100 100 100 100 100 100 100 100 43 28 74 76 48 2 0 0 0 0
100 100 100 100 100 100 100 100 100 100 100 100 100 100 100 100 100 100 100 96 100 100 100 99 55 2 0 10 99 100 100 100 100 100 100 100 97 34 13 12 5 32 75 23 68 87 24 57 90 99 76 100 100 100 100 100 100 100 100 100 100 100 100 100 100 100 100 100 100 100 100 100 100 100 100 100 100 100 100 100 100 100 85 43 65 98 42 0 0 2 12 21 0 0 0 0
100 100 100 100 100 100 100 100 100 100 100 100 100 100 100 100 100 99 42 15 90 100 100 100 81 49 46 5 20 64 74 96 100 100 100 100 99 43 9 61 19 59 100 54 52 99 83 40 78 98 71 100 100 100 100 100 100 100 100 100 100 100 100 100 100 100 100 100 100 100 100 100 100 100 100 100 100 100 100 100 50 71 2 0 59 74 69 8 0 0 0 0 0 0 0 0
100 100 83 94 100 100 100 100 100 100 100 100 100 100 100 100 100 98 40 53 99 100 73 47 32 97 100 90 18 0 0 19 89 92 100 100 100 100 81 72 75 84 100 100 99 94 83 22 1 28 48 100 100 61 94 100 100 100 100 100 100 100 100 100 100 100 100 100 100 100 100 100 100 100 100 100 100 100 100 99 22 1 0 2 81 99 42 2 0 0 0 0 0 0 0 0
100 100 70 77 100 100 100 100 100 100 100 100 100 100 100 100 100 100 63 93 100 100 65 49 97 100 100 100 70 34 34 0 2 30 64 96 100 96 74 100 100 61 100 97 31 48 62 6 4 57 75 100 100 99 97 89 94 100 100 100 100 100 100 100 100 100 100 100 100 100 100 100 100 100 100 100 100 100 100 100 69 0 3 7 0 15 2 2 0 0 0 0 0 0 0 1
100 100 100 100 100 100 100 100 100 100 100 100 100 100 100 100 100 99 74 77 90 100 100 100 94 99 100 100 100 100 100 77 52 25 5 15 38 5 19 93 100 97 100 93 0 0 0 7 19 96 42 65 81 30 83 68 93 68 93 96 100 100 100 100 100 100 100 100 100 100 100 100 100 100 100 100 100 100 100 100 93 12 14 3 0 0 1 56 26 0 0 0 0 0 0 0
67 99 100 100 100 100 100 100 100 100 100 100 100 100 100 100 100 100 99 77 71 77 99 100 99 100 100 100 100 100 100 100 100 100 75 17 48 55 28 0 29 60 32 15 0 0 0 4 81 70 58 64 94 95 100 99 45 36 60 20 89 100 100 100 100 100 100 100 100 100 100 100 100 100 100 100 100 100 100 100 100 32 0 0 0 0 0 74 46 0 0 0 0 0 0 0
48 94 100 100 100 100 100 100 100 100 100 100 100 100 100 100 100 100 100 78 99 100 93 100 100 100 87 100 100 100 100 100 100 100 100 100 100 100 72 5 52 44 0 0 0 0 0 3 57 89 20 3 51 52 100 92 20 0 48 38 92 100 100 100 100 100 100 100 100 100 100 100 100 100 100 100 100 100 100 100 92 57 0 5 3 0 0 5 7 17 0 0 0 0 0 0
100 100 100 100 100 100 100 100 100 100 100 100 100 100 100 100 100 96 71 100 100 69 82 46 100 100 69 98 100 100 100 100 100 100 100 100 100 100 97 96 94 52 8 0 0 4 1 0 0 18 17 1 6 28 77 88 1 19 23 41 65 100 100 100 100 100 100 100 100 100 100 100 100 100 100 100 100 100 100 100 100 67 23 48 2 0 48 59 8 30 0 0 0 0 0 0
100 100 100 100 100 100 100 100 100 100 100 100 100 100 100 100 100 35 18 77 59 85 36 40 97 100 75 31 92 100 100 100 100 100 100 100 100 100 100 100 100 100 73 21 1 0 0 0 0 0 4 4 21 85 47 93 58 50 93 86 88 100 100 100 100 100 100 100 100 100 100 100 100 100 100 100 100 100 100 100 96 14 21 5 0 0 25 11 5 26 0 0 0 0 0 0
100 97 100 100 100 100 100 100 100 100 100 100 100 100 100 100 88 47 38 14 4 22 63 53 53 99 99 25 57 99 100 100 100 100 100 100 100 100 100 100 100 83 28 53 2 26 39 44 82 63 72 35 35 26 9 45 93 42 93 100 100 100 100 100 100 100 100 100 100 100 100 100 100 100 100 100 100 97 97 100 100 88 38 0 1 0 28 24 18 28 0 0 0 0 0 0
41 66 100 100 100 100 100 100 100 100 100 100 100 100 100 100 78 21 74 64 22 1 30 89 9 63 75 96 91 75 100 89 89 100 100 100 100 100 100 100 100 70 60 43 52 71 56 96 54 83 40 54 62 16 0 22 97 100 97 80 100 100 100 100 100 100 100 100 100 100 100 100 100 100 100 100 100 89 74 88 87 100 76 0 59 54 81 61 81 68 1 0 0 0 0 0
8 78 100 100 100 100 100 100 100 100 100 100 100 100 100 100 100 88 60 45 40 19 54 99 81 98 68 100 100 99 100 99 99 100 100 100 100 100 100 100 100 63 53 27 38 99 99 100 78 74 78 100 82 70 7 7 97 92 91 7 61 100 100 100 100 100 100 100 100 100 100 100 100 74 78 98 100 100 77 78 18 94 24 0 4 12 60 22 9 19 0 0 0 0 0 0
11 82 100 100 100 100 100 100 100 100 100 100 100 100 100 100 100 57 23 73 73 22 88 100 100 100 100 100 99 62 100 100 63 99 100 100 100 100 100 100 84 12 45 74 68 92 99 100 74 96 99 97 76 7 48 4 15 51 100 76 96 100 100 100 100 100 100 100 100 100 100 100 100 97 98 74 100 92 100 100 61 72 29 0 0 0 4 66 2 0 0 0 0 0 0 0
39 99 100 100 100 100 100 100 100 100 100 100 100 100 100 100 100 98 93 100 78 8 69 100 100 100 100 100 100 100 100 100 72 100 100 100 100 100 100 48 0 66 83 100 79 88 93 100 98 93 77 34 30 41 86 85 15 4 69 100 100 100 100 100 100 100 100 100 100 100 100 100 100 100 100 100 83 84 100 100 41 35 70 18 0 0 18 13 0 0 0 0 0 0 0 0
86 100 100 100 100 100 100 100 100 99 100 100 100 100 100 100 100 100 100 100 100 81 95 100 100 100 100 100 100 100 100 100 100 100 100 100 100 100 51 0 7 93 100 100 100 92 100 100 100 93 74 71 100 100 92 100 64 36 6 55 98 100 100 100 100 100 100 100 100 100 100 100 100 100 100 100 72 28 89 93 84 3 35 67 4 0 0 2 0 0 0 0 0 0 0 0
97 100 100 100 99 100 100 100 100 85 100 100 100 100 100 100 100 100 100 100 100 100 100 100 100 100 100 100 100 100 100 100 100 100 100 100 100 69 2 20 75 98 100 100 100 99 100 100 98 50 40 78 100 100 87 87 98 76 38 0 23 67 100 100 100 100 100 100 100 100 100 100 100 100 100 100 60 0 17 47 91 73 89 78 14 7 0 12 14 0 0 0 0 0 0 0
32 80 25 37 40 100 100 100 100 100 100 100 100 100 100 100 100 100 100 100 100 100 100 100 100 100 100 100 100 100 100 100 100 100 100 100 91 8 11 39 99 100 100 100 100 100 100 100 99 31 45 87 99 34 82 100 93 64 48 4 5 18 28 57 85 100 100 100 100 100 100 100 100 100 100 100 63 0 26 92 100 100 62 62 99 94 74 88 84 42 36 51 8 0 13 16
64 85 24 43 96 100 100 100 100 100 100 100 100 100 100 100 100 100 100 100 100 100 100 100 100 100 100 86 91 100 100 100 100 100 100 97 32 15 90 100 100 100 100 100 100 100 100 100 100 97 99 72 78 94 68 81 100 74 11 82 56 94 56 19 0 20 47 65 85 94 100 100 100 100 100 100 72 0 0 59 100 100 28 3 41 99 100 100 100 100 100 100 44 0 6 7
100 100 100 55 73 100 100 100 100 100 100 100 100 100 100 100 100 100 100 100 100 100 100 100 100 100 100 90 98 100 94 99 100 100 100 97 65 87 100 100 100 100 100 100 100 100 100 100 100 100 100 23 1 13 4 6 92 99 76 96 91 23 43 85 63 61 52 45 24 4 13 21 82 72 53 56 45 0 0 35 99 94 78 3 0 28 81 100 100 100 100 100 97 84 57 80
78 100 100 66 82 100 100 100 100 100 100 100 100 100 100 100 100 100 100 100 100 100 92 80 77 94 100 39 78 100 99 100 100 100 73 43 99 100 100 100 100 100 100 100 100 100 94 94 100 100 100 20 10 88 22 16 91 56 39 76 100 48 18 5 31 61 99 100 95 55 46 13 52 13 0 0 0 0 0 2 71 97 99 51 1 0 4 76 96 94 100 100 100 78 92 95
28 17 55 100 100 100 100 100 100 100 100 100 100 100 100 100 100 100 100 100 100 100 92 64 98 99 100 73 92 100 100 100 100 88 10 70 100 100 100 100 100 100 100 100 100 100 99 99 100 100 100 85 31 99 52 89 100 92 80 99 100 99 40 16 15 4 91 100 100 100 100 100 100 97 63 29 13 0 0 0 0 10 54 94 20 0 28 100 88 99 100 100 100 93 0 12
0 0 3 84 100 100 93 74 100 100 100 100 100 100 100 100 100 100 100 100 100 100 99 82 100 100 100 100 100 100 100 100 97 43 24 99 100 100 100 100 100 100 100 100 100 100 100 100 100 100 100 97 35 56 95 99 100 92 12 80 78 86 93 100 90 7 75 100 100 100 100 100 100 100 100 100 99 74 29 1 0 0 0 17 35 0 10 51 95 100 100 100 100 72 0 20
22 72 61 80 74 99 99 97 100 100 100 100 100 100 100 100 100 100 100 100 100 100 100 100 100 100 100 100 100 100 100 99 44 10 93 100 100 100 100 100 100 100 100 100 100 100 100 100 100 100 100 100 91 46 6 61 100 99 23 90 43 66 73 99 62 33 65 100 100 100 100 100 93 93 100 100 100 100 89 0 3 30 54 83 37 0 0 0 1 45 91 100 100 99 32 20
64 100 99 52 2 84 100 100 100 100 100 100 100 100 100 100 100 100 100 100 100 100 100 100 100 100 100 100 100 100 100 94 14 40 100 100 100 100 100 100 100 100 100 100 100 100 100 100 100 100 100 100 100 98 14 65 100 100 36 75 69 21 63 65 78 89 99 100 100 100 100 100 99 99 99 100 100 100 80 8 51 87 100 100 86 35 0 0 0 0 15 45 60 90 96 50
49 92 100 21 4 64 100 100 100 100 100 100 100 100 100 100 100 100 100 100 100 100 100 100 100 100 100 100 100 100 100 66 0 80 100 100 100 100 100 100 100 100 100 100 100 99 82 77 77 62 65 100 100 100 82 51 40 76 5 18 23 0 0 5 63 89 89 91 100 100 100 100 73 42 80 86 100 100 100 80 31 64 100 100 100 97 43 30 33 52 87 73 11 5 48 65
