data/outputs/Figueira/2015/resolution_1/CONT_SPEC_1_65.asc
ncols         23
nrows         23
xllcorner     -8.238677953804
yllcorner      39.915521016488
cellsize       0.000584559040
NODATA_value  -9999
2.996686 4.154675 3.788876 3.528284 4.263669 1.354320 0.080946 1.959763 1.706746 3.380473 2.938107 2.079053 5.511243 3.689231 3.253254 3.291834 0.953491 0.417514 4.204615 3.967811 1.503432 3.989822 1.204497
4.086864 2.265680 3.681657 1.892899 4.210059 1.622485 0.487218 0.964378 0.264970 1.276095 1.267219 4.521420 5.941775 4.699645 3.460592 4.667692 3.537633 2.219053 1.607219 2.937041 3.079053 4.411834 5.200947
2.286391 0.309230 3.261657 1.703669 4.103432 2.943550 0.710769 1.157160 1.395148 1.831834 2.441183 5.312189 5.506982 2.827219 5.022485 5.984024 4.598462 4.526864 3.410888 5.463432 5.812189 1.523195 0.457633
3.066154 1.175266 1.189822 2.328166 2.567101 2.699172 4.209822 2.719527 3.948639 3.557751 0.682366 4.148284 4.022485 4.187811 2.222722 5.849112 5.412663 5.295858 4.859172 4.381302 4.507811 2.602012 1.319882
3.124734 1.738580 0.923195 2.543077 1.455266 4.576095 4.602604 3.207337 4.459763 2.214911 0.147337 1.290296 2.469704 1.121538 3.076805 4.863550 5.585799 5.355858 4.410651 1.427692 2.395266 2.517278 1.446864
5.407101 2.122840 1.795030 1.972544 0.718934 1.607456 1.749941 1.214320 0.449230 3.310651 2.404142 0.165325 1.758698 5.295385 5.220592 2.935266 4.657160 5.221302 1.914675 0.043076 0.280118 1.477751 4.190651
1.339053 2.985562 4.916805 1.279763 1.128402 2.695621 2.508876 0.757514 1.173609 2.878698 2.425207 5.484142 5.589112 1.567337 3.473609 2.989467 4.430059 3.275148 1.007101 0.379526 0.334911 1.075148 5.205325
3.098698 3.241302 4.758462 4.926982 3.979408 2.864970 2.392544 0.701775 2.405089 1.931361 2.545444 3.046036 3.046272 4.697278 2.846036 5.435030 4.547101 2.825680 4.135621 2.336923 3.122722 5.234793 4.833254
0.530650 3.547692 3.319763 2.674083 3.929467 3.618343 1.887811 0.901420 0.907337 4.152071 3.987219 0.592189 0.432189 1.866154 3.413136 4.084024 4.813018 4.357988 5.504970 3.804260 4.568876 5.496686 5.735976
3.715976 5.298225 5.724497 4.302722 3.756568 3.515030 3.425325 2.527219 1.995148 1.375740 2.084024 4.646272 4.745680 3.167574 3.535148 3.770296 2.891479 2.876450 3.372899 3.228876 3.099290 4.300473 5.091243
3.180473 3.712071 1.859527 1.680355 1.794675 2.023669 3.823550 2.880118 1.307574 1.192426 3.605207 4.821657 4.435858 5.578817 4.671598 4.252781 4.904497 5.360473 5.412189 4.896095 3.943077 5.464142 2.345089
1.766036 3.133728 2.944615 4.154201 4.571006 1.269586 1.324615 0.845088 0.521301 1.623077 2.676331 1.336213 2.982840 4.085089 2.823669 3.666391 4.824260 5.541065 4.808757 3.973846 2.985207 5.714320 3.433964
1.016450 1.713491 2.550059 2.356331 2.349112 2.088876 3.186982 1.969231 1.579172 0.778934 0.673964 1.330178 1.057278 1.178935 1.495740 5.526391 5.646509 2.154438 2.782012 5.626627 5.678580 4.320592 2.682012
0.527574 1.038935 4.211953 2.817278 5.206272 5.682130 3.980355 5.221302 2.785444 1.618343 2.567929 1.629704 3.741657 4.681065 0.821420 3.461893 4.936805 2.813136 2.323669 2.760118 4.703195 4.353846 1.230651
1.406154 2.689586 1.882367 1.756805 3.349112 1.943432 2.035503 4.155503 1.881657 3.432663 1.384970 2.998817 2.148994 4.276331 2.487101 4.114320 4.652426 2.591834 5.611716 4.447929 5.157041 4.852544 2.8000
0.553727 4.138107 3.001893 2.384615 3.774201 1.658107 4.529586 2.773846 3.651834 5.195148 2.024615 3.091006 0.789940 4.837988 4.002840 5.922012 4.799172 5.120473 4.276568 4.317751 5.791598 5.316686 3.982840
1.931361 2.752663 2.244852 2.424852 3.578225 4.405444 1.801183 3.917870 4.665799 5.396805 2.834911 1.907811 3.004734 2.857160 3.127574 2.442249 1.838580 5.115740 5.337515 4.793609 4.522130 5.050888 3.664615
4.897278 2.307456 1.405799 1.872071 3.168402 0.196213 0.696923 4.105562 3.005680 5.540473 1.511834 1.535976 3.430178 5.690414 3.324970 1.528402 1.786746 4.140118 4.537160 5.050059 4.662012 5.035740 4.588757
4.062959 1.158935 1.148521 2.394675 2.940355 1.787929 2.666509 3.664734 3.346509 2.939645 1.522604 1.656213 0.427574 4.402959 3.921065 3.088047 3.874911 3.731243 4.294911 1.614201 3.389231 5.073373 5.286391
1.282367 4.520828 5.188639 3.561420 4.478935 3.811716 3.875503 2.802485 1.762249 3.745680 0.625562 0.679763 3.103787 3.945444 5.888047 4.391243 5.019763 4.764734 2.120828 2.890533 3.501302 5.606272 5.385444
2.468402 4.105562 3.193136 2.615976 2.878817 5.131834 2.698462 4.317988 2.401065 3.187692 3.140710 2.218343 2.599882 3.516568 4.167811 3.782722 4.160947 4.846154 5.214201 5.493491 5.049231 5.824379 5.994793
4.984970 3.933964 3.705207 3.717988 5.125680 5.226272 4.675385 4.168521 5.311953 3.133254 2.817396 3.531124 1.210178 1.084379 2.193136 3.399763 3.111361 3.926036 5.021657 5.195858 4.837278 5.884970 5.515266
4.434083 3.950888 4.963669 3.705444 4.576923 4.732544 5.818580 5.691361 5.660828 4.333373 1.741893 2.945325 5.371479 0.776449 0.809822 2.705444 3.628994 4.439527 3.616213 4.331006 4.119763 3.967574 3.457515
