data/outputs/Figueira/2015/resolution_1/CONT_TOTAL_1_65.asc
ncols         23
nrows         23
xllcorner     -8.238677953804
yllcorner      39.915521016488
cellsize       0.000584559040
NODATA_value  -9999
12661 17554 16008 14907 18014 5722 342 8280 7211 14283 12414 8784 23285 15587 13745 13908 4029 1764 17765 16764 6352 16857 5089
17267 9573 15555 7998 17788 6855 2059 4075 1120 5392 5354 19103 25104 19856 14621 19721 14947 9376 6791 12409 13009 18640 21974
9660 1307 13781 7198 17337 12437 3003 4889 5895 7740 10314 22444 23267 11945 21220 25283 19429 19126 14411 23083 24557 6436 1934
12955 4966 5027 9837 10846 11404 17787 11490 16683 15032 2883 17527 16995 17694 9391 24713 22869 22375 20530 18511 19046 10994 5577
13202 7346 3901 10745 6149 19334 19446 13551 18843 9358 623 5452 10435 4739 13000 20549 23600 22629 18635 6032 10120 10636 6113
22845 8969 7584 8334 3038 6792 7394 5131 1898 13988 10158 699 7431 22373 22057 12402 19677 22060 8090 182 1184 6244 17706
5658 12614 20774 5407 4768 11389 10600 3201 4959 12163 10247 23171 23614 6622 14676 12631 18717 13838 4255 1604 1415 4543 21993
13092 13695 20105 20817 16813 12105 10109 2965 10162 8160 10755 12870 12871 19846 12025 22963 19212 11939 17473 9874 13194 22117 20421
2242 14989 14026 11298 16602 15288 7976 3809 3834 17543 16846 2502 1826 7885 14421 17255 20335 18413 23259 16073 19304 23224 24235
15700 22385 24186 18179 15872 14851 14472 10678 8430 5813 8805 19631 20051 13383 14936 15930 12217 12153 14251 13642 13095 18170 21511
13438 15684 7857 7100 7583 8550 16155 12169 5525 5038 15232 20372 18742 23571 19738 17968 20722 22648 22867 20686 16660 23086 9908
7462 13240 12441 17552 19313 5364 5597 3571 2203 6858 11308 5646 12603 17260 11930 15491 20383 23411 20317 16790 12613 24143 14509
4295 7240 10774 9956 9925 8826 13465 8320 6672 3291 2848 5620 4467 4981 6320 23349 23857 9103 11754 23773 23992 18255 11332
2229 4390 17796 11903 21997 24007 16817 22060 11769 6838 10850 6886 15809 19778 3471 14627 20858 11886 9818 11662 19871 18395 5200
5941 11364 7953 7423 14150 8211 8600 17557 7950 14503 5852 12670 9080 18068 10508 17383 19657 10951 23710 18793 21789 20502 11830
2340 17484 12683 10075 15946 7006 19138 11720 15429 21950 8554 13060 3338 20441 16912 25021 20277 21634 18069 18243 24470 22463 16828
8160 11630 9485 10245 15118 18613 7610 16553 19713 22802 11978 8061 12695 12072 13214 10319 7768 21614 22551 20253 19106 21340 15483
20691 9749 5940 7910 13387 829 2945 17346 12699 23409 6388 6490 14493 24042 14048 6458 7549 17492 19170 21337 19697 21276 19388
17166 4897 4853 10118 12423 7554 11266 15484 14139 12420 6433 6998 1807 18603 16567 13047 16372 15765 18146 6820 14320 21435 22335
5418 19101 21922 15047 18924 16105 16374 11841 7446 15826 2643 2872 13114 16670 24877 18553 21209 20131 8961 12213 14793 23687 22754
10429 17346 13491 11053 12163 21682 11401 18244 10145 13468 13270 9373 10985 14858 17609 15982 17580 20475 22030 23210 21333 24608 25328
21062 16621 15655 15709 21656 22081 19754 17612 22443 13238 11904 14919 5113 4582 9266 14364 13146 16588 21217 21953 20438 24864 23302
18734 16693 20972 15656 19338 19995 24584 24046 23917 18309 7360 12444 22695 3281 3422 11431 15333 18757 15279 18299 17406 16763 14608
