data/outputs/Figueira/2015/resolution_1/CONT_NORM_1_50.asc
ncols         30
nrows         30
xllcorner     -8.238677953804
yllcorner      39.915521016488
cellsize       0.000449660800
NODATA_value  -9999
46 76 35 67 54 80 37 6 2 7 63 17 48 73 12 87 86 64 69 55 71 15 0 31 76 69 6 54 53 5
55 80 41 77 38 77 40 44 0 16 20 17 66 19 35 60 99 58 31 44 36 31 22 46 52 53 67 51 62 52
72 26 60 34 14 30 65 24 3 4 16 1 17 13 68 98 94 93 83 92 89 63 68 26 44 69 60 70 80 72
34 3 31 44 37 69 75 40 13 13 26 47 20 47 78 97 88 29 65 95 99 76 81 47 64 95 100 46 4 6
63 19 20 24 25 53 35 51 62 53 25 70 70 6 64 89 77 65 46 75 98 86 94 84 67 76 80 50 27 12
44 37 27 15 46 21 57 87 80 56 94 93 22 0 17 25 15 26 18 65 94 99 86 97 78 35 78 43 62 28
73 45 0 13 60 10 19 74 53 17 31 20 55 8 0 36 57 59 53 80 59 73 93 82 30 10 15 10 39 30
80 81 37 49 26 5 33 25 37 26 12 15 72 64 16 12 46 85 78 89 49 95 95 44 3 1 0 0 68 71
6 45 66 87 12 9 27 28 46 18 9 39 47 29 67 98 89 11 49 55 47 80 72 25 11 4 4 3 39 90
47 87 59 73 71 91 42 85 32 16 24 19 22 63 92 65 88 77 46 60 100 64 23 41 62 15 49 72 80 70
20 23 23 90 71 51 24 46 22 8 13 60 73 40 13 1 11 64 72 70 79 84 66 50 95 39 40 88 95 94
9 67 84 47 48 89 73 64 46 29 13 11 64 66 45 2 32 29 29 48 50 70 93 85 95 75 88 97 86 94
67 78 97 98 64 52 67 65 57 36 44 40 15 21 83 79 80 46 60 73 76 49 34 42 45 55 45 59 86 85
77 25 90 22 39 39 18 45 49 52 42 7 26 43 72 91 62 98 94 39 90 82 94 85 94 85 65 82 68 23
20 54 64 17 19 47 60 32 64 34 17 19 22 66 72 59 69 88 85 54 49 71 79 84 94 40 25 88 87 32
31 39 56 72 90 74 34 9 5 8 13 15 16 18 7 5 60 46 34 46 90 98 86 93 86 89 67 99 66 71
25 6 29 34 28 39 38 52 74 38 39 23 18 8 27 22 13 20 12 74 88 96 34 21 51 95 97 87 54 40
14 9 42 88 42 78 100 98 79 91 67 33 40 47 45 20 81 78 11 20 68 79 41 43 12 75 74 90 66 9
14 42 8 27 58 43 79 46 10 80 75 26 46 13 31 16 56 87 71 47 90 76 55 80 82 43 85 86 44 48
10 64 52 46 20 52 18 22 62 46 23 44 74 23 82 43 41 71 39 52 77 83 59 42 95 72 81 100 63 35
9 55 45 51 36 72 51 36 88 75 38 93 79 47 21 35 2 84 63 97 100 75 87 91 71 77 99 90 91 68
29 39 36 42 39 53 80 66 29 47 82 91 91 58 17 38 60 29 48 57 27 35 89 93 81 76 80 69 91 47
79 46 32 22 38 74 31 7 5 55 45 67 98 42 17 21 81 99 63 25 31 26 56 95 85 93 85 47 97 58
87 58 27 8 32 24 15 3 19 77 34 76 62 32 30 12 49 90 84 36 40 42 58 60 64 59 74 87 93 73
58 18 25 50 54 75 66 40 61 71 38 86 38 26 20 18 12 56 80 59 46 82 64 64 63 28 31 89 82 85
15 57 97 82 53 70 75 51 72 59 23 23 72 9 0 27 72 62 100 95 62 88 83 41 41 45 56 89 99 82
21 76 82 39 26 41 64 84 42 72 65 32 76 45 27 45 36 81 77 78 56 75 94 96 71 87 96 97 100 98
71 60 37 76 80 62 77 80 52 70 63 52 35 69 79 13 25 19 38 60 57 44 47 62 94 86 67 78 96 91
90 63 87 68 44 85 97 84 92 69 94 84 58 23 81 54 38 12 18 40 52 58 92 74 91 84 85 84 90 97
67 73 63 83 67 62 79 81 98 98 97 93 70 35 33 53 90 14 9 29 62 61 64 76 52 71 69 76 61 36
