data/outputs/Figueira/2015/resolution_1/CONT_NORM_1_20.asc
ncols         75
nrows         75
xllcorner     -8.238677953804
yllcorner      39.915521016488
cellsize       0.000179864320
NODATA_value  -9999
49 22 81 92 80 31 2 20 23 40 53 33 39 77 72 73 4 20 9 4 0 0 0 0 7 73 61 21 44 10 11 47 93 95 56 7 10 73 85 86 92 74 91 84 19 18 87 45 47 50 79 94 67 0 0 0 0 0 18 59 91 62 85 84 13 0 1 6 61 85 41 60 16 14 2
65 32 76 78 64 48 30 51 100 100 81 63 32 85 100 58 10 1 5 0 5 0 0 0 27 100 74 1 33 8 0 53 100 99 25 0 1 47 93 100 100 78 88 91 30 74 99 72 87 86 91 61 75 3 0 0 0 0 6 51 90 62 80 76 57 8 5 1 46 98 90 28 15 1 0
25 23 39 75 100 91 52 11 91 99 66 29 68 98 63 58 64 55 15 4 6 0 0 0 22 77 48 0 0 31 77 78 100 84 11 0 1 23 57 93 100 100 50 53 69 99 58 1 2 16 48 6 37 2 0 0 0 2 78 80 97 60 17 95 100 61 21 21 15 63 99 79 24 1 0
25 55 94 100 98 38 32 96 95 88 22 64 86 90 25 54 36 29 87 19 0 0 1 25 35 35 6 14 0 55 95 98 74 6 9 9 38 19 26 74 100 99 77 34 51 73 6 1 0 67 45 8 13 8 1 5 7 40 33 93 60 89 54 26 63 98 98 62 7 45 39 32 77 82 7
48 92 92 62 39 11 19 95 80 29 5 13 98 97 96 76 8 3 74 36 0 0 0 5 19 22 0 16 0 0 13 45 2 0 14 68 50 83 71 100 100 100 100 94 44 12 18 55 81 97 73 45 59 72 69 72 18 15 15 28 42 25 45 61 32 10 47 94 87 73 51 77 90 93 61
55 77 88 38 22 60 82 57 34 19 21 22 39 85 63 97 24 12 15 74 10 0 0 0 0 22 1 3 3 0 0 2 0 0 40 99 97 85 100 100 100 100 100 99 82 53 72 48 87 93 85 88 77 56 57 81 36 32 10 0 8 28 21 49 36 15 4 7 64 100 100 100 100 100 95
47 74 73 12 11 19 96 72 23 42 15 11 3 2 14 77 67 25 0 33 5 0 0 6 17 48 9 1 0 0 0 36 13 4 16 26 56 93 96 100 99 94 90 98 92 99 99 98 94 100 100 80 48 58 94 100 76 21 15 23 48 48 56 89 92 96 97 53 72 97 95 94 76 73 52
93 82 21 4 0 0 17 91 43 8 1 1 1 1 25 91 100 77 14 13 9 1 0 2 19 62 9 1 0 7 28 63 18 30 5 9 68 96 99 100 95 67 93 62 84 99 98 100 98 100 100 100 91 72 45 89 95 60 44 73 86 100 97 95 100 100 100 94 63 54 22 0 8 18 33
15 37 12 1 3 0 23 97 89 9 32 39 21 50 90 92 61 71 41 1 0 4 0 1 7 39 31 0 24 61 4 13 22 76 53 52 81 91 98 100 96 86 31 2 19 54 97 89 93 100 100 100 86 86 94 59 60 63 78 28 57 87 82 99 100 100 100 100 22 23 5 0 10 3 6
63 10 4 4 2 4 73 46 36 22 14 93 96 98 100 98 41 45 66 42 6 61 13 44 0 4 14 51 76 99 30 12 4 40 91 100 99 93 99 100 97 97 86 23 12 21 35 70 96 100 100 100 73 66 83 97 100 92 50 7 29 53 50 97 100 100 100 100 47 13 9 0 1 2 10
66 84 47 2 0 28 37 19 1 9 8 16 84 97 65 65 17 34 55 56 83 25 60 80 51 0 21 71 78 16 65 74 40 13 16 83 87 89 100 100 100 98 77 23 74 88 10 6 77 100 100 100 73 56 87 95 95 97 61 83 77 40 68 97 100 100 95 91 45 28 11 0 3 3 32
88 47 49 46 4 0 18 13 32 48 12 17 11 69 30 11 52 33 46 61 98 43 2 75 38 17 16 40 83 88 100 95 9 0 0 36 85 71 89 100 97 87 37 55 100 98 21 10 73 96 99 100 100 98 99 99 100 52 92 99 77 88 53 64 82 99 100 45 67 46 39 6 4 4 13
31 27 42 39 7 61 0 0 21 61 69 84 22 3 30 23 21 68 47 86 100 92 70 31 59 26 82 100 82 84 79 9 0 0 0 2 32 87 29 31 18 13 59 87 73 83 21 32 62 95 100 100 100 94 92 97 78 97 100 99 89 45 80 64 62 67 64 19 48 33 98 67 73 40 23
46 63 19 54 25 40 23 54 12 4 57 86 47 46 8 95 69 33 96 90 98 85 55 66 97 100 100 100 100 82 7 11 0 0 0 0 26 63 20 25 2 10 24 27 29 0 1 6 70 75 97 100 100 100 100 94 69 100 99 97 83 67 60 37 61 100 91 82 61 52 59 50 66 18 1
64 44 5 67 48 13 19 1 6 16 4 12 3 29 1 43 66 77 100 100 94 69 0 19 85 100 100 100 100 84 48 39 0 1 0 0 0 27 31 9 45 6 4 0 5 0 15 88 99 51 67 97 100 100 100 66 99 100 93 89 86 82 26 13 3 74 45 26 8 84 67 55 49 20 8
77 12 56 93 17 0 0 0 10 48 89 57 14 0 0 27 36 95 100 100 99 88 66 7 23 76 70 52 62 14 19 18 25 0 0 0 0 8 71 94 53 67 55 44 1 0 41 64 100 62 87 100 78 100 100 92 100 99 74 73 40 50 16 34 7 23 16 4 14 23 19 40 11 16 23
94 91 92 30 0 0 0 1 2 10 45 78 85 4 0 1 6 23 86 82 29 22 67 17 0 10 11 13 1 11 56 96 72 0 0 0 0 0 5 47 64 45 98 95 26 6 95 100 91 60 38 64 42 54 81 99 98 90 64 93 45 16 1 12 0 0 10 25 7 7 19 25 49 6 72
95 100 100 80 11 0 0 1 0 29 52 33 29 5 11 7 0 3 17 33 2 51 2 0 1 7 2 0 0 0 58 100 93 4 0 0 3 0 0 2 24 63 94 100 100 55 99 100 98 57 8 10 9 70 90 61 99 99 90 94 42 0 0 0 0 5 4 15 3 2 73 87 57 4 88
94 90 100 92 29 7 29 34 30 90 60 2 1 0 9 51 21 7 1 12 29 81 57 34 42 38 0 1 21 14 35 89 50 74 43 21 6 2 1 0 0 47 100 100 99 48 98 100 90 65 67 58 79 100 100 100 88 84 53 27 3 0 0 2 5 2 0 0 0 0 42 98 82 31 93
62 34 100 100 99 82 46 42 63 93 29 15 1 12 0 17 65 77 57 20 2 20 33 27 31 33 0 9 46 1 53 82 96 83 100 45 21 9 34 37 33 50 72 65 53 62 82 100 99 99 36 53 100 100 100 100 98 73 14 1 0 0 0 0 0 0 0 0 0 0 4 78 96 98 93
8 0 42 37 56 61 92 86 96 68 10 0 1 6 1 10 33 16 23 45 16 11 1 37 29 10 8 24 42 55 92 99 75 58 36 34 86 96 90 96 95 92 55 3 21 42 22 99 67 60 24 63 78 98 100 100 98 78 25 0 0 0 0 0 0 0 1 0 10 5 30 23 65 93 86
0 0 55 32 9 18 96 100 100 90 51 0 8 0 7 4 20 24 1 18 60 79 34 1 0 1 5 38 56 64 40 15 0 0 0 19 100 100 100 100 100 99 43 0 6 20 58 93 34 28 38 27 53 91 61 72 89 56 24 18 24 4 0 14 0 2 1 0 2 2 26 37 95 100 91
0 0 27 85 79 39 22 75 81 27 42 19 28 36 83 41 44 97 89 61 32 84 75 15 0 0 0 0 0 6 25 34 33 71 71 65 96 100 100 100 100 98 46 34 41 59 47 60 9 53 79 89 89 86 1 3 2 4 23 38 61 17 8 2 38 34 3 9 28 26 27 62 100 100 70
1 55 66 100 100 88 36 36 69 76 78 87 94 98 100 53 21 68 100 90 17 4 14 22 14 3 7 8 0 0 6 41 55 92 97 90 94 99 96 96 100 100 88 82 32 49 44 1 19 89 100 100 100 93 5 0 1 11 29 72 84 41 3 0 17 70 62 53 81 90 89 77 99 92 39
68 86 100 67 81 55 77 99 97 100 83 46 97 90 83 67 45 17 52 98 67 40 0 17 35 18 66 94 52 15 1 0 0 11 56 93 93 51 10 4 42 98 96 93 91 88 23 53 98 100 100 100 100 100 39 32 70 80 36 45 97 88 35 2 43 27 60 80 86 66 98 62 95 82 10
80 40 7 5 24 18 29 97 100 100 93 98 66 46 24 57 3 23 43 100 90 10 9 3 2 1 9 54 70 99 72 24 13 1 0 17 26 15 0 1 0 29 67 93 98 64 51 69 47 81 100 100 97 100 88 60 96 72 34 44 100 100 93 64 58 9 42 81 92 97 82 92 98 95 84
0 0 0 33 42 14 0 57 78 94 94 44 9 68 77 21 13 41 25 39 5 2 21 10 8 7 13 51 34 75 94 93 97 63 31 19 0 0 0 0 1 5 0 17 84 45 97 96 80 58 78 63 51 86 92 90 38 29 37 80 100 100 65 11 26 22 20 42 74 99 97 100 97 100 95
3 0 0 32 52 38 18 86 52 55 89 24 18 82 66 16 30 33 79 40 9 27 11 12 9 3 1 35 15 34 92 96 100 100 82 53 0 6 0 0 0 0 12 27 70 83 83 64 83 100 86 18 79 81 84 100 69 36 56 93 100 100 45 42 54 38 96 99 100 86 100 100 100 100 75
12 2 29 83 80 80 90 83 24 7 5 2 60 100 85 44 92 99 89 43 57 22 80 18 14 18 0 6 1 14 75 79 31 52 92 39 29 1 0 0 6 24 15 0 1 18 34 32 81 86 95 75 69 70 89 99 100 90 80 81 97 94 100 94 75 73 100 95 100 98 95 42 92 100 92
27 6 9 74 100 100 100 100 56 50 90 95 100 98 87 92 100 74 60 36 87 43 15 10 84 35 13 0 11 0 52 60 7 57 58 54 93 23 0 10 74 51 89 60 32 10 4 1 2 3 8 21 26 47 68 83 90 95 91 91 100 98 53 55 77 95 100 99 100 100 89 91 100 100 86
33 43 18 38 94 100 100 99 100 100 90 92 100 68 31 91 91 84 60 65 98 46 47 28 61 68 32 26 3 41 33 13 5 7 60 97 100 93 43 50 57 67 32 17 37 20 78 86 72 55 51 46 11 11 4 0 3 6 28 29 63 78 88 86 96 95 81 55 69 74 92 100 100 100 95
68 97 100 100 100 100 100 97 98 100 83 11 54 38 38 63 72 33 59 75 49 75 62 18 31 64 59 49 72 49 30 1 0 0 53 100 70 65 97 100 100 100 62 45 31 47 49 62 95 89 100 100 100 54 76 34 35 28 37 31 12 2 2 10 25 36 24 44 57 98 96 81 75 69 72
88 100 100 42 50 100 100 69 78 76 56 27 53 58 47 49 11 28 75 66 19 14 75 62 17 27 3 40 39 12 7 15 20 14 10 32 82 100 100 100 88 71 100 100 100 97 94 68 25 33 92 100 96 77 99 98 99 100 99 100 99 63 77 83 59 44 29 15 16 23 29 36 47 51 74
93 100 57 1 32 100 100 16 1 22 76 47 60 67 37 14 29 4 38 70 53 30 38 30 31 59 10 14 12 0 28 12 19 41 43 75 50 73 100 100 55 70 82 100 100 94 100 85 33 69 84 100 85 67 49 96 100 100 78 69 90 99 83 78 57 80 53 95 85 91 80 69 26 8 0
85 39 9 10 42 100 97 62 9 0 34 6 2 16 20 17 22 15 43 46 37 80 83 80 48 56 63 24 2 3 9 57 41 46 92 100 82 42 92 98 39 66 66 99 100 96 82 77 44 11 79 98 89 98 94 69 99 100 97 65 98 100 100 100 100 92 40 75 100 100 100 100 89 43 2
49 3 38 46 41 100 97 37 7 4 12 0 0 3 18 69 83 44 25 17 99 100 95 64 19 13 36 51 5 18 27 3 25 45 100 98 83 91 98 100 73 67 59 95 100 92 81 77 96 95 27 91 68 71 94 79 62 89 97 100 100 100 100 65 26 36 43 49 100 100 100 100 93 21 0
15 20 13 88 72 91 35 56 30 5 13 0 53 49 66 95 45 46 60 45 68 34 48 43 7 16 0 4 4 53 4 18 52 79 99 100 45 73 50 24 61 94 96 75 100 100 95 29 30 55 13 53 13 54 81 64 82 100 100 62 100 99 58 14 9 2 4 37 89 100 100 71 19 17 48
46 42 4 20 33 35 0 19 54 44 84 75 92 96 97 89 30 0 3 5 26 5 0 0 2 1 0 8 0 33 14 55 53 17 74 43 15 6 5 1 30 84 97 75 100 86 68 16 11 5 38 85 90 95 96 88 100 100 93 35 40 92 99 71 40 26 43 81 84 100 100 98 68 60 82
57 34 29 56 60 38 60 74 84 89 100 99 99 87 71 62 45 6 8 11 0 2 21 11 2 32 9 18 25 22 19 17 21 22 3 2 1 5 2 24 25 90 54 36 28 18 55 25 48 80 100 100 99 100 100 83 99 100 88 100 86 84 100 100 54 46 83 100 100 100 96 58 54 81 82
0 12 26 47 52 64 89 99 49 51 51 96 89 46 45 16 5 10 14 11 0 10 16 8 8 30 5 0 1 15 2 0 0 1 12 21 4 0 0 0 2 79 87 29 2 11 25 20 58 100 100 95 78 92 93 91 52 83 92 100 99 100 100 100 97 39 88 100 100 100 73 11 54 46 74
11 1 0 0 1 14 3 10 23 24 53 55 28 4 16 14 1 0 5 55 29 74 43 3 15 14 5 0 4 1 16 4 7 0 0 1 14 7 13 4 8 4 2 7 11 0 36 22 32 100 98 99 100 90 91 45 16 29 28 18 42 100 100 100 100 100 100 100 100 98 79 32 54 25 33
64 28 1 20 6 8 59 22 40 19 1 22 36 26 46 60 42 51 73 47 91 91 29 50 58 62 67 41 23 15 59 4 0 0 17 23 39 60 33 22 0 13 3 10 46 0 7 31 100 100 94 99 98 100 98 80 13 4 18 17 3 22 99 88 91 100 100 100 100 43 54 44 31 52 29
68 11 0 15 28 66 64 77 97 73 11 17 69 96 100 100 89 94 94 87 98 100 96 82 88 67 78 99 93 22 0 22 12 34 30 50 53 50 3 33 55 62 73 31 53 0 7 4 53 86 13 47 99 100 89 28 16 67 26 19 25 38 43 96 90 94 81 100 100 70 54 100 97 54 13
17 17 0 2 14 26 48 100 100 84 50 32 3 89 100 100 100 100 100 100 100 99 100 100 99 84 88 70 45 13 36 89 39 51 59 66 60 63 15 14 62 95 95 100 55 4 5 0 0 4 16 77 98 100 57 14 26 44 16 31 1 0 3 90 97 74 51 75 100 100 100 95 38 0 1
15 7 0 0 4 17 9 72 84 68 89 38 28 75 84 100 99 99 86 99 47 45 69 74 85 77 16 13 6 15 18 43 36 39 86 58 0 1 25 5 45 100 100 82 87 53 4 10 16 52 85 100 99 81 41 93 43 64 80 36 30 15 26 74 81 43 99 100 88 61 59 12 0 0 0
1 1 0 7 5 22 16 24 20 19 81 99 42 28 64 90 80 92 90 47 8 8 9 61 97 98 53 51 47 6 4 26 1 42 5 0 0 5 28 42 66 100 100 100 100 73 38 40 43 80 91 100 100 100 86 61 37 36 72 98 91 72 5 1 1 28 96 100 100 54 22 12 1 49 28
12 9 45 74 65 3 1 4 48 18 61 58 11 21 90 97 84 71 45 21 1 7 27 97 100 100 85 78 4 21 69 81 19 0 0 24 39 26 0 3 6 42 70 99 100 100 80 35 23 86 89 99 100 88 38 66 57 31 99 100 100 94 62 54 51 98 100 66 91 87 54 94 53 81 89
16 9 93 67 60 6 13 2 62 40 29 13 0 44 66 60 8 34 18 1 0 38 95 100 59 57 20 2 0 38 93 86 18 28 39 62 99 93 13 0 12 82 62 25 48 87 80 27 11 45 44 49 85 58 73 79 38 44 52 86 100 100 100 100 82 93 100 100 99 97 55 31 15 45 19
0 13 6 81 89 28 61 44 30 59 31 15 3 48 72 19 6 3 9 19 48 81 100 77 10 0 31 30 13 43 46 51 77 3 22 62 100 94 14 13 64 46 51 91 73 14 29 19 14 45 78 94 75 90 75 68 17 28 27 88 100 100 100 85 70 22 94 100 100 100 99 27 39 44 32
9 13 3 42 95 75 76 51 64 48 31 14 47 59 53 37 13 15 32 43 36 87 66 15 10 4 49 41 80 99 95 89 55 13 11 56 98 99 57 56 24 15 27 100 95 64 3 69 100 100 100 92 75 65 91 86 82 85 20 22 74 94 100 78 5 75 95 100 100 100 99 90 40 27 51
10 10 5 31 94 90 47 73 95 34 17 59 80 79 70 77 75 16 1 19 35 97 94 61 28 12 19 30 97 100 86 100 61 42 13 20 31 46 72 16 5 1 22 94 100 89 30 100 100 100 100 100 100 66 68 89 89 90 93 99 68 35 82 69 71 95 100 100 92 71 73 99 81 43 55
1 7 20 51 87 53 28 15 41 38 11 46 79 71 70 63 24 27 34 53 92 100 100 95 82 48 14 63 100 100 85 84 56 56 32 13 43 8 53 15 0 0 28 92 95 98 19 100 100 100 100 100 100 89 77 84 100 97 94 82 91 81 74 76 99 100 100 100 97 76 73 100 98 91 55
22 23 9 69 64 34 5 28 45 70 6 39 21 75 40 21 60 69 96 100 100 78 81 83 75 89 97 98 100 100 89 36 74 42 75 9 25 22 55 15 28 0 8 74 65 67 2 58 81 66 92 92 59 11 80 89 82 83 87 80 70 94 69 81 100 100 100 100 100 100 100 100 100 100 54
16 19 8 19 73 73 31 38 32 41 23 31 29 57 53 83 96 100 91 44 60 9 1 22 59 99 99 100 99 100 100 100 99 56 26 5 20 52 71 22 90 54 14 2 9 41 31 64 54 59 33 21 0 6 94 100 100 100 89 93 83 89 49 43 49 75 99 76 94 100 100 99 95 37 30
50 39 26 53 13 46 6 44 41 36 38 70 49 51 85 71 91 91 47 6 20 0 0 21 98 89 31 61 86 68 100 100 100 97 13 0 26 11 14 31 69 72 84 22 67 42 62 89 62 42 15 0 0 27 45 37 97 99 100 100 74 69 99 100 93 67 67 22 3 80 100 60 91 21 4
95 55 58 75 25 49 36 43 50 18 17 84 95 47 64 57 9 10 12 12 5 0 0 30 100 76 29 18 42 89 100 100 98 97 15 1 7 57 42 16 89 98 100 96 100 21 83 74 32 44 55 14 0 7 21 8 56 99 100 100 100 96 94 91 100 100 100 62 0 43 100 96 90 51 26
94 90 55 49 17 14 31 11 10 13 20 11 75 85 100 78 3 4 0 0 15 0 0 29 97 45 19 36 55 99 100 99 96 42 0 0 37 29 3 0 19 95 100 100 100 89 25 29 22 0 47 46 0 36 38 77 61 87 100 97 89 78 86 91 92 79 72 43 37 64 100 99 75 74 37
94 95 79 46 61 52 56 42 16 5 20 31 10 37 80 52 18 11 0 0 0 3 61 67 71 80 55 77 93 89 96 92 51 16 3 15 52 26 15 34 77 96 98 99 100 100 98 62 1 0 17 15 0 46 65 50 64 69 61 39 77 91 69 92 91 86 64 100 100 100 100 100 100 85 41
88 91 74 54 31 37 28 18 4 3 34 54 11 16 13 28 2 1 1 4 2 21 88 98 96 65 17 21 78 100 99 73 42 30 10 31 31 6 0 22 36 65 65 96 100 95 86 65 30 37 23 46 44 27 21 43 81 55 43 14 71 87 44 74 75 67 94 94 100 79 68 100 100 85 33
83 85 85 67 45 8 4 0 0 7 21 32 28 40 25 10 20 8 3 8 4 14 59 67 53 24 11 9 67 90 74 8 13 31 74 13 28 31 2 3 7 12 84 80 84 93 57 34 54 73 88 34 62 72 43 16 64 94 100 98 47 56 34 28 28 43 90 62 90 68 90 100 98 93 67
76 46 65 55 1 3 3 10 6 6 12 23 33 40 43 25 33 37 28 18 35 65 79 58 83 58 25 70 74 58 75 56 11 48 27 2 64 90 60 3 0 9 69 76 79 71 54 32 29 28 79 66 74 94 69 38 35 66 100 100 99 77 34 19 18 0 60 100 100 100 59 54 71 100 76
61 84 38 0 4 15 10 55 85 49 71 44 98 99 93 98 63 82 38 55 76 57 58 82 63 42 26 100 100 94 47 1 18 13 2 3 6 3 2 0 0 0 14 18 84 98 98 86 95 47 4 54 21 87 97 83 60 57 37 48 69 26 32 15 24 0 17 89 95 88 100 100 97 94 58
14 39 12 21 36 93 90 79 100 100 100 99 99 98 100 100 98 52 51 37 70 60 83 84 41 0 3 39 79 93 94 30 26 49 13 0 0 0 0 2 52 46 0 4 80 94 98 99 95 96 71 71 1 84 99 98 90 90 30 43 57 38 40 31 49 19 0 22 77 80 94 100 99 77 91
15 15 39 43 90 95 100 100 89 87 87 57 63 71 95 99 94 57 46 53 70 93 74 71 16 3 12 18 2 30 100 90 17 0 0 0 0 0 4 17 84 93 51 19 71 100 100 100 90 96 83 31 75 74 100 83 55 81 30 14 18 51 57 14 68 56 62 82 97 88 100 97 100 63 60
1 12 37 31 93 98 100 100 74 42 29 0 13 31 76 38 58 93 68 19 24 92 90 59 65 40 52 48 2 1 69 89 33 0 0 1 0 14 67 66 49 72 98 100 93 100 100 100 99 89 18 90 97 99 100 89 84 74 59 24 38 63 48 56 66 48 92 93 91 100 100 100 100 95 89
0 48 67 59 67 100 100 77 56 53 19 43 46 29 50 29 80 100 88 26 1 47 73 41 58 74 56 65 7 2 56 100 46 12 1 8 24 65 66 36 7 25 33 99 99 99 98 99 100 55 62 100 100 100 100 100 99 100 88 84 40 31 58 58 81 89 99 100 100 100 100 100 100 100 95
7 1 56 98 100 100 79 39 11 24 46 7 2 16 91 61 82 100 100 90 33 33 92 83 84 54 68 66 33 38 64 100 89 69 47 20 35 35 17 29 20 28 60 96 65 61 84 88 83 82 26 29 56 45 79 97 98 100 100 100 86 87 99 96 100 100 96 98 100 100 100 100 100 100 95
26 62 29 20 68 75 46 50 51 66 62 29 35 50 56 20 39 68 99 98 59 14 52 75 88 69 56 37 46 57 34 43 56 98 66 28 52 18 22 86 93 99 82 49 28 23 53 45 53 88 35 69 77 81 60 27 72 100 90 100 100 100 100 100 100 92 96 64 64 100 99 100 100 100 95
16 98 100 55 19 2 32 66 96 100 98 96 67 85 25 72 98 67 64 98 84 1 32 75 96 63 24 35 33 26 30 16 12 95 100 100 92 19 6 7 24 14 13 26 15 17 24 50 71 78 67 53 43 4 38 61 39 47 13 90 95 100 97 99 67 30 79 21 68 100 100 98 100 100 95
60 99 98 94 76 59 31 7 51 94 91 87 27 91 60 89 100 93 70 78 88 73 73 36 80 92 98 100 88 46 45 64 45 41 80 99 100 57 2 0 0 0 5 11 17 35 50 40 56 53 72 23 44 64 23 51 33 51 61 69 66 98 98 98 52 61 91 73 100 100 98 94 48 91 95
94 90 86 59 71 89 99 76 41 11 59 76 65 97 81 87 100 98 70 57 90 95 71 56 57 80 97 99 92 53 69 46 61 3 16 80 100 69 1 24 13 12 11 8 27 22 40 47 38 55 52 61 25 75 74 99 99 52 62 95 100 99 100 81 100 100 98 95 100 100 100 95 93 100 95
95 84 65 50 60 78 92 96 100 72 15 16 69 100 95 98 98 100 90 83 88 92 100 70 67 88 100 100 98 81 68 36 67 8 14 41 93 87 38 96 85 15 43 7 2 12 2 22 62 52 45 73 75 26 85 100 97 76 99 79 100 65 97 61 100 97 94 62 77 97 100 80 95 100 95
95 91 81 79 45 70 67 85 94 99 82 59 23 28 68 100 100 100 100 100 95 98 100 89 88 100 100 98 84 82 74 28 61 36 7 26 91 80 85 97 100 89 15 1 0 2 1 4 3 5 19 31 64 75 30 56 81 94 87 35 80 68 53 38 100 92 53 36 31 96 83 79 92 88 75
60 95 80 73 68 50 71 89 57 76 25 54 86 76 61 98 89 70 80 88 100 100 100 100 100 100 100 100 93 97 87 67 19 42 24 29 81 7 27 93 100 100 78 15 0 2 11 44 22 31 79 80 88 63 92 47 41 95 100 85 53 15 75 58 90 77 64 69 58 86 42 60 68 35 25
48 23 86 90 59 58 62 78 91 88 78 76 87 90 49 91 53 28 67 86 95 95 95 95 95 95 95 87 94 92 93 90 49 36 54 9 20 2 24 82 91 78 46 24 5 9 9 10 29 65 66 54 41 21 64 63 90 53 65 55 61 36 91 73 69 81 78 74 77 68 51 65 26 20 12
