data/outputs/Figueira/2015/resolution_1/CONT_SPEC_1_35.asc
ncols         42
nrows         42
xllcorner     -8.238677953804
yllcorner      39.915521016488
cellsize       0.000314762560
NODATA_value  -9999
1.995510 3.323673 5.189796 3.679184 3.411429 5.807347 2.776327 4.325306 3.693061 2.612653 1.485714 0.279591 0.0000 0.246530 4.094694 0.932244 0.564898 3.253878 5.648163 2.468571 0.013877 1.931837 4.955918 5.905714 3.644082 4.175102 3.931020 1.568980 3.111020 1.244490 0.912653 0.0000 0.071428 3.28000 5.769388 2.577143 5.232653 2.957551 1.307755 3.024898 5.038776 1.675102
3.3000 5.086122 3.912653 0.961224 5.704898 2.637143 2.248980 5.780408 4.36000 1.224490 3.480408 0.486530 0.008163 0.875510 1.528980 0.622449 0.436326 3.152245 2.099184 0.309795 2.815510 3.211429 5.129388 5.980408 5.188980 2.68000 1.16000 2.478776 4.794286 1.939592 2.800408 2.459592 1.316735 1.658367 2.939592 3.293061 2.592245 3.060408 4.547347 3.311837 2.558367 5.162857
3.202857 4.328980 1.126122 4.391837 2.713878 1.694286 1.200816 2.344082 3.775510 2.390204 0.823265 1.875510 0.0000 0.226530 1.312653 0.221632 0.049387 0.173469 0.479591 1.150612 4.359184 5.476735 5.998367 5.990204 5.8000 4.984490 4.712245 5.008571 5.671429 4.810612 3.562857 4.967347 2.208980 0.748571 0.918775 1.854694 3.901633 2.915510 1.992245 5.248163 6.0000 5.955918
4.986939 1.082449 0.039591 0.814285 4.735102 0.535102 0.177959 0.175918 3.473469 5.756735 1.527755 0.644898 0.024489 0.168979 2.760408 0.435102 0.594693 1.584082 1.571020 1.366939 2.189796 5.616735 5.982041 4.791837 3.841633 4.436735 5.936327 5.768980 6.0000 5.996327 4.034286 4.171429 4.855510 3.52000 4.539184 5.869388 5.770204 6.0000 5.382041 3.053878 1.092653 0.551836
2.183265 0.459183 0.106938 2.121633 3.181633 1.171837 4.182857 5.335918 5.875918 2.671020 3.425306 1.217143 1.499184 1.661224 0.439591 1.818367 4.477551 1.887755 1.302449 4.255918 5.520816 5.635918 6.0000 5.851429 2.717143 0.743265 2.846939 4.963265 6.0000 5.712245 4.218367 5.503265 4.945306 2.764490 2.192245 3.605306 5.919592 6.0000 5.893469 1.464898 0.441224 0.106938
4.021633 3.286531 0.407346 1.451020 0.984898 1.465306 0.822449 3.924898 2.129796 2.230612 2.331020 5.016735 2.071429 4.026531 0.881632 2.215510 3.937959 4.852245 2.275510 0.427755 3.920816 5.076327 5.999592 5.646122 2.843265 5.448163 2.217143 2.752653 5.901224 5.930204 5.142857 5.878367 5.263673 4.697959 5.127347 3.605714 4.935510 5.894694 4.5000 2.416327 0.891020 0.279183
2.203265 2.679592 1.755510 1.458776 0.902857 2.460408 4.899184 1.551837 2.245714 2.874286 3.872653 5.684898 4.814694 3.179184 4.133061 5.785306 5.255918 2.468980 0.016734 0.0000 0.393061 3.822857 1.659184 0.692244 3.345714 3.306122 1.235510 2.813878 5.564490 6.0000 5.857959 5.771837 4.993061 5.998776 5.195102 3.918367 3.511020 4.924898 3.032245 2.790204 4.322041 4.186531
3.384898 1.616327 2.934286 0.899591 0.751428 1.718776 1.286122 0.924081 1.204898 3.480408 5.754694 5.834286 3.088163 1.853469 5.705306 5.666122 5.115102 2.131429 0.429387 0.016326 0.0000 1.951837 1.878776 1.596327 0.389387 0.104898 1.033469 5.271837 3.665306 5.94000 5.984898 5.106939 5.891837 5.471837 4.509796 2.991837 0.724081 3.466939 1.771837 3.035102 3.291837 1.724898
4.970612 4.605714 0.486938 0.001632 0.068979 1.391429 4.442857 1.817959 0.051020 1.124898 4.551020 3.439184 3.230612 0.922040 1.104082 1.010612 0.641224 2.810204 3.600408 0.0000 0.0000 0.007755 3.158776 3.359184 5.760816 1.960816 3.857551 5.452653 3.277551 3.733878 3.573061 5.397143 5.916735 4.599184 3.096735 0.455102 0.628571 0.152244 0.970204 0.299183 1.939184 2.104898
5.638367 5.986939 2.316735 0.673469 0.882857 3.913061 1.202041 0.124489 1.271429 0.721632 0.417142 1.209796 3.341633 1.207347 1.411020 0.050612 0.588979 3.444082 4.535510 1.831429 0.551428 0.097142 0.021224 2.350204 5.950612 5.512245 4.661224 5.797143 2.971837 2.391020 5.010612 5.295510 5.529388 4.115510 1.546939 0.004898 0.114693 0.085714 0.173877 0.056734 4.301633 3.749796
1.693061 4.366122 4.622041 4.253469 3.866122 4.371020 0.506938 0.396734 0.229387 3.206939 2.710204 0.862449 0.968163 1.923673 1.388980 0.589387 1.667347 3.986531 5.686122 4.611429 2.577551 3.089796 3.586531 3.882857 3.131429 2.714286 3.921633 5.716327 3.750204 3.758367 5.747755 6.0000 5.547755 1.159184 0.0000 0.0000 0.0000 0.016734 0.013061 0.240408 1.511429 5.079184
0.0000 2.501224 1.522857 3.242857 5.915102 3.999184 0.474693 0.271020 1.186122 1.943265 1.608571 2.489388 4.011429 0.575102 0.079591 1.052245 2.919184 2.150204 0.729795 0.903265 3.223673 6.0000 5.996735 5.829388 1.301633 0.731428 2.916735 3.273469 2.308163 2.888571 5.018776 3.269388 3.562041 1.358776 1.658776 0.088979 0.371020 0.491428 0.081632 0.14000 1.823673 5.469388
1.415510 4.222041 5.998367 3.139592 3.589796 3.730612 4.663673 5.156735 4.900408 2.104898 5.934694 3.002449 1.577959 1.025306 0.313061 0.884081 0.049795 1.447347 2.765714 5.62000 5.600816 5.848980 5.252653 5.876735 5.341224 2.900816 2.449796 1.229796 5.307755 5.939592 4.886939 0.0000 0.577142 2.038776 4.369388 1.091837 0.553877 3.039592 2.765306 4.510204 4.275102 5.731429
4.258776 2.341633 2.435510 2.246531 5.904898 5.909388 4.416327 4.174286 3.035918 1.497143 2.598367 5.377143 1.053061 0.354693 0.908979 3.571837 4.110204 2.215918 0.424081 0.675918 3.349388 1.078776 0.022857 2.446939 5.134286 5.865714 2.871837 4.182449 5.634286 5.98000 5.932245 3.394694 5.06000 1.839184 5.424082 5.075510 2.674286 1.765714 4.685306 5.244898 5.180816 5.759184
0.007755 0.099591 2.732245 0.660816 4.315102 4.869388 2.959184 2.777551 3.244490 1.066939 2.6000 0.934285 0.851020 0.628979 0.400816 1.599592 2.348980 5.423673 5.74000 3.682857 1.044490 0.0000 0.0000 0.117551 0.966938 3.946531 5.156735 4.505306 4.696327 3.443265 4.538776 5.573878 2.433061 2.875918 5.882449 4.233061 1.368571 2.430204 3.725714 5.496327 5.932245 5.949388
0.493469 2.011429 4.941633 5.013878 3.977143 1.073469 1.656735 5.370612 4.136327 5.222449 4.646122 3.186122 2.782449 1.247755 1.031429 0.564898 0.377959 4.086939 2.918776 4.483673 2.892653 0.311428 0.004489 1.295102 1.548980 0.761632 1.792245 2.858367 3.984898 3.579184 4.573061 5.780816 5.802857 5.132653 5.788980 5.373061 5.348163 4.803265 5.877551 5.854694 4.724898 5.628980
2.495918 1.926939 5.282449 6.0000 5.903673 5.857143 5.198776 5.204898 3.774694 5.031429 3.229388 5.308980 2.528163 2.113469 4.119184 1.485714 1.083265 2.468980 0.259591 2.713469 5.503673 3.917959 2.920816 4.489796 2.206122 2.131020 3.079184 3.606939 2.701633 2.152653 1.005306 1.150204 1.597551 1.946122 3.830612 4.159592 4.135510 5.461224 4.639184 5.102449 5.444082 5.902041
5.286531 5.6000 4.278367 5.995102 5.168571 4.929796 1.828163 2.9000 3.003265 2.018776 3.553469 2.759184 3.007347 2.544490 1.905306 1.977959 2.702041 0.588979 0.681632 1.150612 3.943265 5.472653 6.0000 5.191429 5.114694 4.547755 4.144898 3.326939 4.306122 6.0000 4.801633 4.984082 4.490612 4.601224 3.800408 2.418776 2.516327 1.932653 1.146531 2.611837 3.621633 3.398776
5.273878 1.939184 2.284490 5.990204 1.508980 1.457551 2.437551 2.568980 1.207755 1.321224 2.372245 2.822449 3.221633 2.329388 3.113469 1.608571 0.245306 1.085306 1.953061 3.441633 4.538367 4.100816 5.772245 3.171020 5.233469 5.882449 5.708163 3.370204 3.535102 5.721224 4.853878 4.502041 5.976735 5.033878 5.040408 5.661633 4.993061 4.189388 4.342041 5.658367 5.201224 2.843265
1.564082 2.039592 3.312245 5.4000 2.056327 0.357551 0.021224 0.688163 2.663265 4.179592 2.158367 4.005714 5.324490 3.600408 1.373469 1.986122 0.777551 0.773061 1.660816 5.156327 5.306122 5.1000 5.277143 4.478367 4.732245 5.972245 5.018776 3.910612 2.891429 3.893878 4.182857 5.085714 4.698367 5.828571 6.0000 5.687347 2.570204 2.257959 3.253878 5.995102 5.891429 3.882857
2.416735 0.816326 3.303673 1.347755 2.392653 3.038367 3.737551 5.419592 5.631020 1.341633 0.852244 1.516327 0.285306 0.293061 0.253061 0.334285 1.117959 1.540816 2.928980 3.520816 2.500408 1.017551 0.139183 4.077551 4.903265 5.609388 3.830612 0.801632 1.828571 4.518776 4.767347 4.910612 6.0000 4.957959 3.209388 5.275918 2.763265 1.623265 3.62000 5.874694 5.883673 3.603673
1.202041 2.083673 3.508163 4.073878 4.601224 4.175918 5.322041 4.544898 2.521224 1.287347 0.609795 0.38000 0.741632 0.536734 1.340408 0.389795 0.930204 0.608163 0.246530 0.369387 0.504489 0.060816 0.455510 3.196735 2.933061 0.456326 2.471837 2.462041 5.990204 5.468980 5.705306 5.616327 4.792653 5.509796 5.913878 5.963265 5.660408 3.208571 5.972245 6.0000 3.539184 2.623265
1.493878 0.291428 0.095918 1.018776 1.431429 1.715510 2.054694 1.037959 1.393061 1.162857 2.214694 3.100816 3.687755 1.067347 1.995102 1.070204 0.391428 1.564490 0.186938 0.015918 0.735510 1.818776 0.948163 0.486122 0.106530 1.213878 1.036327 2.798776 6.0000 5.922857 5.703673 4.485306 0.976734 1.069796 1.734286 5.201224 5.675918 6.0000 6.0000 5.137143 3.376735 2.210612
2.332245 0.192653 1.589388 3.659592 4.692653 3.184490 1.869796 4.514694 5.818367 5.291837 5.603673 5.649388 5.949388 5.537959 4.516735 5.653061 3.355510 1.144898 0.917551 2.190204 3.353878 2.458776 1.017143 3.594286 3.651429 1.817959 0.394693 1.582041 2.708571 3.747755 5.953469 3.242449 1.944898 2.554694 0.831020 1.974286 5.556735 5.244898 5.573061 5.117143 4.636327 4.715510
0.884898 0.004489 0.444081 0.939591 4.873061 4.064898 2.910612 3.363265 5.488980 5.906939 5.657959 4.465306 3.489388 4.905714 4.745306 1.392653 0.902040 1.802857 2.575510 4.086939 2.261224 0.935918 0.967755 5.059184 5.906122 4.580816 0.650612 0.862449 3.103673 5.846531 5.215510 3.586939 2.682449 3.136735 1.931429 0.783673 4.418367 3.528980 5.339592 4.644490 3.113061 0.275510
0.308571 1.901224 2.127347 0.505306 0.905714 2.149796 4.519592 0.815102 5.098367 5.164490 3.583673 0.768979 0.587346 4.827755 5.916735 4.345714 1.014694 2.767347 1.335510 0.52000 0.970204 0.947346 1.279184 3.330612 5.403265 5.901224 4.142041 1.902857 5.2000 5.935102 5.383265 3.479184 2.246531 4.965714 5.820408 3.530204 1.742041 4.262449 5.214286 5.150612 3.125714 2.792653
0.515102 3.268571 4.221633 1.271429 1.392653 3.129796 1.04000 1.528571 3.64000 0.64000 0.748571 0.490612 4.306531 4.906122 1.98000 0.831020 0.716326 4.433061 2.662857 1.601633 4.773878 4.513469 0.229387 3.575918 3.550204 3.06000 3.657143 0.568571 2.755918 4.370612 4.4000 4.389796 1.981224 2.960816 5.98000 6.0000 5.735510 4.524082 5.990204 5.924490 3.098776 1.770612
0.405714 0.543265 5.075102 4.109796 4.277959 2.286531 1.291020 3.525714 3.584490 1.654694 1.577551 2.536735 5.215510 1.548163 0.579183 2.442857 5.157959 5.277551 3.681224 0.557959 3.578367 5.065306 2.341633 0.792653 3.487755 5.766122 1.390204 5.044898 5.998367 5.133469 4.534286 5.352653 4.682449 3.190204 3.748980 5.611837 3.256735 4.108163 5.973878 5.548980 5.715102 3.066122
0.192244 1.523673 4.593878 2.373469 2.456327 1.968571 2.564898 4.583673 3.956327 2.103265 1.591837 4.076327 5.998367 5.424082 2.737551 2.786122 5.981224 5.551429 3.809796 2.6000 1.453061 1.533878 1.419592 0.0000 3.060816 5.757959 3.196735 6.0000 5.904898 5.990204 5.155918 4.282041 5.608571 5.558367 4.649796 3.834286 4.701633 5.84000 5.996735 5.218367 5.013469 5.156327
0.982449 1.222041 3.950612 2.046939 2.257959 2.358776 1.787347 2.854694 2.848163 5.062857 5.579184 4.228571 2.035918 2.913469 5.256735 5.982041 5.980408 5.338367 4.744082 2.690204 0.877142 2.674286 2.508980 2.842857 1.229796 2.162041 1.784082 3.596327 3.641633 2.577143 0.879591 6.0000 5.632653 5.375918 5.146122 4.475918 3.926531 5.247755 5.424898 5.981633 5.977143 5.579184
3.470204 2.771020 2.127755 1.850612 2.515510 1.655102 4.180408 3.371837 4.478367 3.296735 2.535102 0.542857 0.001224 2.553878 5.135102 2.075510 4.294286 5.826122 6.0000 3.038776 0.391020 1.917551 1.628163 4.933061 4.486122 4.360408 3.444082 3.524490 2.535510 0.227755 0.865306 1.606939 5.037143 6.0000 5.171429 5.504898 5.874286 4.724898 2.955918 2.3000 5.411020 4.351429
5.697959 3.785306 1.662449 1.922449 1.070204 0.819183 1.507755 4.114286 5.461633 0.48000 0.221224 0.286530 0.355918 3.202449 3.593878 2.296327 4.494286 5.946939 4.963673 0.851020 0.752244 1.968571 0.404489 4.450612 5.984082 5.817959 3.442449 1.846122 0.927755 2.091020 1.619592 3.319592 4.375102 5.664898 5.173878 4.650204 5.366939 4.680816 4.151837 3.717959 6.0000 5.351429
5.462857 4.412245 2.740816 2.300816 1.216327 0.400408 2.542449 0.913877 1.537959 0.565306 0.035918 0.122449 2.568163 5.248163 4.059592 1.970204 5.453469 5.642041 2.884490 1.182449 2.006531 0.666530 1.548980 3.406531 4.909388 5.952653 5.264082 2.382041 1.925306 1.870612 2.188163 2.140816 4.197551 2.782449 3.632653 4.208163 4.415918 4.565714 5.654286 5.097959 5.175510 5.967347
4.235102 4.428571 1.693061 0.185306 0.314285 0.284081 1.737959 2.106122 1.806122 1.877959 0.815510 1.218776 3.122857 3.807347 2.749388 1.728163 4.173061 3.689388 0.958367 2.795102 1.472245 3.748980 0.462857 0.516734 4.666531 4.789796 3.804490 1.733878 3.784082 3.268571 4.998776 2.434286 3.441633 5.888980 5.121224 2.635918 1.219184 1.395918 5.189388 5.791020 4.562041 5.149388
3.158367 1.585306 0.952653 2.784898 4.606531 4.611837 4.517143 5.946939 5.854694 4.735102 2.868571 3.916327 3.506122 4.288571 1.964082 3.115510 5.945306 3.202041 1.233878 0.971020 0.099591 0.185306 0.022449 1.128163 0.340816 4.935510 5.789388 5.550204 3.086531 2.420816 4.226122 5.584490 4.519592 2.194286 3.742041 2.015918 1.919184 0.684898 3.176327 4.985306 5.874286 5.795918
0.633877 1.753061 4.829388 5.844898 5.905306 4.821224 3.0000 3.888163 5.512653 4.831429 3.401633 3.143265 5.461224 3.957143 0.753877 1.513878 0.601224 5.431429 1.901633 0.057551 0.005714 0.052244 1.688571 5.479592 3.054694 4.513878 6.0000 5.752653 5.126122 3.295918 4.830612 5.516327 4.568980 2.338367 1.389796 3.266531 2.405714 3.262041 4.496735 5.455510 5.935510 5.720408
0.718775 3.587347 4.335510 6.0000 4.224082 2.316327 1.414694 1.347347 2.806939 4.482857 5.127347 0.877551 4.100408 3.227347 3.812245 3.410204 0.322449 3.436327 3.517551 0.448979 0.762857 3.075102 2.837551 1.291429 4.457143 5.753878 5.940408 5.999592 3.096327 5.735102 5.980408 5.926531 5.653878 4.817143 3.033469 2.953061 4.127755 4.955918 5.962041 5.996735 6.0000 6.0000
1.563265 2.398367 4.618367 4.152653 2.296735 2.927347 1.708163 1.886122 3.288980 3.507347 5.834286 3.966122 2.435918 4.965306 4.179184 3.355918 2.760816 3.481224 4.493469 4.336327 2.008980 1.225306 3.399184 4.085306 4.307755 2.399592 3.513061 3.730612 3.622041 3.010204 3.496735 3.700816 5.407347 5.798367 5.917551 5.989388 5.923265 5.702449 4.921633 5.616327 5.980408 6.0000
3.576735 5.604082 2.583673 1.608571 3.403673 5.836735 5.466939 3.955510 3.167347 5.680816 4.424490 5.134286 2.265714 4.193878 4.592653 3.569388 2.946939 2.213469 1.882449 5.485306 5.877959 1.949796 0.297959 0.699183 0.837551 1.417143 1.848571 3.815102 4.697551 2.688571 1.533878 2.883265 2.410204 2.853061 4.812245 5.915918 5.096735 2.885306 3.347347 5.668163 5.817143 4.950204
5.56000 4.776327 4.134286 5.499184 3.922449 2.058367 3.756327 5.312245 5.108980 5.967347 4.690204 4.653878 5.209796 3.631020 4.712245 5.937959 4.632245 3.273878 3.182041 0.793469 5.082041 3.441633 1.873061 0.869387 1.032245 0.966938 1.693061 2.424490 3.194694 3.319184 3.397959 5.134286 4.731429 4.488163 5.829796 5.526122 5.156327 5.977551 5.610204 6.0000 5.924898 5.467755
5.632245 4.166122 3.715510 4.215918 5.316735 5.213469 2.582449 2.504490 5.006122 5.973878 5.936735 5.715510 5.864490 5.082449 5.797143 5.951837 5.324898 3.743673 3.089796 0.897142 3.324490 4.259184 5.713061 5.067347 0.949387 0.028163 0.114693 0.994285 1.178367 3.174286 3.456735 3.498776 5.149796 4.826939 4.147755 4.126939 4.172653 5.375918 2.706122 4.325714 4.618367 5.493469
2.810612 5.014694 4.002449 3.736735 4.691837 4.535102 3.997959 5.417143 4.400408 3.553469 3.983673 5.687755 5.824082 5.828163 5.828571 5.664898 5.570612 5.544490 2.630204 2.501224 1.804490 0.543265 4.458776 5.413878 2.791837 0.297959 0.675102 1.733878 3.773878 3.877551 2.971837 4.240816 4.222041 4.605306 3.486122 3.257551 4.375918 4.713061 4.148163 4.315102 3.090612 2.282857
