data/outputs/Figueira/2015/resolution_1/CONT_SPEC_1_15.asc
ncols         100
nrows         100
xllcorner     -8.238677953804
yllcorner      39.915521016488
cellsize       0.000134898240
NODATA_value  -9999
[rows 0 to 28 of 100, columns 0 to 64 of 100]
3.702222 0.344444 2.162222 5.6000 5.493333 4.717778 3.993333 0.713333 0.028888 0.451111 0.617777 0.322222 0.831111 2.404444 2.773333 0.777777 1.244444 4.117778 4.682222 3.264444 3.846667 2.206667 0.188888 1.746667 0.448888 0.64000 0.0000 0.0000 0.0000 0.0000 0.0000 0.0000 0.0000 3.697778 3.262222 2.482222 1.171111 1.373333 1.44000 0.122222 0.424444 1.322222 4.32000 5.6000 5.6000 5.255556 2.282222 0.28000 1.088889 1.82000 4.586667 5.346667 4.844444 5.397778 4.282222 4.877778 5.531111 5.431111 3.495556 1.355556 0.195555 3.884444 3.324444 2.557778 1.908889
3.931111 2.182222 1.942222 5.608889 6.0000 5.924444 4.64000 2.433333 0.044444 1.217778 5.282222 5.784444 5.997778 5.833333 3.515556 4.097778 2.102222 4.675556 6.0000 5.88000 4.826667 0.32000 0.144444 0.193333 0.473333 0.182222 0.0000 0.0000 0.0000 0.0000 0.0000 0.0000 0.071111 5.273333 6.0000 5.197778 0.297777 3.135556 4.153333 0.66000 0.0000 1.726667 5.937778 6.0000 6.0000 4.5000 0.0000 0.0000 0.0000 2.104444 4.653333 5.688889 6.0000 6.0000 6.0000 3.64000 5.542222 5.817778 3.615556 0.895555 2.088889 5.975556 4.98000 4.602222 5.173333
4.324444 2.8000 3.5000 2.751111 1.793333 5.526667 3.426667 2.751111 4.284444 1.88000 3.557778 6.0000 6.0000 6.0000 4.837778 2.991111 2.311111 3.984444 6.0000 5.902222 4.78000 3.073333 0.204444 0.008888 0.108888 0.073333 0.615555 0.524444 0.0000 0.0000 0.0000 0.0000 0.382222 5.677778 5.626667 2.964444 0.0000 0.0000 0.0000 0.0000 0.431111 0.768888 4.528889 6.0000 6.0000 3.151111 0.0000 0.0000 0.0000 1.955556 4.373333 5.771111 6.0000 6.0000 6.0000 5.486667 3.886667 6.0000 3.224444 2.711111 5.753333 6.0000 4.826667 3.355556 3.791111
0.217777 0.577777 2.006667 2.186667 5.253333 6.0000 5.946667 5.795556 1.788889 1.937778 2.013333 5.282222 5.944444 5.673333 0.757777 1.908889 3.755556 5.748889 4.935556 2.937778 2.877778 3.075556 4.88000 4.082222 1.593333 0.002222 0.326666 0.053333 0.0000 0.0000 0.0000 0.0000 0.368888 4.704444 4.406667 1.971111 0.0000 0.0000 0.008888 3.291111 5.966667 4.644444 6.0000 6.0000 5.268889 1.784444 0.0000 0.0000 0.0000 0.38000 0.404444 3.371111 5.277778 5.962222 6.0000 6.0000 3.362222 2.022222 3.388889 5.082222 6.0000 4.633333 0.813333 0.0000 0.0000
0.44000 2.902222 4.095556 5.935556 5.991111 6.0000 5.446667 1.78000 0.937777 5.617778 5.466667 5.791111 5.595556 3.375556 1.482222 4.782222 4.706667 5.931111 3.444444 0.6000 3.157778 1.984444 2.355556 2.733333 5.751111 2.455556 0.0000 0.0000 0.0000 0.0000 0.666666 2.055556 1.295556 3.224444 1.148889 0.313333 0.08000 0.035555 0.493333 5.24000 6.0000 5.613333 5.991111 4.735556 0.322222 1.311111 0.0000 0.993333 2.328889 0.362222 0.433333 0.477777 3.764444 5.553333 6.0000 5.946667 5.048889 2.086667 0.851111 4.157778 4.895556 1.388889 0.004444 0.0000 0.0000
1.744444 5.453333 3.675556 5.893333 5.946667 5.804444 3.011111 0.308888 0.075555 4.931111 6.0000 5.92000 4.068889 0.926666 0.524444 1.328889 5.746667 5.728889 5.895556 4.564444 4.395556 1.868889 0.3000 0.06000 4.148889 5.388889 0.982222 0.0000 0.044444 0.0000 0.0000 0.588888 2.526667 3.171111 0.137777 0.0000 2.348889 0.435555 0.0000 0.115555 1.993333 5.148889 4.08000 0.52000 0.0000 0.006666 0.746666 1.293333 3.002222 3.477778 3.648889 4.504444 5.92000 5.991111 6.0000 5.946667 5.9000 5.691111 3.537778 1.308889 2.18000 1.726667 2.035556 2.948889 2.393333
3.864444 5.951111 5.955556 4.771111 1.842222 0.966666 2.117778 1.775556 2.026667 3.9000 5.877778 2.166667 0.84000 0.962222 0.042222 2.008889 5.631111 5.76000 5.997778 6.0000 5.773333 1.802222 0.011111 0.522222 2.797778 4.051111 0.228888 0.0000 0.0000 0.0000 0.0000 0.0000 0.0000 1.251111 0.106666 0.0000 0.037777 0.311111 0.0000 0.0000 0.0000 0.58000 0.077777 0.0000 0.0000 0.031111 4.562222 6.0000 3.775556 5.942222 5.713333 5.008889 5.951111 6.0000 6.0000 6.0000 6.0000 6.0000 5.953333 3.675556 0.002222 1.084444 0.562222 1.915556 5.131111
2.433333 3.362222 4.837778 5.34000 2.008889 1.771111 1.015556 4.168889 5.066667 4.486667 3.395556 1.322222 1.133333 1.322222 1.191111 0.624444 0.522222 4.711111 3.868889 3.175556 5.64000 4.282222 0.124444 0.984444 0.086666 2.646667 5.011111 0.0000 0.0000 0.0000 0.0000 0.0000 0.0000 1.46000 0.313333 0.075555 0.244444 0.317777 0.0000 0.0000 0.0000 0.062222 0.177777 0.0000 0.0000 0.222222 4.857778 5.893333 5.866667 4.42000 5.862222 6.0000 6.0000 6.0000 6.0000 5.946667 6.0000 6.0000 5.788889 4.668889 3.613333 5.895556 3.635556 4.026667 5.782222
1.588889 3.084444 5.175556 4.308889 1.224444 0.693333 0.348888 1.835556 5.891111 5.997778 1.177778 2.128889 2.568889 1.035556 2.331111 0.16000 0.113333 0.262222 0.071111 1.462222 4.715556 5.146667 1.766667 0.793333 0.0000 0.017777 2.808889 0.073333 0.0000 0.0000 0.006666 0.446666 1.284444 2.453333 1.802222 0.713333 0.124444 0.0000 0.0000 0.0000 0.0000 0.882222 1.895556 0.537777 0.046666 0.613333 2.502222 1.36000 2.835556 5.202222 5.804444 5.853333 6.0000 6.0000 6.0000 6.0000 4.937778 5.973333 6.0000 5.651111 5.937778 6.0000 5.604444 6.0000 5.911111
5.415556 5.946667 4.813333 2.084444 0.393333 0.177777 0.022222 0.204444 2.591111 5.462222 4.915556 0.662222 1.715556 0.24000 0.168888 0.0000 0.182222 0.0000 0.006666 0.015555 3.884444 6.0000 5.991111 2.448889 0.0000 0.008888 2.92000 0.008888 0.0000 0.0000 0.177777 0.155555 0.0000 1.988889 1.862222 0.0000 0.0000 0.0000 0.0000 0.0000 0.128888 4.491111 3.013333 0.686666 0.995555 1.042222 0.02000 0.646666 3.435556 5.902222 5.435556 6.0000 6.0000 6.0000 4.284444 4.706667 5.94000 5.64000 5.937778 4.695556 6.0000 6.0000 6.0000 6.0000 5.357778
4.117778 5.931111 2.195556 0.088888 0.0000 0.0000 0.0000 0.0000 0.0000 2.868889 6.0000 3.182222 0.117777 0.0000 0.0000 0.0000 0.0000 0.08000 0.3000 4.242222 6.0000 6.0000 5.882222 5.866667 1.968889 0.0000 0.384444 0.197777 0.08000 0.008888 0.0000 0.12000 1.08000 3.582222 4.971111 1.373333 0.071111 0.0000 1.002222 1.606667 0.8000 2.157778 3.186667 0.56000 2.833333 0.424444 0.066666 0.877777 4.053333 5.942222 5.111111 6.0000 6.0000 6.0000 5.377778 3.453333 4.764444 1.544444 3.086667 4.204444 5.757778 5.751111 6.0000 6.0000 5.886667
0.0000 1.846667 0.8000 0.924444 0.115555 0.053333 0.288888 0.0000 1.153333 5.282222 6.0000 5.517778 0.98000 0.357777 4.602222 2.651111 1.266667 3.135556 4.991111 5.98000 5.324444 4.697778 1.691111 4.273333 3.375556 0.591111 0.0000 0.0000 0.208888 0.26000 0.0000 0.111111 0.457777 0.951111 2.237778 0.973333 0.0000 0.473333 2.555556 4.073333 0.308888 0.0000 1.424444 1.157778 4.824444 4.748889 3.597778 4.56000 4.333333 5.564444 5.684444 5.911111 5.991111 6.0000 5.7000 5.797778 2.015556 0.024444 0.142222 0.217777 1.766667 5.262222 5.886667 4.877778 5.571111
3.422222 0.86000 0.0000 0.435555 0.364444 0.028888 0.071111 0.395555 3.568889 4.655556 1.997778 2.151111 1.82000 0.0000 3.293333 6.0000 5.726667 5.624444 6.0000 6.0000 6.0000 3.144444 3.248889 2.682222 3.924444 3.277778 0.671111 0.66000 5.337778 0.886666 0.942222 1.84000 0.0000 0.402222 0.231111 0.102222 3.226667 2.148889 5.991111 5.84000 1.273333 0.0000 0.011111 0.046666 2.586667 5.617778 6.0000 6.0000 6.0000 5.662222 5.662222 6.0000 6.0000 6.0000 5.768889 5.848889 5.806667 2.508889 1.468889 0.137777 1.1000 2.208889 2.851111 4.395556 5.611111
3.855556 5.502222 2.764444 0.273333 0.0000 0.075555 0.075555 1.995556 3.055556 1.32000 0.804444 0.664444 1.435556 0.026666 0.088888 3.655556 6.0000 5.848889 5.746667 5.333333 5.993333 3.597778 1.104444 2.16000 2.724444 3.862222 4.886667 2.257778 0.546666 2.271111 4.886667 5.182222 1.464444 0.04000 0.122222 3.226667 4.453333 5.624444 4.78000 2.982222 3.8000 2.942222 5.008889 1.324444 0.0000 0.462222 4.213333 5.991111 5.448889 4.493333 5.737778 6.0000 6.0000 6.0000 5.813333 5.862222 4.248889 3.704444 0.391111 2.597778 4.006667 1.208889 0.657777 2.331111 4.608889
4.928889 2.684444 5.188889 4.604444 1.755556 0.008888 0.0000 0.995555 1.8000 4.044444 0.3000 0.0000 0.0000 0.048888 1.017778 0.011111 2.411111 5.64000 5.848889 1.571111 1.94000 1.824444 1.348889 1.275556 2.042222 1.735556 5.655556 5.973333 2.235556 2.368889 1.191111 5.444444 5.524444 0.304444 0.0000 0.044444 2.344444 4.084444 4.1000 1.213333 4.106667 5.713333 4.235556 0.875555 0.448888 1.697778 0.031111 5.413333 5.471111 5.991111 6.0000 6.0000 6.0000 6.0000 5.891111 5.76000 5.435556 1.308889 2.791111 5.911111 5.511111 3.251111 0.0000 0.171111 4.784444
5.6000 3.491111 4.06000 1.124444 3.315556 0.213333 0.315555 0.0000 0.311111 1.211111 0.142222 3.3000 3.697778 2.626667 0.711111 1.051111 0.511111 1.224444 4.788889 1.042222 0.184444 2.506667 3.031111 2.042222 3.275556 3.497778 4.473333 5.946667 3.277778 0.048888 0.922222 5.442222 2.164444 0.342222 2.008889 1.173333 1.824444 4.277778 5.537778 5.882222 6.0000 5.997778 4.393333 0.06000 0.0000 0.0000 0.0000 2.064444 4.411111 3.815556 4.424444 5.473333 6.0000 6.0000 5.757778 4.664444 1.817778 2.68000 5.128889 6.0000 5.904444 3.668889 0.0000 0.868888 4.053333
2.535556 1.006667 2.633333 2.255556 2.58000 0.437777 1.815556 2.417778 0.002222 0.0000 0.0000 2.288889 4.424444 3.348889 4.626667 4.468889 1.422222 0.0000 0.133333 2.351111 0.497777 0.108888 3.944444 3.795556 1.573333 4.855556 5.446667 6.0000 5.84000 4.58000 3.273333 1.548889 2.631111 1.635556 1.975556 4.84000 5.991111 5.517778 3.344444 5.806667 5.846667 2.348889 0.008888 0.0000 0.0000 0.0000 0.053333 0.066666 0.802222 5.44000 5.28000 1.566667 2.242222 2.257778 1.122222 0.666666 2.1000 5.517778 4.78000 4.906667 5.804444 2.631111 0.1000 3.34000 4.522222
1.204444 3.782222 3.108889 0.557777 4.166667 1.557778 1.784444 4.533333 0.015555 0.511111 0.675555 0.0000 0.18000 3.606667 5.788889 5.702222 2.522222 2.222222 0.284444 1.68000 5.715556 3.546667 1.988889 2.964444 5.766667 4.308889 5.704444 6.0000 4.562222 5.94000 4.948889 1.308889 5.357778 5.733333 5.313333 6.0000 6.0000 6.0000 5.991111 4.297778 1.453333 0.0000 0.0000 0.0000 0.0000 0.0000 0.0000 0.137777 0.751111 5.088889 2.22000 0.628888 1.611111 0.875555 0.0000 1.177778 3.655556 3.837778 4.048889 2.833333 1.275556 1.391111 0.06000 0.0000 2.8000
3.04000 3.62000 2.971111 0.3000 1.557778 3.933333 0.684444 1.277778 1.697778 3.817778 3.317778 0.735555 0.0000 0.468888 3.353333 3.702222 2.124444 2.588889 1.513333 0.033333 4.948889 5.631111 3.333333 2.322222 5.591111 6.0000 6.0000 5.097778 5.531111 2.742222 0.74000 5.133333 5.953333 6.0000 6.0000 6.0000 6.0000 6.0000 6.0000 5.271111 0.911111 0.671111 1.488889 0.0000 0.0000 0.008888 0.0000 0.0000 0.328888 2.355556 1.942222 1.453333 0.282222 0.188888 0.142222 0.168888 0.38000 0.113333 0.0000 0.024444 0.0000 0.0000 0.677777 2.051111 4.962222
4.613333 4.068889 0.24000 0.397777 4.375556 4.366667 1.993333 0.177777 1.206667 0.004444 0.033333 0.137777 1.606667 0.366666 0.175555 0.057777 0.18000 1.057778 2.106667 0.0000 2.026667 2.106667 4.857778 5.048889 6.0000 6.0000 6.0000 6.0000 4.455556 0.586666 0.004444 0.702222 4.448889 6.0000 6.0000 6.0000 6.0000 6.0000 6.0000 4.4000 3.024444 4.455556 0.38000 0.031111 0.04000 0.013333 0.0000 0.0000 0.0000 0.502222 3.375556 1.748889 0.995555 0.773333 4.524444 0.011111 0.088888 0.0000 0.297777 0.166666 0.0000 0.0000 3.351111 5.555556 6.0000
5.306667 0.668888 0.577777 3.537778 6.0000 3.684444 0.046666 0.0000 0.0000 0.0000 0.0000 1.111111 3.975556 4.631111 4.171111 2.606667 0.255555 0.0000 0.046666 0.015555 1.546667 2.413333 3.717778 5.991111 6.0000 6.0000 6.0000 6.0000 5.488889 4.677778 1.793333 0.195555 1.226667 3.671111 5.948889 4.573333 3.355556 4.208889 2.984444 0.333333 0.453333 0.806666 0.38000 0.715555 0.026666 0.0000 0.0000 0.0000 0.0000 0.0000 2.075556 5.18000 5.688889 2.964444 3.888889 2.568889 2.266667 2.804444 0.655555 0.0000 0.0000 0.34000 2.771111 3.597778 5.964444
5.506667 5.051111 3.417778 5.713333 4.664444 0.162222 0.0000 0.0000 0.0000 0.0000 0.0000 0.0000 0.0000 2.846667 5.597778 5.533333 4.866667 0.348888 0.0000 0.002222 0.053333 0.333333 1.293333 3.375556 4.968889 6.0000 5.56000 4.062222 2.113333 5.722222 5.215556 0.797777 0.135555 0.695555 2.053333 1.533333 1.437778 2.004444 0.493333 1.446667 3.74000 5.102222 5.308889 4.146667 0.0000 0.0000 0.0000 0.0000 0.0000 0.0000 0.0000 1.744444 4.764444 5.424444 4.62000 5.157778 5.917778 5.991111 3.333333 0.0000 0.0000 3.122222 5.915556 5.717778 6.0000
5.502222 6.0000 6.0000 5.571111 1.135556 0.0000 0.0000 0.0000 0.0000 0.022222 0.288888 0.097777 0.975555 1.757778 1.426667 4.024444 5.846667 2.511111 0.168888 0.0000 0.0000 0.077777 0.404444 1.097778 4.28000 4.773333 1.013333 0.0000 0.504444 2.084444 0.715555 0.0000 0.0000 0.304444 0.32000 0.004444 0.0000 0.0000 0.0000 0.0000 0.422222 5.08000 6.0000 3.571111 0.0000 0.0000 0.0000 0.0000 0.0000 0.0000 0.0000 0.0000 0.013333 2.76000 2.604444 0.593333 5.546667 6.0000 5.188889 4.084444 2.164444 4.253333 5.904444 6.0000 5.817778
5.6000 6.0000 6.0000 6.0000 5.991111 2.842222 0.0000 0.0000 0.0000 0.0000 0.024444 0.0000 1.375556 3.964444 2.717778 1.46000 0.624444 0.066666 0.0000 1.155556 0.695555 0.02000 0.0000 0.048888 0.682222 1.713333 1.335556 0.182222 3.293333 1.504444 0.0000 0.0000 0.148888 0.502222 0.148888 0.146666 0.0000 0.0000 0.0000 0.0000 4.026667 5.766667 5.975556 5.742222 0.422222 0.0000 0.0000 0.028888 0.297777 0.044444 0.0000 0.0000 0.108888 0.006666 3.011111 4.822222 5.733333 6.0000 6.0000 6.0000 3.382222 4.568889 6.0000 6.0000 6.0000
5.6000 6.0000 5.848889 6.0000 5.895556 2.173333 0.715555 0.542222 1.113333 3.248889 0.96000 1.682222 5.373333 5.32000 2.153333 0.14000 0.06000 0.0000 0.0000 0.444444 2.491111 1.493333 1.12000 0.0000 0.0000 0.842222 1.7000 1.864444 5.037778 5.02000 2.008889 0.855555 1.851111 3.884444 0.68000 0.0000 0.0000 0.031111 0.066666 0.415555 1.486667 5.915556 5.015556 3.108889 4.533333 1.877778 1.791111 1.446667 0.308888 0.242222 0.062222 0.0000 0.0000 0.0000 0.055555 3.935556 6.0000 6.0000 6.0000 6.0000 3.173333 5.52000 6.0000 6.0000 6.0000
5.575556 2.528889 5.291111 6.0000 6.0000 5.984444 3.733333 2.642222 0.368888 3.933333 0.724444 3.166667 5.722222 2.815556 1.311111 0.297777 0.0000 0.0000 0.0000 0.502222 2.06000 4.455556 2.993333 2.72000 0.671111 0.084444 0.0000 0.326666 1.928889 4.466667 2.586667 1.402222 2.515556 3.635556 1.16000 0.022222 0.142222 4.324444 3.52000 1.162222 1.453333 3.055556 4.917778 4.422222 4.62000 5.957778 4.935556 1.504444 0.531111 0.18000 0.0000 0.0000 0.153333 0.037777 1.491111 3.588889 4.36000 6.0000 5.42000 5.653333 2.628889 2.951111 6.0000 6.0000 5.937778
3.217778 0.031111 2.162222 5.975556 6.0000 4.971111 6.0000 5.931111 5.028889 4.755556 2.402222 5.38000 5.704444 4.377778 1.097778 0.053333 0.0000 1.44000 0.008888 0.013333 0.431111 0.768888 5.731111 4.728889 4.853333 4.991111 1.706667 0.0000 0.0000 1.06000 1.768889 3.224444 1.822222 0.697777 0.34000 0.053333 0.52000 0.028888 0.055555 0.155555 4.246667 5.324444 6.0000 6.0000 5.551111 5.997778 5.333333 1.097778 2.571111 2.695556 3.324444 4.9000 4.751111 5.113333 2.482222 3.453333 5.08000 1.871111 0.875555 1.197778 4.34000 4.117778 5.375556 5.973333 5.333333
0.148888 0.0000 0.173333 2.064444 1.657778 0.662222 4.064444 2.977778 5.188889 5.944444 5.7000 5.595556 3.608889 1.202222 0.0000 0.0000 0.0000 0.417777 0.337777 0.013333 0.737777 0.606666 1.331111 0.0000 0.282222 1.615556 1.373333 1.442222 1.211111 0.0000 0.053333 1.466667 1.286667 1.344444 0.244444 0.82000 1.18000 3.106667 3.644444 4.331111 5.426667 6.0000 5.697778 3.566667 2.882222 1.593333 0.866666 2.48000 5.04000 6.0000 6.0000 4.951111 5.577778 5.946667 6.0000 5.293333 3.582222 0.18000 0.597777 1.811111 1.533333 0.726666 3.32000 5.902222 4.075556
0.0000 0.0000 0.213333 4.606667 2.377778 0.057777 1.137778 1.666667 5.955556 6.0000 6.0000 5.993333 5.242222 5.106667 1.515556 0.0000 0.515555 0.182222 0.0000 0.0000 0.0000 0.008888 0.417777 0.195555 0.0000 0.0000 2.893333 3.482222 4.844444 1.993333 0.068888 0.0000 0.0000 0.008888 0.135555 0.533333 3.075556 3.193333 5.56000 4.68000 3.471111 2.0000 0.328888 0.0000 0.0000 0.017777 0.0000 1.773333 6.0000 6.0000 6.0000 6.0000 6.0000 6.0000 6.0000 5.926667 3.88000 0.115555 0.0000 0.617777 0.195555 1.613333 3.873333 6.0000 2.5000
