data/outputs/Figueira/2015/resolution_1/CONT_TOTAL_1_30.asc
ncols         50
nrows         50
xllcorner     -8.238677953804
yllcorner      39.915521016488
cellsize       0.000269796480
NODATA_value  -9999
2286 3446 4981 2651 392 2702 3390 2512 2732 4461 2520 512 393 0 0 0 2035 3812 1345 1435 782 4918 4805 577 1128 4562 5005 4230 5023 2107 2733 3480 3259 4103 4854 1177 0 0 273 1709 4102 4389 3573 297 165 2152 4272 2510 982 55
1782 2350 4179 4032 2226 3792 5314 2362 3555 4450 3107 2065 400 342 0 0 2505 3368 0 743 2658 5069 3646 0 526 3132 5229 5285 3436 3242 5037 2024 1911 2922 1107 1118 0 0 822 4259 4953 2030 5069 2928 1069 856 4483 4154 712 10
2372 4410 5342 2373 2602 5215 3143 1827 4976 3264 2567 1226 3993 221 10 745 2299 360 653 1316 4220 3449 369 683 2064 2040 4777 5376 4214 2218 2293 1123 1914 3321 1479 2068 1566 598 1519 3537 2837 3463 2622 3672 4956 2181 2171 2086 4507 1958
3513 4704 1483 2043 3483 2872 958 870 3741 4285 3937 370 2156 1179 0 0 610 112 205 0 145 58 57 4796 4501 5082 5389 5388 5400 4520 2384 2282 4955 4894 3759 2953 3471 2675 1252 82 1318 1314 2372 678 652 3512 5245 5336 5318 5126
3608 3686 560 543 4487 1999 1251 599 126 350 4443 2475 6 1308 0 177 1289 985 28 0 1238 1380 607 1019 3910 5196 5400 4723 5061 5014 5386 5311 5212 5400 4474 2952 4784 4660 1724 2074 3376 3587 4998 5109 5117 3318 4488 3523 2874 3005
2677 902 38 65 2094 4658 328 1632 1009 3491 4955 3986 1336 131 126 52 1366 2150 123 2079 735 1424 2887 2048 4476 5109 5398 4574 1879 1722 4171 5122 5234 5400 5394 4482 3843 3842 3145 2784 4018 4854 5384 5400 5400 3015 1296 50 415 426
3069 782 106 571 2835 1264 739 2934 5220 5193 4216 2069 3103 1907 2035 2892 429 829 3477 4409 1804 1438 1950 4996 4861 5265 5400 5241 3661 1034 1918 2303 5000 5400 5032 3219 4552 5362 4842 1644 2341 3078 5260 5400 5304 3399 1312 1 67 521
3759 3370 1191 295 1658 842 1434 628 2202 2982 1453 1732 2374 4961 1785 2925 1876 726 2820 3765 4909 2152 483 1690 4430 4927 5400 4967 2530 4462 4126 234 4412 5376 5333 4804 5307 5296 3612 5117 4141 3298 4234 5235 4534 3338 1762 571 298 824
1919 1925 1967 2374 119 667 2601 4632 1388 1001 2221 2856 3714 5209 4708 2493 3456 4079 5290 4374 2171 2 0 58 2719 2182 1572 668 3400 3728 2498 788 3824 5344 5400 5264 5156 4398 5327 5378 4341 3642 3177 4345 3647 2280 2266 4018 4175 664
3452 880 3203 930 1514 951 550 1640 1339 822 3311 3502 5308 5197 2996 1481 5041 5400 5400 4876 2039 428 14 0 717 1917 504 1091 131 110 0 2618 4364 3661 5332 5400 5237 4298 5400 4883 4510 2358 718 3297 3192 1499 4322 2989 2078 207
3720 2981 3265 11 0 250 2577 4030 1231 15 978 3235 5168 4865 4051 1801 1289 3175 2477 1183 2273 2374 6 0 0 2025 4240 3653 3821 898 779 4051 5305 3610 4852 4574 4803 5390 4333 4088 2275 981 1195 634 591 701 937 1393 1043 1289
5198 5304 2243 0 5 93 1817 2167 2036 298 179 349 2576 570 1662 161 215 140 0 0 3442 4790 95 7 77 0 650 2482 5238 4787 3233 5379 4415 1070 1103 2120 4567 4907 5281 4955 1770 18 0 130 936 142 987 3753 2373 3117
4434 5207 4512 1718 1950 1470 4327 878 14 213 2363 1538 360 876 3702 1542 2675 419 1012 1162 2680 3930 3823 2178 284 14 43 2041 5031 5192 3212 5400 4594 3724 3286 5368 5400 5050 3855 1158 68 0 82 126 0 0 92 4452 4345 4125
765 2335 2991 4269 4707 4293 3351 259 418 84 573 2653 2642 1018 511 1466 1159 328 1088 1842 4725 4785 3606 2200 3669 4315 4813 3877 2411 1009 2412 4629 4227 1999 3762 5091 5400 5346 3392 139 0 0 0 0 36 253 543 1612 4344 4850
0 1647 2025 1208 4390 5391 3723 456 427 993 829 2713 1269 2541 4202 1168 2 151 1426 2365 1293 331 1123 913 5305 5400 5400 5345 1162 303 2398 3944 1510 2472 2449 4784 2257 3201 1961 1324 1514 109 389 648 65 96 463 1943 5285 4633
574 2680 5398 4568 1792 3174 2983 4135 4210 5256 2441 2946 5400 2038 1655 830 409 174 196 154 1633 2712 5043 5067 5255 5284 5310 5381 4833 2648 2377 1676 1464 5353 5326 4890 141 13 603 2711 3232 945 265 2946 2128 3454 4198 3874 5372 3583
4281 3782 2873 2609 4290 5330 5289 3589 4953 3138 3150 617 3609 4576 1200 479 1100 1989 3852 2628 641 37 758 3502 3515 798 391 3738 5299 4992 3466 2492 4952 5400 5400 5400 2568 3737 3657 1934 5150 3547 1253 2137 3898 4633 4315 4236 5211 2382
1007 91 1607 1034 840 4762 5249 3922 1649 3682 1496 1597 2258 2012 576 435 243 472 2520 4080 4876 3903 1874 869 239 155 10 167 1065 3983 2845 5260 3204 4243 3985 4346 4790 3382 1988 3365 5396 4569 1677 1220 1380 3910 5159 5275 5338 5220
146 332 2707 2549 2639 3232 2635 1542 2811 3860 1295 2860 4040 1601 1797 675 538 126 1353 1154 4868 4895 5147 3110 338 0 0 97 665 1950 3529 3925 4983 5056 2089 4327 4915 4662 2723 4869 5400 4059 3167 2367 5280 5400 5014 4369 5217 4736
971 689 4760 5328 5257 3456 2455 3351 4987 5036 4966 4783 2417 3970 1654 1560 2838 757 144 142 3569 868 3198 2654 3224 94 963 2890 2982 1718 233 204 1274 1715 2695 2556 4226 4974 5117 4441 5256 4156 4044 4889 5383 5258 5400 4465 5400 4925
2552 2667 3792 5384 5400 5335 5400 3857 4935 1830 4801 3732 2930 5113 3293 1797 2722 3354 1665 2073 1751 176 1141 4844 4793 3475 3767 4011 1659 1446 2219 4300 4148 3656 3055 1360 829 347 487 1152 2390 3101 3544 4802 3374 4225 4693 4782 4936 5220
4911 5391 2950 5260 4772 4673 4442 1555 2691 2239 2516 1467 3842 1695 2165 2995 1291 1292 2461 1723 205 835 365 2595 4344 5400 5400 4410 5023 4473 4356 3557 2620 4228 5400 4461 4776 4817 4640 4704 3500 2573 2540 1951 920 837 2634 3004 3055 3178
4969 3131 184 4803 4423 500 1772 2600 2386 2194 1021 653 3080 2295 2558 2056 2276 2503 1047 28 1140 1600 2403 4291 2794 4616 4747 2887 4828 5400 5238 5030 2133 3736 5240 4323 3889 4880 5250 3509 5081 4987 4437 4138 2743 4967 5054 4313 1789 4
2293 957 1632 4710 4721 561 367 79 54 735 3015 2488 986 3920 5347 4433 1455 1809 1409 635 1056 1520 3308 5344 4967 4674 4957 3419 3642 5339 4629 3921 4116 2922 4442 4385 4906 4134 5119 5229 5400 5400 3538 3082 2540 5089 5400 5400 4481 502
1453 517 3457 3932 1535 2004 903 1182 3688 3696 3893 1584 2042 2812 1380 1732 372 256 102 1920 612 2371 3690 4964 1978 2574 1153 4006 4333 5126 5388 2513 1634 1389 3209 2788 3778 4923 5400 3140 5022 4346 959 739 1284 3931 5400 4672 1280 2602
2436 1824 2484 1954 2152 4199 4778 5348 5363 4269 4304 213 328 260 318 540 768 278 670 1345 1118 1971 1314 556 134 173 755 4484 3432 2959 2238 1675 2061 4010 5122 5400 5044 5261 5125 5003 3442 5362 4773 2208 4378 5321 5400 4296 4050 4307
25 888 1772 2323 3373 2664 2331 4586 3169 1728 551 253 657 452 1356 538 1365 197 9 398 49 71 18 810 175 25 0 2038 2733 146 416 1353 3403 5341 4728 4975 4810 2474 3956 4278 4847 5400 5400 3866 5103 5400 5195 1963 3192 3296
2471 65 583 434 1886 1512 1161 852 1511 1668 2605 1375 3122 3563 4279 1572 1844 2905 1421 580 1896 167 133 846 2053 1836 669 460 63 1757 89 1808 4742 5253 5386 5357 4919 1648 128 939 1185 4517 4901 5400 5400 5388 3348 2323 1662 1390
2183 2 708 2803 3543 5190 3050 1649 3445 5312 5400 4998 5002 5297 5388 4883 4720 4326 5348 2008 1203 1124 2128 1912 3115 1424 1666 3895 4153 2289 60 295 2388 1262 3597 5386 3708 911 2860 1632 1097 1492 5067 4843 4402 5400 3953 5023 3971 697
919 161 0 637 1999 4911 3826 2560 1836 4882 5400 5351 5037 4119 3550 4523 4960 2323 917 755 1958 2823 3273 4053 780 1139 492 5256 5374 4395 1496 248 586 3585 5338 4902 2345 2820 2907 1789 954 823 4601 3230 4322 4950 3975 2678 167 21
196 433 1669 671 611 1339 2160 4951 1583 3092 5076 4598 3579 674 282 2935 5317 4208 2787 905 1795 767 1141 0 425 857 1527 4593 5400 5400 4000 2535 2447 4988 5400 5333 4210 2093 2269 5310 5083 1674 568 2061 5058 4765 2390 2477 1612 3111
641 3197 4149 904 347 2268 1502 1487 305 3810 2946 2165 1147 131 2144 5233 3916 2576 840 1404 4860 2106 1251 2432 4630 1392 77 2284 2829 3257 5053 1850 1537 3307 4088 3882 3420 3119 2671 4601 5400 5235 4840 4726 5236 5378 5012 2255 1949 2421
221 608 4399 2836 3634 1978 3071 756 1551 3760 719 259 1677 2502 4890 4008 465 1148 1708 2816 3524 3277 363 2807 5400 2695 1915 2236 3353 4522 1214 1429 2579 4285 4187 4305 4176 2311 1591 2968 5391 5400 3648 2038 5130 5400 5400 3390 1838 2547
384 471 2712 5052 3081 4283 1575 1974 3684 3278 3628 1682 197 1450 4661 2709 818 1488 2931 5320 5037 3983 1533 1081 2829 3762 1264 321 2475 5311 3100 4257 5400 5400 5388 4310 4457 4988 4515 4169 3115 4151 3922 4109 5400 5206 4202 5208 3291 2220
73 926 3523 3132 1043 1762 1803 1514 3865 3437 2570 1637 2980 4820 5398 5206 4053 2441 4456 5390 4656 3428 2942 969 1274 1843 506 0 2501 5106 3609 3607 5283 5014 5400 4118 4130 4712 5089 4519 4313 3907 4453 5369 5400 5325 4260 5313 5171 3631
1104 906 2354 3496 1471 2009 2091 1906 1589 3000 3427 5388 4737 3564 1263 1812 4035 5345 5400 5376 4816 4445 2402 1197 1505 3749 2187 2677 837 810 1569 2731 2929 3226 1795 187 5090 5400 4885 4815 4891 3705 3299 4212 5238 4803 5400 5366 4891 2130
3182 2058 2373 2392 1212 2096 1314 3822 3202 3790 3939 3439 1804 651 2 873 5342 2246 3389 3795 5400 5400 4136 25 838 1439 2316 4272 4049 3715 2137 4978 2429 1604 11 654 1372 3346 5352 5400 4221 4960 5371 4468 3833 246 4383 4342 3832 206
5070 3191 2373 1067 1504 1714 867 1346 4233 4390 2384 180 13 351 0 1025 4601 1801 1284 4837 5400 5234 2168 40 1752 1389 802 4348 5400 5307 3251 1970 1194 2412 1435 1027 2304 3534 5098 5323 4956 4710 4795 4879 4291 1341 3721 5378 4514 2691
5063 4469 2763 2488 2742 1058 345 1726 968 2628 1999 423 16 104 1106 4349 4302 2894 3490 5090 5247 2893 788 844 2239 607 2291 4769 4734 5376 5306 4082 103 1039 1023 1529 2535 3597 3695 1853 4615 4076 4643 4441 4376 5394 5400 5400 5360 2094
4470 4589 3195 1186 189 35 323 2602 1397 1226 791 409 108 317 1848 4167 3402 686 1480 4929 3655 1332 1948 1813 1461 267 281 1047 4602 4651 4401 2762 2864 3743 2619 3125 1443 3180 4385 3816 3007 2121 1941 2986 4578 4661 3475 5060 5364 4020
3487 3031 1326 138 174 1775 848 1384 2845 3325 2342 2656 1753 2437 3801 3493 4090 1757 4348 3986 2826 844 1625 338 2852 2572 79 235 2830 4261 4135 2913 2110 2504 2903 4831 3668 2386 3594 5167 5216 1464 760 110 3591 5372 5057 3671 4694 4552
1940 1995 651 3363 3621 4968 5043 4818 5316 5398 5351 3779 2189 3413 3105 4609 1997 334 3688 4942 3690 1216 1750 60 1 0 482 1921 26 3056 5183 5250 5126 3279 2285 3231 5273 4744 3862 1089 2477 2163 1807 1512 667 3791 4480 5394 5101 3963
570 1696 2997 5075 5400 4950 4311 2381 2595 4817 4690 3887 2744 2913 4943 3874 1563 1155 887 723 5129 2015 2 13 0 552 2118 5173 3332 3463 5400 5400 5097 3880 3191 4432 5346 3568 3560 1249 1844 3258 2053 3588 3981 4854 5122 5321 5119 3528
483 2871 3141 5010 5220 3535 2086 1246 1835 2116 1704 5291 3704 138 3648 2933 3307 2970 2423 165 3821 3392 304 231 1183 4035 2023 1459 3719 5364 5385 5335 5324 2324 5400 5386 5400 5118 5145 3364 2136 2488 3322 3942 5365 5384 5400 5400 5400 5220
802 1506 4610 5385 2948 1360 1868 933 682 3143 2433 5067 5348 3061 2653 4570 4396 3444 2912 2126 3653 4737 4145 1161 1920 1472 2778 2648 4227 3468 2738 4094 4247 2326 2315 2974 3590 4986 5400 5397 4811 5301 5306 5398 5159 4899 5390 5388 5400 5220
2298 4885 1907 989 2632 4312 5312 4549 3800 2643 3527 3542 4464 4498 248 3528 4713 1905 2030 1825 1367 889 5231 4394 3319 410 1620 2542 1692 1015 1385 2449 3709 3669 3662 1993 3145 1977 2836 4128 5291 5336 5276 2831 3975 2402 5398 5352 5398 5220
4340 5068 4303 4062 2496 1526 3914 4553 2703 4160 4956 5182 3827 4648 4208 2563 4021 5022 5338 2802 2832 3292 1891 4686 5179 678 108 150 458 921 2088 2364 2388 2643 1748 3213 2682 2847 2640 3923 4542 5361 4884 3719 4707 5164 5333 5193 3865 5220
5192 3909 2813 4093 5120 5125 2043 1991 4508 5048 5218 5356 4470 4179 5197 4049 3805 5396 5400 4592 3068 2816 384 2244 5224 2034 4167 1469 1405 359 720 1307 3516 3094 3888 2336 5026 5324 4068 4844 4914 4917 4092 5327 4660 4416 5335 4852 5197 5220
5193 4282 3889 3174 3846 4630 4411 2788 2321 2718 5400 5388 5170 5276 5345 5143 5107 5400 5179 4740 3284 2683 1426 1270 4083 3658 5201 5146 1241 4 107 318 751 1368 3067 3702 2520 3388 5263 3183 3468 3399 3314 5020 2494 2622 4746 3866 4651 3858
1987 4341 4312 2805 3724 4448 4230 3848 4664 3898 4535 2157 3907 5113 5220 5214 5220 5220 4985 4927 5141 2537 2160 1469 1534 754 4862 4723 2823 357 394 1401 1658 3888 3275 2360 4105 3546 3641 4008 2519 3393 3870 4093 3537 4327 3189 3312 1355 732
