data/outputs/Figueira/2015/resolution_1/CONT_TOTAL_1_10.asc
ncols         150
nrows         150
xllcorner     -8.238677953804
yllcorner      39.915521016488
cellsize       0.000089932160
NODATA_value  -9999
[rows 96 to 143 of 150, columns 0 to 95 of 150]
0 0 57 192 29 104 389 532 568 392 418 46 295 319 130 88 1 343 564 398 428 135 331 0 0 7 310 293 157 501 300 112 0 85 0 0 0 0 0 0 0 148 259 488 600 600 600 568 175 49 1 0 5 257 336 2 38 18 0 300 250 279 490 171 485 519 53 29 89 333 308 600 600 600 600 527 270 0 0 64 453 506 298 515 544 376 582 484 392 161 0 16 239 462 353 12
0 1 44 25 0 8 417 600 600 580 205 5 293 547 460 389 208 171 244 216 111 65 26 0 0 70 96 452 551 521 55 0 70 0 0 81 137 90 188 259 430 584 600 600 600 600 522 158 13 13 6 0 23 465 263 112 95 168 434 288 110 466 324 239 572 281 0 0 33 63 18 560 600 600 600 539 55 21 168 75 106 461 93 209 93 208 600 530 600 588 313 0 0 0 25 70
0 100 19 207 45 0 152 545 599 580 401 210 532 596 464 101 422 257 284 546 281 19 50 131 0 491 578 414 543 329 132 50 0 3 1 89 291 470 503 508 327 246 543 600 600 600 303 57 14 195 0 0 88 311 12 299 554 437 574 600 548 559 500 437 544 31 4 0 157 100 337 490 600 600 600 588 419 278 254 404 392 27 71 58 211 141 600 600 590 578 590 56 0 0 105 403
48 77 0 94 22 0 25 289 584 523 599 579 211 475 517 146 418 437 66 249 419 17 111 55 137 503 152 267 250 161 491 204 64 244 154 119 7 3 14 6 12 288 547 400 192 188 3 0 0 27 0 88 393 388 295 376 351 570 600 600 600 579 589 600 432 304 303 0 0 16 232 274 544 600 600 588 490 189 327 359 152 0 241 1 38 258 600 600 539 582 600 295 0 74 539 600
81 23 8 57 2 0 51 140 510 598 600 392 445 376 469 429 600 556 353 10 15 190 439 255 487 307 404 483 348 580 532 522 521 500 164 226 31 2 94 214 10 249 595 529 600 501 380 182 6 0 27 131 43 123 29 252 584 573 600 600 598 292 600 600 233 445 393 60 0 0 0 97 328 283 264 567 576 123 21 261 54 58 22 0 0 359 600 600 600 590 534 421 0 314 600 600
147 0 0 169 127 1 346 213 557 600 600 561 278 36 276 567 598 533 395 67 3 195 257 456 583 542 571 443 250 500 360 432 503 277 0 0 0 0 47 95 146 432 600 600 600 549 368 540 479 196 85 43 2 278 210 236 600 577 600 600 581 600 599 595 325 452 172 381 225 83 379 2 43 92 76 204 588 438 92 0 0 0 0 0 77 84 461 600 600 600 600 584 66 331 600 600
9 0 2 1 148 186 166 351 577 525 427 382 429 116 52 208 308 471 438 64 18 221 173 526 595 431 438 314 583 448 473 491 397 58 325 12 41 6 0 228 490 508 598 600 600 600 576 512 600 379 227 172 65 0 148 481 600 600 600 600 490 409 533 411 95 501 346 373 385 92 156 0 120 271 0 28 491 600 336 0 0 0 0 0 26 188 539 600 600 590 600 600 139 149 600 600
3 0 0 169 110 47 239 475 461 516 139 333 133 2 77 17 36 169 83 325 5 23 57 358 365 504 546 419 366 282 279 267 115 0 110 203 313 456 452 595 600 600 600 600 600 600 600 600 544 434 527 234 91 187 333 546 600 600 600 590 568 569 578 496 429 328 210 405 242 41 120 29 290 360 0 157 62 121 27 0 0 0 0 0 0 460 559 509 528 554 588 563 53 116 600 600
59 0 0 226 36 6 216 541 500 421 336 55 20 19 197 278 89 189 351 467 55 17 77 63 30 394 564 506 225 296 430 48 73 468 337 125 513 600 600 600 600 600 600 600 600 600 544 575 365 505 475 562 579 554 600 549 600 600 600 600 590 481 439 194 507 469 75 464 444 516 0 17 8 224 2 16 0 369 54 89 2 0 0 0 2 167 561 579 558 589 529 537 1 16 351 576
115 353 97 219 110 68 377 515 315 296 344 70 12 69 65 132 456 343 377 478 79 0 243 549 52 20 255 472 297 151 27 0 294 600 600 600 600 600 600 600 600 600 397 286 340 399 599 266 417 509 518 582 599 600 600 600 600 600 600 600 598 461 165 61 358 447 157 301 382 468 4 202 359 7 132 366 470 484 31 189 448 227 7 0 0 16 455 174 81 325 380 162 24 0 109 357
52 177 0 113 106 25 9 272 191 441 212 359 47 56 175 26 24 54 143 206 47 281 207 406 247 160 198 351 488 165 304 508 525 590 598 600 600 600 522 314 475 408 208 2 12 11 100 332 276 251 600 587 600 600 600 600 600 588 600 600 600 600 592 596 598 586 350 66 217 397 0 107 183 18 381 552 600 593 316 17 506 600 138 43 0 6 34 5 0 2 36 178 2 290 554 201
2 157 152 203 64 0 1 165 510 600 600 576 272 367 410 291 311 374 444 194 125 89 69 63 135 160 364 464 242 370 570 600 600 600 600 600 600 395 220 0 346 222 15 0 5 3 4 101 442 446 578 600 578 600 600 600 600 588 600 600 600 600 600 600 600 600 600 330 0 0 0 19 117 158 152 166 289 231 0 191 492 553 512 598 318 10 0 0 11 213 551 218 20 442 541 239
20 276 130 456 109 10 105 160 33 196 571 419 114 7 237 341 332 540 463 104 182 265 211 265 128 125 298 455 581 484 405 314 595 600 588 600 472 342 126 17 280 98 2 0 0 0 2 269 542 600 600 488 280 388 336 469 600 567 600 600 600 600 600 600 600 600 588 539 37 0 0 0 260 355 114 6 0 0 67 414 511 305 266 390 600 247 0 3 34 572 512 0 158 546 598 349
509 398 215 133 115 398 554 461 76 20 75 44 0 20 235 238 15 107 100 199 17 441 600 600 545 385 388 78 395 578 579 412 580 404 506 494 313 6 0 7 76 26 0 0 0 0 0 226 600 600 600 460 51 17 178 491 600 299 237 187 600 600 600 600 600 600 600 600 285 0 0 0 0 12 0 153 225 109 160 110 410 443 493 578 600 572 232 306 413 589 492 0 192 600 600 588
540 600 495 58 210 572 571 364 51 262 422 385 133 312 156 236 212 77 219 32 1 289 552 600 600 558 177 427 416 379 519 341 196 30 2 216 61 225 260 27 122 0 0 0 0 0 0 377 600 600 600 431 131 3 86 314 316 370 403 534 600 600 600 600 600 600 600 600 288 2 23 0 0 0 97 352 510 85 54 68 525 599 600 600 600 600 600 600 600 600 267 0 517 600 600 497
540 600 474 301 244 365 578 279 40 252 145 218 172 260 204 428 442 480 147 39 95 19 260 600 600 532 394 123 296 449 414 100 0 0 13 12 4 0 0 0 0 0 0 0 0 0 0 334 600 595 493 291 351 220 22 1 0 318 600 600 600 600 600 600 600 560 534 592 35 30 0 0 1 170 460 448 346 74 98 159 437 567 557 600 600 600 600 507 600 600 229 0 391 477 448 228
540 600 590 410 262 358 530 298 308 109 209 135 203 245 130 134 15 107 45 161 171 52 13 237 587 570 408 536 588 600 571 233 4 11 2 7 8 0 0 0 8 172 0 0 0 0 3 171 600 598 114 27 4 72 323 20 2 348 600 600 600 600 600 600 600 568 377 219 0 0 0 0 49 520 196 200 12 0 1 2 107 195 509 600 600 600 600 600 600 600 525 419 32 0 254 378
526 600 600 550 379 323 145 195 2 0 0 0 194 91 7 0 0 110 56 42 113 145 2 20 132 508 504 600 600 600 600 457 6 41 67 28 2 0 0 0 11 162 0 0 0 0 70 448 600 528 475 455 217 166 252 273 392 584 588 600 600 600 600 576 535 596 409 2 1 10 0 0 92 219 46 247 63 0 0 0 0 155 565 600 600 600 600 600 600 600 600 600 456 121 43 22
530 578 528 587 485 376 199 160 320 302 220 288 199 308 149 97 67 102 50 0 3 15 274 216 114 0 200 502 600 598 556 401 53 4 44 218 0 0 0 0 0 0 0 29 243 451 400 428 498 370 360 504 569 254 303 480 564 590 408 540 545 600 600 539 467 158 9 4 31 10 1 104 251 156 118 100 261 0 0 69 271 499 560 582 600 600 600 600 600 600 600 600 600 600 502 227
540 600 600 564 479 567 511 228 441 402 366 384 431 399 359 415 134 92 16 65 184 276 135 112 26 99 121 69 269 461 114 178 246 131 1 7 0 0 0 2 1 0 3 35 231 535 600 182 458 371 546 502 347 142 534 530 469 600 598 600 556 600 586 475 382 223 115 263 13 19 6 261 516 326 276 121 3 98 287 456 535 536 596 563 600 562 588 590 600 600 600 600 576 566 485 271
540 588 559 588 501 325 240 308 358 245 199 83 314 245 341 88 65 1 0 6 22 311 203 185 80 52 278 0 43 86 205 247 0 0 18 1 15 2 0 61 27 13 23 201 344 600 600 554 553 586 561 351 41 186 180 105 327 556 600 598 566 600 594 282 144 226 222 132 1 20 199 225 313 184 101 22 3 0 79 323 273 304 583 549 376 256 553 586 600 600 600 540 590 578 600 254
446 541 542 496 429 533 466 290 95 55 251 350 75 27 2 4 18 7 0 66 71 416 575 335 110 17 55 40 53 121 121 106 34 6 4 0 9 0 0 43 0 4 19 272 577 600 586 600 557 600 574 81 0 187 52 173 419 564 600 600 600 600 518 361 464 176 342 35 10 211 300 26 221 36 8 2 0 4 25 94 75 203 351 67 397 529 573 581 600 600 562 576 547 343 523 188
468 540 424 573 476 394 119 507 286 149 57 75 78 5 0 1 5 0 4 31 5 148 163 57 359 132 269 298 216 61 79 39 72 21 0 0 12 0 0 0 0 2 0 157 376 319 205 300 388 480 236 11 34 0 7 220 516 600 600 600 600 456 52 23 87 223 409 95 247 525 130 10 25 105 38 0 0 7 57 0 4 139 13 0 320 588 486 411 537 557 600 586 211 522 407 82
495 494 521 525 581 583 549 446 439 201 18 31 1 2 0 0 1 0 20 121 7 351 434 125 85 87 284 117 241 80 32 95 215 175 153 50 4 61 24 169 11 89 89 85 274 444 572 542 302 91 176 152 223 0 0 0 94 408 501 457 311 412 108 0 0 0 4 235 572 430 140 43 229 305 496 211 3 40 0 4 23 0 2 273 524 588 598 435 513 419 554 490 276 362 327 10
486 463 266 180 498 580 546 455 12 13 9 25 62 10 0 12 7 7 9 0 5 146 342 108 215 98 142 132 262 24 3 180 145 228 365 30 35 38 71 34 2 87 271 481 332 581 286 459 529 404 389 202 185 74 185 436 325 308 212 49 569 600 490 267 50 12 118 411 348 225 35 8 354 493 542 596 522 236 79 0 0 0 0 205 403 521 577 598 446 438 339 282 91 113 83 143
457 412 172 490 287 186 299 15 0 0 9 33 2 0 19 213 115 11 108 20 48 88 38 75 150 324 163 531 412 335 354 68 101 324 372 115 326 278 172 148 232 518 511 304 574 416 116 526 504 545 445 348 147 183 510 552 546 600 600 530 197 435 306 282 15 192 484 151 48 25 0 3 124 577 543 489 510 177 0 0 0 0 0 20 198 530 285 366 547 476 492 598 547 537 361 170
243 426 563 512 233 67 0 0 0 0 28 23 0 0 81 527 518 367 173 151 336 223 65 301 570 588 598 587 531 513 600 557 334 341 480 404 370 124 340 497 378 543 546 288 496 243 327 540 360 476 438 241 161 218 596 600 600 600 600 487 220 3 8 10 8 10 31 15 21 7 6 30 0 147 74 3 41 0 0 0 0 0 0 11 258 61 0 297 530 566 598 600 589 578 511 417
405 397 424 528 323 278 2 0 0 94 189 125 110 133 166 555 600 554 413 442 595 558 398 290 590 600 600 600 600 598 600 600 551 292 533 558 233 187 190 303 297 596 374 150 261 381 600 509 279 406 326 13 49 198 600 600 600 600 600 563 525 371 2 6 50 359 173 86 5 4 12 30 1 0 0 0 0 0 0 0 0 0 0 0 26 0 0 141 396 520 554 600 589 600 596 534
177 77 173 449 44 15 18 1 1 162 446 600 600 566 447 326 600 600 600 600 600 600 600 590 599 600 564 600 600 600 600 600 600 584 484 510 73 426 192 293 521 586 407 111 316 569 564 417 247 372 0 0 0 66 202 530 600 600 600 600 598 517 107 2 95 302 368 279 188 5 7 0 0 0 0 0 0 0 0 0 3 213 307 110 0 0 0 72 441 600 600 457 586 556 588 588
18 76 196 122 102 135 101 396 134 560 600 588 555 448 598 533 600 600 600 600 594 600 594 588 598 578 588 600 600 600 600 600 600 565 149 106 192 529 170 244 234 341 464 455 570 535 504 532 368 0 0 0 0 10 84 120 353 336 444 600 600 537 435 187 29 187 208 324 121 4 0 0 0 0 0 0 0 0 0 38 441 600 598 94 0 0 0 17 365 506 598 600 600 600 600 588
25 317 205 2 62 205 47 296 527 462 600 600 600 600 600 600 600 590 598 492 521 567 493 458 364 407 447 479 580 600 600 600 592 582 370 377 336 244 157 393 340 523 505 598 485 491 487 441 310 0 0 0 10 95 92 243 34 0 26 429 600 600 600 384 48 210 2 0 0 0 0 0 0 0 0 0 0 0 0 121 590 588 600 423 201 2 0 0 325 529 600 600 600 600 600 600
0 16 7 151 367 294 191 497 575 600 566 512 600 600 600 600 579 368 395 594 569 436 265 157 213 533 264 508 573 525 581 600 599 483 239 385 418 113 397 336 305 509 600 539 451 355 492 289 35 40 17 44 78 95 109 0 8 2 0 263 589 600 586 582 104 40 0 0 0 0 0 0 0 0 0 0 0 108 205 91 245 600 600 600 596 414 320 139 324 520 600 600 600 600 600 600
0 0 0 202 198 217 136 133 598 567 597 573 600 600 600 600 588 426 280 527 337 4 0 1 1 124 243 430 587 536 358 378 384 372 600 481 338 444 298 40 44 426 590 590 586 544 387 389 519 493 149 58 244 533 195 208 0 0 1 3 383 592 580 355 279 15 0 0 0 6 7 0 0 0 0 10 54 381 369 305 193 566 597 600 600 600 600 594 482 552 600 600 600 600 600 600
2 13 74 21 149 316 119 362 568 505 584 600 600 600 600 600 412 361 9 201 357 9 3 0 189 3 0 61 350 347 133 51 93 546 545 600 588 273 120 2 72 30 449 590 535 497 382 259 289 249 297 465 196 274 456 288 30 18 18 1 71 599 600 599 321 177 0 0 0 3 21 6 0 0 8 322 576 598 573 341 249 158 192 348 556 600 600 600 600 600 600 600 600 600 600 600
0 12 316 301 116 503 483 93 362 474 600 600 600 600 561 577 391 286 390 335 211 60 186 68 294 180 317 113 67 252 328 162 282 600 600 600 600 308 146 14 0 0 82 561 500 575 465 160 173 402 513 381 453 399 422 255 33 64 51 0 81 562 600 600 440 175 39 0 0 0 0 3 36 42 263 468 330 464 451 265 3 142 423 147 43 209 589 600 600 600 600 600 600 600 600 600
0 0 68 478 438 550 579 253 323 448 600 600 600 600 459 249 336 325 218 325 42 137 404 382 305 336 213 47 437 444 132 79 446 600 600 600 600 600 469 0 0 21 83 407 442 235 205 158 417 407 562 324 251 231 401 481 59 11 0 3 112 596 600 600 363 119 216 37 13 0 7 192 348 139 348 484 343 452 131 12 0 25 7 18 96 446 581 600 598 566 585 600 600 563 573 600
0 0 0 12 359 600 600 590 600 600 600 600 598 600 476 65 4 187 359 139 355 191 5 22 23 8 30 109 582 511 471 317 599 584 600 600 600 600 600 389 283 257 158 192 594 596 410 470 548 296 353 221 407 316 266 463 388 38 4 235 128 225 596 600 587 391 403 391 434 3 0 5 204 249 69 472 176 64 0 0 0 0 0 0 141 599 600 600 580 457 335 548 596 520 598 600
35 124 0 19 141 253 567 600 600 600 600 600 534 169 160 225 0 64 56 19 249 304 51 82 0 6 76 167 535 553 391 276 210 586 600 600 600 600 600 564 177 84 28 411 513 507 588 529 587 586 394 340 575 338 448 419 279 76 82 585 597 580 600 600 600 567 429 432 514 179 154 314 296 83 72 236 35 143 286 407 304 184 374 291 261 429 573 533 487 36 300 272 412 482 478 448
82 177 386 123 0 0 77 376 600 600 600 585 295 0 118 440 335 41 136 340 218 110 108 63 10 183 348 103 283 302 70 17 84 415 508 576 600 600 548 598 593 117 90 258 411 434 487 551 489 600 544 305 440 503 416 151 85 268 532 308 278 318 332 379 414 600 600 600 344 234 53 219 292 413 244 20 0 328 582 600 600 600 600 600 592 527 507 320 450 8 30 81 167 427 323 219
171 190 398 579 431 276 1 15 218 225 368 251 531 283 372 260 394 453 512 600 600 566 196 326 218 428 440 321 259 504 147 247 214 212 95 461 572 600 600 600 600 104 0 0 119 283 177 596 563 458 392 418 158 252 131 195 357 389 212 311 89 123 136 194 112 214 551 600 600 411 225 165 290 265 147 33 6 183 374 520 427 600 600 569 468 382 236 103 64 159 90 347 235 439 352 181
22 115 553 600 600 600 311 12 11 0 0 53 259 495 439 500 535 600 600 600 600 561 533 597 465 542 582 393 220 63 172 600 600 556 264 263 142 546 600 600 600 283 2 0 0 241 566 588 600 565 566 165 36 15 11 9 41 13 80 231 283 45 99 0 0 278 600 600 600 600 596 598 546 481 196 43 4 32 113 50 82 302 139 48 31 117 163 231 50 3 93 107 92 276 287 237
32 218 600 600 600 600 492 499 350 94 0 0 0 14 241 404 567 600 600 600 600 588 588 597 441 170 516 557 254 74 348 600 600 600 600 492 296 546 564 580 600 532 19 16 94 440 187 451 600 537 433 339 269 255 320 512 456 276 133 182 326 65 204 92 0 0 481 600 600 600 600 600 600 584 213 0 44 66 0 9 47 140 132 13 107 60 129 100 156 151 158 62 204 8 355 316
117 390 569 600 600 600 598 569 359 320 190 279 75 0 0 125 408 600 598 598 528 562 548 509 121 34 435 556 425 249 470 600 600 600 600 513 443 565 427 521 530 512 310 437 579 474 253 340 488 430 530 598 597 570 598 600 576 402 370 194 259 338 284 534 339 12 197 571 600 600 600 600 600 599 381 21 1 5 0 0 0 0 0 0 31 100 103 170 183 217 369 360 450 199 428 172
340 600 600 600 600 554 547 548 569 585 468 468 538 137 46 0 0 216 551 513 491 596 569 455 171 311 586 600 579 184 460 600 600 600 588 541 125 544 472 455 596 474 554 458 373 336 151 131 404 590 504 575 594 598 600 600 600 532 256 274 225 257 394 331 559 172 11 208 237 481 588 600 600 600 600 360 11 43 6 0 0 0 0 0 0 0 0 0 0 0 100 0 376 165 127 238
525 600 600 419 600 495 441 178 496 598 556 600 600 587 515 117 62 0 54 184 398 590 404 322 183 329 534 600 600 369 426 600 600 600 600 541 517 348 389 362 600 600 598 490 411 190 362 328 177 388 513 355 547 590 566 600 598 459 114 201 334 366 378 408 564 376 50 14 6 184 434 600 600 600 600 229 4 7 25 75 2 133 0 17 0 68 157 8 172 173 60 153 221 552 324 161
540 600 592 539 569 394 352 445 247 369 392 583 600 600 600 596 541 388 19 0 29 393 543 561 494 562 600 600 600 365 497 561 598 600 600 600 381 439 384 227 391 570 600 600 600 506 290 368 428 377 461 598 600 600 600 600 600 553 494 453 542 405 118 188 277 241 5 15 36 150 349 543 600 600 600 239 5 0 53 420 184 0 27 252 184 10 19 16 194 101 271 56 67 122 342 308
540 600 598 502 466 372 313 312 281 380 510 533 588 600 600 600 600 600 449 142 0 0 28 351 584 600 600 600 600 539 581 581 600 588 600 600 535 422 510 400 476 515 512 597 600 600 518 395 492 290 355 598 600 600 600 600 600 588 576 315 445 192 291 470 476 331 10 4 72 125 187 427 549 600 600 393 12 156 532 600 600 243 0 35 320 437 51 0 0 48 111 126 18 17 44 261
540 600 583 343 358 367 270 310 285 506 382 440 456 564 513 600 600 600 600 550 257 113 0 4 97 382 591 600 600 544 600 600 600 568 600 600 600 600 600 478 536 589 524 566 600 600 568 205 369 465 571 600 600 600 600 600 600 567 499 550 514 476 86 28 307 500 89 98 56 87 50 328 475 600 600 497 207 526 580 600 600 596 316 0 34 240 112 0 0 1 0 64 9 0 81 133
