data/outputs/Figueira/2015/resolution_1/CONT_TOTAL_1_5.asc
ncols         300
nrows         300
xllcorner     -8.238677953804
yllcorner      39.915521016488
cellsize       0.000044966080
NODATA_value  -9999
[rows 0 to 52 of 300, columns 192 to 287 of 300]
15 0 1 0 0 0 0 0 20 118 120 116 111 120 120 120 120 120 116 12 0 0 0 0 0 0 0 0 0 0 0 0 0 0 0 0 0 0 0 6 63 77 55 111 120 120 120 120 120 120 120 120 68 6 116 120 120 120 120 120 120 120 44 0 0 0 3 0 0 0 0 3 3 4 5 0 0 0 0 10 63 105 86 120 72 89 120 120 59 112 77 11 43 64 120 120
2 0 0 0 41 31 7 0 60 150 150 73 144 150 150 150 150 150 150 69 0 0 0 0 0 0 0 0 0 0 0 0 0 0 0 0 0 0 0 2 33 92 6 3 107 150 150 150 150 150 150 150 102 19 150 150 150 150 150 150 150 150 131 96 17 0 0 0 0 0 0 0 0 2 0 0 0 16 0 17 105 150 150 150 134 148 150 150 150 116 21 45 147 144 100 130
142 140 131 111 147 150 137 83 96 150 149 144 150 150 150 150 150 146 150 59 0 0 0 0 0 0 0 0 0 0 0 0 0 0 0 0 0 0 0 0 0 2 0 0 8 49 116 150 150 150 123 150 139 16 82 150 97 92 150 150 150 150 150 150 145 39 0 0 0 0 0 0 0 0 0 0 6 81 0 0 6 49 145 150 142 149 150 89 83 84 0 70 150 115 15 87
149 150 150 150 150 150 150 150 150 150 140 122 150 150 150 150 121 23 28 51 0 0 0 0 0 0 0 0 0 0 0 0 0 0 0 0 0 0 0 0 0 0 0 0 0 0 8 60 128 150 117 148 150 54 19 150 133 105 93 150 150 150 150 150 88 14 17 1 0 0 2 4 0 0 0 0 0 9 2 0 0 18 36 133 150 150 150 80 0 0 6 142 118 54 22 7
46 150 122 126 113 144 133 142 150 150 150 150 150 150 150 150 141 115 141 121 0 0 0 0 0 0 0 0 0 0 0 0 0 0 0 0 0 0 0 0 0 0 0 0 0 0 0 0 3 128 150 150 150 26 2 141 130 148 146 150 150 150 142 143 100 131 84 59 43 0 0 0 6 0 19 1 0 1 7 0 58 67 9 108 150 150 150 131 79 67 121 104 100 20 9 0
131 150 117 133 117 104 74 149 130 145 150 150 119 84 103 150 150 150 150 133 0 0 0 0 0 0 0 0 0 0 0 0 0 0 0 0 0 0 0 0 0 0 0 0 25 20 9 56 96 124 150 150 150 77 0 89 148 150 150 150 116 64 3 15 103 145 54 12 0 10 10 0 0 1 13 1 0 0 0 14 93 34 123 150 150 150 150 150 150 150 150 144 39 2 0 21
150 150 148 148 150 150 132 109 105 128 150 128 98 0 6 77 30 77 81 139 23 0 0 0 0 0 0 0 0 0 0 0 0 0 0 0 0 0 0 0 0 0 0 4 110 135 142 150 150 148 150 150 150 148 81 14 120 148 137 110 113 146 90 96 145 116 20 6 0 71 47 0 14 0 0 0 0 0 0 0 17 61 124 150 150 150 150 150 150 150 150 149 104 13 0 20
129 145 111 129 140 148 121 143 139 83 148 140 107 13 27 73 41 96 96 139 44 0 0 0 0 0 0 0 0 0 0 0 0 0 0 0 0 0 0 0 0 0 26 105 150 139 131 150 150 150 150 150 76 146 150 77 0 63 100 73 143 150 150 150 150 146 58 46 10 2 7 0 0 36 26 14 5 0 0 0 0 0 4 100 129 150 150 150 150 150 148 140 110 76 56 102
3 11 7 37 59 97 97 141 105 113 119 116 40 15 6 47 102 150 150 138 35 0 0 0 0 0 0 0 0 0 0 0 0 0 0 0 0 0 0 0 0 28 138 150 80 49 141 150 150 150 147 132 148 150 150 131 16 0 21 146 150 150 150 134 147 150 150 150 64 4 0 0 0 3 16 0 10 0 0 0 0 0 0 27 123 130 148 150 150 150 150 150 150 150 150 91
0 0 0 0 0 0 0 0 29 23 78 20 25 0 8 0 15 58 118 135 9 0 0 0 0 0 0 0 0 0 0 0 0 0 0 0 0 0 0 0 37 138 150 108 0 36 150 150 150 150 140 119 150 145 120 114 18 0 41 147 150 150 150 149 150 150 150 150 150 108 19 2 0 0 0 0 26 48 23 0 0 0 0 0 35 145 150 150 150 150 150 150 150 150 150 122
0 0 0 0 0 0 0 0 61 81 127 15 0 0 0 0 0 0 7 7 0 0 0 0 0 0 0 0 0 0 0 0 0 0 0 0 0 0 0 9 125 150 138 121 115 146 150 150 150 150 150 138 100 19 1 0 0 0 2 29 145 150 150 150 150 150 150 150 150 150 133 102 25 0 3 44 77 45 3 0 15 0 0 11 3 44 136 150 150 150 150 150 150 113 131 117
0 0 0 0 0 0 0 0 62 150 66 0 0 0 0 0 0 0 0 0 0 0 0 0 0 0 0 0 0 0 0 0 0 0 0 0 0 0 3 37 147 150 150 150 150 150 150 150 150 150 150 150 137 63 11 14 0 0 0 0 64 141 150 150 150 150 150 150 150 150 150 132 148 114 23 136 150 110 12 5 93 43 72 101 47 6 12 85 143 150 138 150 150 30 26 72
0 0 0 0 0 47 127 94 125 148 23 0 0 0 0 0 0 0 0 0 0 0 0 0 0 0 0 0 0 0 0 0 0 0 0 0 0 0 85 150 148 91 36 44 85 150 150 150 150 150 150 150 123 149 147 136 16 10 0 0 0 2 112 124 126 150 150 150 150 150 150 134 150 150 113 150 150 144 121 25 5 0 12 19 144 120 32 0 23 138 150 150 108 51 131 150
0 0 0 0 0 102 148 90 148 95 0 0 0 0 0 0 0 0 0 0 0 0 0 0 0 0 0 0 0 0 0 0 0 0 0 0 12 103 119 73 36 0 0 17 96 150 150 150 143 150 150 150 91 149 150 150 143 93 16 35 0 0 0 0 82 122 150 150 150 150 150 150 150 150 150 150 129 11 36 33 0 0 0 3 108 150 148 19 0 32 124 150 31 3 11 124
0 0 0 0 34 150 150 150 111 81 2 0 0 0 0 0 0 0 0 0 0 0 0 0 0 0 0 0 0 0 0 0 0 0 0 64 145 124 13 0 0 0 7 85 150 150 139 137 31 60 55 103 150 150 150 149 148 85 97 148 26 2 0 0 32 60 114 141 150 150 150 150 150 150 150 150 139 85 52 0 17 10 0 0 36 146 97 3 0 0 7 19 0 0 0 25
9 0 0 0 89 150 150 130 63 116 115 48 6 43 78 66 84 77 72 91 97 72 7 24 7 7 5 0 16 73 38 0 0 0 0 105 120 27 0 0 0 70 117 150 150 150 150 116 0 0 0 8 65 109 126 142 149 138 103 126 59 113 131 54 2 0 7 83 126 139 150 150 150 150 146 150 150 150 150 109 90 18 0 0 37 31 18 0 17 105 20 0 0 0 8 135
38 4 87 80 131 148 133 150 38 142 125 58 51 120 120 141 150 150 150 150 150 150 101 105 116 72 129 94 136 149 43 48 85 33 9 3 12 0 0 0 27 103 109 107 139 80 104 148 82 21 0 0 0 0 69 150 150 109 109 115 105 142 150 133 142 107 27 0 0 28 84 127 150 150 123 150 150 150 150 150 150 117 74 0 7 18 61 16 47 96 11 0 0 31 66 52
141 114 148 150 150 146 119 150 122 136 40 0 32 64 12 77 102 111 150 150 150 150 150 150 145 79 121 121 150 150 29 43 69 6 0 26 27 33 6 0 0 0 9 8 35 3 7 117 136 131 37 0 0 0 7 25 31 25 75 150 150 147 77 26 139 115 113 0 0 0 0 2 70 102 146 150 150 150 150 150 150 150 150 95 51 117 150 136 75 0 0 23 111 138 129 133
150 150 150 150 150 150 150 150 150 132 148 84 7 58 33 0 6 79 109 110 121 90 147 150 150 138 128 147 150 150 139 65 0 0 7 111 72 2 0 0 1 11 0 0 0 0 2 32 3 120 148 40 37 7 0 0 0 0 107 146 116 30 38 83 72 0 0 0 0 0 0 0 0 0 11 68 150 150 150 150 150 150 150 150 150 150 150 150 122 89 92 145 150 150 150 150
124 150 150 150 150 150 150 150 150 146 150 146 144 149 79 5 6 0 0 0 0 2 29 80 110 59 39 24 56 138 150 136 70 8 2 0 92 88 27 0 0 0 0 0 0 5 2 0 0 54 150 93 150 136 17 0 0 0 15 46 112 31 16 108 53 0 0 0 0 0 0 0 0 0 0 17 55 108 148 150 150 150 150 150 150 150 150 149 91 148 150 150 150 150 150 150
26 105 150 150 136 127 150 150 150 150 150 150 150 150 150 143 122 79 32 3 0 0 0 0 7 3 66 83 47 69 148 150 150 76 2 4 0 24 111 70 3 0 2 0 0 0 0 0 0 1 48 84 39 135 137 23 0 0 10 0 45 113 48 144 81 0 0 0 0 0 0 0 0 0 0 0 0 0 28 135 117 150 150 150 150 150 150 150 150 150 150 150 150 150 150 150
144 144 114 69 112 109 102 150 93 111 148 150 150 150 150 150 150 150 150 117 89 48 35 2 0 8 7 63 99 114 150 117 41 16 93 131 4 43 145 149 78 21 18 0 0 0 0 0 0 2 3 0 5 13 45 39 9 83 32 0 0 12 43 130 148 26 0 0 0 0 0 0 0 0 0 0 0 0 0 7 89 150 150 148 150 150 150 150 150 150 150 150 150 150 150 150
150 150 150 149 150 150 150 150 112 117 85 34 130 150 150 150 150 150 150 150 150 150 150 142 141 146 128 141 119 90 138 133 0 0 32 56 2 0 28 139 75 12 23 0 0 0 0 0 0 0 0 12 0 2 65 56 7 126 106 24 15 96 48 29 88 20 48 107 44 6 0 2 0 0 0 0 0 0 0 0 62 61 48 34 148 150 150 150 150 150 150 150 150 150 150 150
150 150 150 150 150 150 150 150 150 150 150 139 84 42 95 127 129 148 98 72 131 150 150 150 150 150 150 138 133 138 140 150 40 6 84 134 36 0 2 15 9 0 0 0 0 0 0 0 0 0 0 32 0 9 100 8 7 46 15 54 87 95 138 125 130 59 77 90 22 31 119 135 71 15 3 0 5 0 0 0 80 86 12 60 150 150 150 150 150 150 150 150 150 150 150 150
150 150 150 150 150 150 150 150 150 150 150 150 131 41 0 16 74 87 106 31 10 29 126 150 150 150 150 150 150 148 150 150 115 25 45 97 35 0 0 0 0 0 0 22 0 0 0 0 3 0 2 7 0 0 0 0 3 20 44 49 120 150 130 148 150 147 62 45 68 149 150 150 150 148 117 126 110 13 0 0 2 4 65 105 150 150 150 150 150 150 150 150 150 150 150 150
150 150 150 150 150 150 150 150 150 150 150 150 150 150 132 110 86 0 28 71 104 119 146 150 150 150 149 134 150 150 150 150 150 150 137 48 3 0 0 13 20 0 0 0 0 0 30 29 14 88 59 36 21 72 0 2 0 1 60 106 126 150 150 150 150 150 150 150 137 150 150 150 150 150 150 150 148 143 28 0 20 111 150 150 150 150 150 150 150 150 150 150 150 150 150 150
139 142 150 150 150 150 150 150 150 150 150 150 150 150 150 150 145 54 0 0 23 121 150 150 138 131 115 147 150 150 150 150 138 147 150 150 60 3 0 109 137 4 0 0 5 0 24 99 97 148 82 24 141 110 75 133 107 82 146 123 134 147 133 146 150 150 150 150 150 150 150 150 140 148 150 150 150 150 91 93 128 150 150 150 150 150 150 150 150 150 150 150 150 150 150 149
148 121 70 150 150 150 150 150 150 150 150 150 150 150 150 150 150 150 118 52 0 3 32 90 150 141 115 150 150 150 150 148 109 120 113 128 104 56 40 90 101 15 0 59 98 62 81 117 150 150 144 144 150 150 150 150 150 150 150 150 150 118 106 75 150 150 150 150 150 150 150 150 150 150 150 150 150 136 40 13 124 140 144 141 148 148 134 110 114 126 127 114 120 111 110 108
150 150 119 127 150 150 150 150 150 150 150 150 150 150 150 150 150 150 150 148 121 44 0 0 68 144 126 150 150 150 147 150 136 84 150 150 150 150 148 19 0 8 111 92 102 133 150 146 110 148 108 126 150 150 150 150 119 150 150 150 95 122 150 150 150 150 150 150 150 150 150 150 150 150 150 150 150 140 112 66 54 44 67 81 137 70 8 59 79 29 58 3 0 0 0 0
150 150 150 150 150 150 150 150 150 150 150 150 150 150 150 150 150 150 150 150 150 140 70 24 0 17 94 120 150 150 122 149 137 122 150 150 150 150 126 3 0 37 136 118 135 138 123 69 59 150 138 148 150 150 150 150 132 140 148 150 142 126 150 150 150 138 150 150 150 150 150 150 150 150 150 150 150 150 150 150 150 150 150 150 150 150 64 42 112 114 72 3 0 0 0 0
150 150 150 150 150 150 150 150 150 150 150 150 150 150 150 150 150 150 150 144 150 150 150 148 83 3 0 15 148 150 150 150 150 150 150 150 146 51 20 19 8 48 113 35 102 131 36 86 135 148 114 150 150 150 150 150 150 150 150 150 150 150 150 150 150 150 150 150 150 150 150 150 150 150 150 150 150 150 150 150 150 150 127 65 98 147 63 0 0 3 18 31 0 0 0 0
150 150 150 150 150 150 150 150 150 150 150 150 150 150 150 150 150 149 64 23 136 150 150 150 122 74 69 8 30 96 111 145 150 150 150 150 148 65 14 91 29 89 150 82 79 148 124 60 117 148 106 150 150 150 150 150 150 150 150 150 150 150 150 150 150 150 150 150 150 150 150 150 150 150 150 150 150 150 150 150 76 107 4 0 89 111 103 13 0 0 0 0 0 0 0 0
150 150 125 141 150 150 150 150 150 150 150 150 150 150 150 150 150 148 60 80 149 150 110 70 49 146 150 136 27 0 0 29 133 138 150 150 150 150 121 108 113 126 150 150 149 142 125 33 2 42 72 150 150 92 141 150 150 150 150 150 150 150 150 150 150 150 150 150 150 150 150 150 150 150 150 150 150 150 150 149 33 2 0 3 122 149 63 3 0 0 0 0 0 0 0 0
150 150 105 116 150 150 150 150 150 150 150 150 150 150 150 150 150 150 95 140 150 150 97 74 146 150 150 150 105 51 51 0 4 46 96 145 150 144 111 150 150 91 150 146 46 72 94 9 6 86 112 150 150 148 146 134 141 150 150 150 150 150 150 150 150 150 150 150 150 150 150 150 150 150 150 150 150 150 150 150 104 0 4 11 0 22 3 4 0 0 0 0 0 0 0 2
150 150 150 150 150 150 150 150 150 150 150 150 150 150 150 150 150 148 112 115 135 150 150 150 142 149 150 150 150 150 150 116 78 37 7 22 57 8 29 139 150 146 150 140 0 0 1 10 29 144 63 98 122 46 125 102 139 102 140 145 150 150 150 150 150 150 150 150 150 150 150 150 150 150 150 150 150 150 150 150 140 18 22 5 0 0 2 84 40 0 0 0 0 0 0 0
101 148 150 150 150 150 150 150 150 150 150 150 150 150 150 150 150 150 149 116 106 116 148 150 149 150 150 150 150 150 150 150 150 150 113 26 72 82 42 0 44 90 49 23 0 0 0 6 121 106 87 96 141 143 150 149 68 54 90 30 134 150 150 150 150 150 150 150 150 150 150 150 150 150 150 150 150 150 150 150 150 49 0 0 0 0 0 112 69 0 0 0 0 0 0 0
72 141 150 150 150 150 150 150 150 150 150 150 150 150 150 150 150 150 150 117 149 150 140 150 150 150 130 150 150 150 150 150 150 150 150 150 150 150 109 8 78 66 0 0 0 0 0 4 86 134 30 5 77 78 150 138 31 0 73 57 138 150 150 150 150 150 150 150 150 150 150 150 150 150 150 150 150 150 150 150 138 86 0 8 5 0 0 7 10 26 0 0 0 0 0 0
150 150 150 150 150 150 150 150 150 150 150 150 150 150 150 150 150 145 107 150 150 104 124 70 150 150 104 147 150 150 150 150 150 150 150 150 150 150 146 144 141 78 12 0 0 6 1 0 0 27 26 2 9 42 115 133 1 28 34 61 98 150 150 150 150 150 150 150 150 150 150 150 150 150 150 150 150 150 150 150 150 101 34 73 3 0 73 89 13 46 0 0 0 0 0 0
150 150 150 150 150 150 150 150 150 150 150 150 150 150 150 150 150 53 28 116 89 127 55 60 146 150 113 47 138 150 150 150 150 150 150 150 150 150 150 150 150 150 110 32 2 0 0 0 0 0 6 6 31 128 71 139 88 76 140 129 133 150 150 150 150 150 150 150 150 150 150 150 150 150 150 150 150 150 150 150 144 21 32 7 0 0 38 16 7 39 0 0 0 0 0 0
150 146 150 150 150 150 150 150 150 150 150 150 150 150 150 150 133 71 57 21 6 33 95 80 79 148 148 38 86 148 150 150 150 150 150 150 150 150 150 150 150 124 43 79 4 39 58 67 123 95 108 52 52 39 13 68 139 63 139 150 150 150 150 150 150 150 150 150 150 150 150 150 150 150 150 150 150 146 146 150 150 132 57 0 2 0 42 37 27 42 0 0 0 0 0 0
62 100 150 150 150 150 150 150 150 150 150 150 150 150 150 150 117 32 112 97 34 1 46 134 14 95 113 144 137 113 150 133 133 150 150 150 150 150 150 150 150 106 90 64 79 107 84 144 82 125 61 82 93 24 0 33 146 150 146 120 150 150 150 150 150 150 150 150 150 150 150 150 150 150 150 150 150 133 111 132 131 150 114 0 88 81 121 91 122 102 1 0 0 0 0 0
13 117 150 150 150 150 150 150 150 150 150 150 150 150 150 150 150 132 90 68 60 29 82 148 122 147 102 150 150 148 150 148 148 150 150 150 150 150 150 150 150 94 80 41 57 148 148 150 117 111 117 150 123 105 11 11 146 138 137 10 92 150 150 150 150 150 150 150 150 150 150 150 150 111 118 147 150 150 115 117 28 141 36 0 7 18 90 34 14 28 0 0 0 0 0 0
17 123 150 150 150 150 150 150 150 150 150 150 150 150 150 150 150 86 34 110 109 33 133 150 150 150 150 150 148 93 150 150 94 148 150 150 150 150 150 150 126 18 67 111 103 138 148 150 112 145 148 146 115 10 72 6 22 77 150 114 145 150 150 150 150 150 150 150 150 150 150 150 150 146 147 111 150 138 150 150 92 109 43 0 0 0 6 99 4 0 0 0 0 0 0 0
59 148 150 150 150 150 150 150 150 150 150 150 150 150 150 150 150 147 140 150 118 12 104 150 150 150 150 150 150 150 150 150 108 150 150 150 150 150 150 72 0 99 125 150 119 132 140 150 147 140 115 51 46 61 129 127 22 6 104 150 150 150 150 150 150 150 150 150 150 150 150 150 150 150 150 150 125 126 150 150 62 52 105 28 0 0 27 19 0 0 0 0 0 0 0 0
130 150 150 150 150 150 150 150 150 148 150 150 150 150 150 150 150 150 150 150 150 121 143 150 150 150 150 150 150 150 150 150 150 150 150 150 150 150 77 0 10 139 150 150 150 139 150 150 150 140 111 106 150 150 138 150 96 54 10 83 147 150 150 150 150 150 150 150 150 150 150 150 150 150 150 150 108 43 133 139 127 5 53 100 6 0 0 3 0 0 0 0 0 0 0 0
146 150 150 150 149 150 150 150 150 128 150 150 150 150 150 150 150 150 150 150 150 150 150 150 150 150 150 150 150 150 150 150 150 150 150 150 150 103 3 30 113 147 150 150 150 148 150 150 148 75 60 117 150 150 131 131 147 115 57 0 35 101 150 150 150 150 150 150 150 150 150 150 150 150 150 150 90 0 26 71 137 110 134 117 21 11 0 19 22 0 0 0 0 0 0 0
49 120 38 56 60 150 150 150 150 150 150 150 150 150 150 150 150 150 150 150 150 150 150 150 150 150 150 150 150 150 150 150 150 150 150 150 137 12 17 59 148 150 150 150 150 150 150 150 149 47 68 131 148 51 124 150 140 96 72 6 8 27 43 85 128 150 150 150 150 150 150 150 150 150 150 150 95 0 40 138 150 150 93 94 148 141 111 133 126 63 55 77 12 0 20 24
97 127 37 65 145 150 150 150 150 150 150 150 150 150 150 150 150 150 150 150 150 150 150 150 150 150 150 129 137 150 150 150 150 150 150 146 48 23 136 150 150 150 150 150 150 150 150 150 150 146 148 109 117 142 103 122 150 111 17 123 84 141 84 29 0 31 71 97 127 141 150 150 150 150 150 150 109 0 0 89 150 150 43 5 61 148 150 150 150 150 150 150 66 0 9 10
150 150 150 82 109 150 150 150 150 150 150 150 150 150 150 150 150 150 150 150 150 150 150 150 150 150 150 135 148 150 142 149 150 150 150 146 98 131 150 150 150 150 150 150 150 150 150 150 150 150 150 35 2 20 6 9 138 148 115 144 137 35 65 128 95 91 78 68 36 6 19 32 124 109 80 85 68 0 0 53 149 142 117 5 0 43 122 150 150 150 150 150 146 126 86 120
117 150 150 100 124 150 150 150 150 150 150 150 150 150 150 150 150 150 150 150 150 150 138 121 115 142 150 58 117 150 149 150 150 150 110 65 148 150 150 150 150 150 150 150 150 150 141 141 150 150 150 30 16 132 33 24 137 84 58 114 150 73 27 7 47 92 149 150 143 83 70 20 79 20 0 0 0 0 0 4 107 145 148 76 1 0 7 114 145 142 150 150 150 118 139 143
43 26 83 150 150 150 150 150 150 150 150 150 150 150 150 150 150 150 150 150 150 150 139 96 147 149 150 110 138 150 150 150 150 133 16 105 150 150 150 150 150 150 150 150 150 150 148 148 150 150 150 127 47 149 78 134 150 138 120 148 150 148 60 25 23 6 137 150 150 150 150 150 150 146 95 43 19 0 0 0 0 16 82 142 30 0 42 150 132 149 150 150 150 139 0 18
0 0 4 127 150 150 140 111 150 150 150 150 150 150 150 150 150 150 150 150 150 150 148 123 150 150 150 150 150 150 150 150 146 65 37 148 150 150 150 150 150 150 150 150 150 150 150 150 150 150 150 146 52 85 143 148 150 138 18 120 118 129 140 150 136 11 113 150 150 150 150 150 150 150 150 150 148 112 43 2 0 0 0 26 53 0 15 76 143 150 150 150 150 108 0 30
33 109 92 120 111 148 148 146 150 150 150 150 150 150 150 150 150 150 150 150 150 150 150 150 150 150 150 150 150 150 150 149 67 15 139 150 150 150 150 150 150 150 150 150 150 150 150 150 150 150 150 150 137 70 9 91 150 148 35 135 65 99 109 148 93 50 98 150 150 150 150 150 139 139 150 150 150 150 134 0 4 46 81 124 56 0 0 0 2 68 137 150 150 148 49 30
