data/outputs/Figueira/2015/resolution_1/CONT_NORM_1_25.asc
ncols         60
nrows         60
xllcorner     -8.238677953804
yllcorner      39.915521016488
cellsize       0.000224830400
NODATA_value  -9999
46 43 95 84 29 4 42 49 58 27 75 79 60 3 14 4 0 0 0 7 79 45 39 21 8 75 96 62 8 25 87 89 88 81 91 24 36 75 51 56 86 91 24 0 0 0 9 41 86 65 92 33 2 4 29 88 51 30 19 1
47 48 48 79 56 51 77 100 73 58 65 99 67 20 2 4 7 0 0 21 93 34 4 4 28 80 100 34 0 15 71 100 100 75 93 48 92 74 50 63 69 39 37 0 0 0 14 62 94 60 79 73 14 5 13 86 94 37 0 0
18 56 90 100 52 46 77 93 38 57 92 28 35 57 72 15 0 0 14 24 50 7 1 52 91 99 54 11 14 8 11 63 100 97 25 62 74 4 0 29 34 0 0 0 0 12 44 86 86 51 34 81 94 71 15 43 64 59 47 9
60 85 76 54 13 52 96 43 7 52 96 91 66 3 39 51 0 0 1 24 19 6 13 1 35 39 0 9 52 65 73 96 100 100 97 46 20 28 57 90 62 48 64 59 55 21 13 40 34 37 64 34 31 73 87 60 48 78 96 57
46 80 54 21 57 81 39 28 23 22 59 58 92 7 11 58 8 0 0 2 27 6 3 0 0 7 0 30 88 81 99 100 100 99 100 88 68 63 79 93 88 77 57 65 77 25 24 1 6 25 39 49 29 14 37 93 100 100 100 96
77 83 20 7 17 86 40 31 9 1 0 4 80 80 4 23 5 0 4 10 33 0 0 0 22 40 9 13 16 87 95 100 90 88 96 90 100 99 96 99 100 90 56 75 97 74 30 48 73 74 89 98 99 99 66 82 68 51 45 46
55 35 1 0 0 40 95 9 17 5 20 64 97 80 63 3 3 2 1 16 58 15 1 35 18 30 42 30 34 88 93 99 94 68 22 43 78 98 98 99 100 100 83 70 62 74 66 53 73 91 100 100 100 100 65 31 2 7 4 11
45 3 10 3 7 77 48 26 33 92 91 100 84 40 51 43 14 31 32 3 9 23 56 95 20 10 28 87 98 95 97 100 97 92 40 10 29 54 85 100 100 95 69 83 98 92 62 9 38 56 81 100 100 100 73 14 7 1 3 7
67 75 26 0 24 38 2 6 6 32 93 67 55 21 37 59 78 33 63 63 0 32 83 34 74 68 7 17 80 88 100 100 99 94 36 69 80 3 48 100 100 94 60 91 93 100 69 83 77 50 85 100 100 91 69 22 7 0 8 26
73 38 41 6 10 9 17 69 33 29 18 34 7 58 38 68 98 39 51 35 24 44 75 89 96 40 0 0 20 69 76 81 72 42 59 97 87 13 66 88 99 100 100 95 98 83 85 99 73 69 50 68 75 53 62 49 67 32 12 4
38 46 43 20 52 16 13 21 82 79 37 15 71 45 72 86 100 85 54 76 78 100 100 85 23 1 0 0 1 56 31 22 2 26 57 43 27 2 32 81 100 100 100 97 88 82 100 98 90 76 55 69 99 83 39 43 68 65 66 14
63 28 29 54 13 25 15 11 12 12 22 8 54 59 92 100 94 42 14 81 100 100 100 88 41 22 0 0 0 9 39 9 33 1 3 3 0 42 84 64 76 100 100 100 72 100 100 88 81 66 16 2 77 52 13 78 72 42 28 5
72 26 90 23 0 0 3 35 85 55 2 0 22 50 93 100 93 81 37 16 67 51 57 22 33 36 10 0 0 0 35 95 64 64 64 7 4 65 89 73 87 89 89 96 95 100 73 77 36 32 30 9 19 8 16 16 22 26 15 23
95 100 64 2 0 0 2 13 29 73 36 0 1 3 44 57 4 34 15 0 5 3 0 1 51 100 22 0 0 0 0 16 50 51 100 66 43 99 99 58 27 34 26 82 77 100 84 95 48 4 1 0 4 27 4 5 38 70 18 65
96 99 99 31 4 26 8 62 66 6 0 10 27 8 4 24 29 73 16 18 26 1 1 2 68 85 61 18 16 3 0 0 9 88 100 100 63 100 100 60 48 33 83 96 96 90 81 58 10 0 1 2 1 0 1 1 64 95 26 74
57 69 100 93 63 54 33 93 30 2 9 3 31 67 52 21 2 44 39 31 23 0 39 17 48 86 82 97 31 15 19 30 29 58 79 63 53 96 99 96 36 78 100 100 100 95 36 2 0 0 0 1 0 0 0 0 17 94 92 92
5 15 51 42 60 97 92 72 17 0 4 2 8 28 10 41 25 8 17 26 7 25 42 62 95 79 50 31 36 98 97 94 96 88 16 15 28 52 77 54 27 70 92 100 100 93 45 0 0 0 0 0 1 1 3 9 25 37 92 90
0 3 60 26 24 81 100 85 26 6 5 26 13 60 41 22 66 86 31 0 0 5 19 34 12 3 16 20 36 100 100 100 100 73 4 8 51 65 59 32 50 41 90 37 42 52 27 27 40 3 8 8 11 2 1 0 23 70 100 81
2 31 82 100 63 29 58 43 78 54 83 100 48 32 100 93 14 39 12 4 0 0 0 4 30 53 77 99 95 99 99 100 100 93 88 46 37 51 6 62 100 98 92 18 0 0 8 46 65 21 0 29 65 33 57 79 69 90 100 71
63 92 84 82 63 82 91 100 80 72 96 85 70 17 56 89 59 14 16 31 21 77 55 16 0 6 17 58 91 82 39 20 62 99 96 77 77 21 71 100 100 100 100 45 31 62 55 54 93 70 3 29 27 71 80 71 96 66 94 16
58 21 5 18 19 49 97 99 95 86 45 40 42 9 23 96 67 14 8 3 2 21 61 97 72 35 8 0 16 17 4 0 0 38 69 97 46 75 62 61 97 86 90 92 68 85 43 46 100 99 80 41 10 48 81 98 88 94 98 87
0 0 11 57 10 14 85 79 92 13 46 74 20 25 42 23 0 6 11 12 6 24 26 56 91 95 96 55 21 0 0 0 1 4 25 65 71 98 69 88 73 62 77 78 88 22 29 83 100 80 11 24 46 55 76 99 98 100 100 92
5 1 53 64 66 70 62 14 28 2 89 76 28 79 86 65 36 52 20 4 12 8 21 13 84 79 75 96 44 10 0 0 0 9 4 19 46 60 78 100 91 42 73 93 99 93 67 86 98 97 88 75 56 99 100 90 88 69 100 87
24 4 54 98 100 100 76 38 75 85 100 91 90 93 80 25 77 20 30 61 27 4 7 0 64 32 28 64 66 61 3 6 65 54 60 34 6 3 4 11 26 40 46 67 87 93 96 89 100 85 60 78 96 100 96 100 87 98 100 89
42 43 44 90 100 100 99 100 87 86 87 28 91 79 77 57 90 48 41 49 67 42 12 38 33 9 4 52 97 95 60 58 67 62 14 34 37 82 87 64 65 41 22 11 3 4 14 23 52 64 78 86 92 69 75 79 90 92 100 96
82 100 94 83 100 89 99 95 67 15 47 46 61 38 59 69 27 62 32 22 39 27 66 44 12 6 1 27 70 71 99 100 94 97 71 63 62 60 69 72 100 100 74 91 64 65 67 65 45 20 33 23 15 5 23 57 80 83 70 73
91 94 27 29 100 76 33 33 62 48 73 46 23 15 30 66 40 42 57 37 56 11 23 0 21 29 25 30 50 82 100 100 64 75 100 100 96 98 28 58 85 97 76 69 100 100 89 93 95 88 83 61 73 61 63 67 50 21 16 20
81 40 10 34 100 85 21 1 37 8 14 24 18 15 33 51 45 71 61 52 46 54 1 3 11 44 34 82 100 57 67 99 39 69 93 100 94 87 57 13 86 91 97 86 77 100 99 60 94 99 99 97 81 47 97 100 100 100 49 7
36 2 67 44 99 80 15 3 8 0 7 22 76 78 44 16 98 97 80 17 12 47 14 17 20 15 35 98 96 81 93 98 78 65 86 100 94 77 74 84 34 73 60 91 73 71 96 100 100 100 82 21 30 29 92 100 100 95 45 0
30 12 39 68 60 18 33 18 35 33 84 77 75 11 38 31 47 13 29 8 7 0 0 46 8 46 45 86 86 23 42 4 36 95 66 100 100 70 16 41 22 67 47 88 72 100 100 40 90 84 48 11 11 30 61 100 100 54 20 63
53 47 16 45 40 37 75 79 99 99 96 82 89 17 11 1 2 1 8 0 15 9 18 26 23 40 33 30 7 3 4 12 51 82 68 64 38 35 10 43 83 94 100 100 90 100 99 90 54 93 99 58 42 86 98 100 99 81 83 80
5 21 44 53 59 89 74 60 68 94 68 50 17 11 11 13 0 17 17 7 26 2 1 16 2 0 1 7 16 0 0 4 14 93 46 5 18 48 32 100 100 83 100 90 82 72 84 100 99 100 100 98 44 96 100 100 66 21 46 75
17 3 0 1 9 9 21 30 42 36 10 20 17 0 5 49 46 71 5 10 23 4 4 1 22 4 2 0 4 16 16 8 5 5 0 20 0 36 30 96 98 100 99 87 39 15 24 19 45 92 100 100 100 100 100 97 72 35 34 21
69 10 12 10 41 59 50 35 1 34 60 65 84 49 94 61 99 81 56 80 54 76 61 24 30 13 7 24 40 47 40 24 14 28 14 45 1 11 69 100 63 94 98 100 62 19 18 24 16 51 92 87 100 90 100 50 43 65 70 36
25 2 8 25 46 71 100 90 33 37 68 100 100 100 100 100 99 100 99 100 89 91 86 21 27 48 24 45 59 68 33 23 74 93 84 48 2 2 1 27 7 81 100 79 5 37 42 32 8 9 59 97 77 72 98 96 96 94 34 1
20 8 0 3 14 36 87 76 80 19 57 87 100 99 91 99 55 61 82 85 67 22 8 17 27 56 34 85 51 3 17 7 57 100 98 82 38 1 15 37 83 99 91 45 85 36 66 33 25 6 60 84 53 96 96 69 62 13 0 0
3 6 15 12 15 14 25 25 86 88 18 61 93 83 89 53 7 6 40 97 95 61 44 11 17 21 23 8 0 6 16 33 66 100 100 100 74 50 39 74 91 100 100 90 47 52 46 99 94 47 4 1 51 97 90 66 30 23 37 45
18 26 74 68 3 1 33 25 42 16 11 80 75 63 32 9 1 25 91 93 93 49 16 33 85 60 6 16 50 70 14 2 11 49 58 91 100 59 6 69 77 92 76 36 70 51 77 100 100 87 89 76 100 92 93 94 55 68 55 57
2 24 63 78 25 35 22 67 39 8 25 62 29 6 16 0 23 84 99 35 13 24 2 19 66 59 36 28 69 100 52 2 46 80 72 42 36 55 4 24 56 81 91 75 64 18 17 77 100 100 100 86 60 99 100 100 73 16 40 28
6 10 20 96 62 84 58 39 22 11 61 62 27 12 25 49 56 83 44 8 7 48 62 92 89 81 19 8 61 100 72 48 25 15 73 96 48 19 78 100 100 72 79 85 77 76 39 36 83 96 91 11 63 100 100 100 98 65 26 48
7 11 22 83 87 47 87 47 21 75 71 75 80 46 7 13 53 98 74 44 14 21 78 100 82 74 57 26 20 26 74 23 4 2 67 100 77 59 100 100 100 100 82 71 83 97 88 98 65 57 78 78 96 100 95 72 72 98 58 54
2 16 34 80 36 10 24 45 11 38 82 58 44 35 46 79 99 100 99 83 64 54 96 100 94 65 49 57 9 29 21 21 0 0 78 93 78 39 99 88 99 100 78 70 84 85 99 79 76 87 52 100 100 100 100 92 93 100 98 62
28 19 21 66 43 18 30 45 18 47 39 51 49 99 100 76 77 21 40 57 96 100 100 100 92 72 63 46 16 28 83 32 68 16 17 12 32 38 56 67 56 33 1 74 100 99 83 88 93 75 57 73 96 99 96 100 100 100 80 48
38 29 39 29 51 32 49 44 36 54 47 73 80 92 72 14 19 0 3 87 82 48 92 72 100 100 99 25 1 23 14 24 73 84 32 53 37 85 68 37 18 0 7 56 58 99 100 100 66 90 98 77 57 66 9 73 99 66 59 2
95 49 83 30 46 39 46 22 22 91 65 71 48 4 10 12 4 0 4 96 58 20 25 88 100 100 92 28 1 28 50 12 83 99 98 99 32 78 56 30 55 4 3 22 24 75 100 100 100 94 92 99 97 97 11 35 100 97 74 40
94 78 44 28 18 25 8 12 14 26 61 100 67 6 7 0 9 7 37 83 62 40 62 92 99 92 45 1 6 32 19 2 42 100 100 100 96 47 13 0 47 19 17 63 65 62 98 80 83 62 93 87 75 72 64 80 100 92 81 37
93 92 65 48 49 47 21 3 39 21 15 28 26 8 1 3 1 34 94 79 70 34 59 100 98 63 33 9 35 39 4 36 66 80 85 100 97 92 23 15 11 34 30 29 58 68 43 19 80 80 88 82 71 90 100 98 92 100 95 24
79 86 72 48 12 1 0 6 31 37 27 24 13 14 2 6 4 36 72 64 28 4 51 91 72 17 29 56 15 31 7 3 12 37 90 87 85 63 42 66 70 43 66 42 24 81 94 82 55 42 30 37 52 85 81 68 81 100 99 73
65 58 51 6 4 3 26 6 23 31 46 54 36 52 32 26 50 71 62 82 56 41 83 68 64 25 30 25 4 74 67 4 0 23 65 81 75 55 41 22 62 56 94 78 36 54 80 100 99 53 18 11 2 82 100 100 66 64 95 83
50 58 10 7 47 45 89 80 84 80 99 99 100 76 51 50 81 43 78 63 17 40 98 96 57 6 37 11 1 0 0 0 10 13 2 77 94 97 94 79 29 39 60 95 94 72 42 33 65 36 43 40 9 30 80 77 99 100 92 70
19 14 27 78 100 95 97 92 96 77 83 94 100 71 45 49 70 86 81 32 1 8 25 50 97 42 20 8 0 0 0 5 90 55 4 57 100 100 95 96 88 35 55 99 87 82 55 17 22 37 14 46 35 37 85 84 97 100 85 66
1 28 35 88 95 100 93 48 30 8 32 73 51 77 78 30 40 93 70 53 33 52 15 2 80 71 6 0 1 0 37 67 56 87 99 88 100 100 100 90 31 94 98 99 83 79 64 28 42 61 53 68 56 97 88 99 100 99 96 81
3 47 82 67 100 95 53 49 22 36 32 48 39 97 98 42 15 67 57 57 69 58 31 2 58 89 23 8 12 33 68 36 12 15 85 97 95 98 100 66 66 95 100 100 100 100 97 85 42 46 68 81 92 99 100 100 100 100 100 96
17 18 55 99 97 37 30 23 40 5 22 64 37 81 99 97 30 55 87 89 63 71 47 50 70 86 91 57 28 34 16 60 58 61 85 56 39 74 62 86 29 33 42 57 79 99 100 100 97 100 97 100 98 96 87 100 99 100 100 96
30 94 48 18 29 57 75 97 91 71 81 44 57 62 67 99 58 3 58 94 59 22 37 35 22 12 71 95 75 54 6 32 53 41 30 13 26 45 57 81 47 81 45 54 33 60 48 89 100 100 100 89 59 72 26 100 100 99 100 96
61 100 96 77 47 13 40 93 94 64 62 61 90 100 71 85 84 62 51 76 85 87 92 44 45 62 28 84 100 88 13 1 3 2 12 22 38 42 47 57 65 36 45 31 55 41 44 68 74 100 95 59 61 78 88 100 97 86 72 96
96 91 67 62 91 97 61 20 52 69 90 87 91 100 82 57 89 92 61 60 84 98 99 64 59 59 23 15 81 100 19 30 18 19 11 17 23 42 44 61 61 48 51 80 99 88 52 95 98 89 87 96 100 94 97 100 100 89 98 96
96 78 60 62 76 86 99 93 41 15 65 96 100 99 100 95 91 96 89 67 95 100 92 82 67 46 45 8 42 100 71 97 91 24 19 1 4 4 31 23 35 63 52 50 97 84 92 56 93 84 53 99 93 55 49 88 93 78 100 94
87 86 68 67 60 65 75 84 39 74 54 42 100 95 89 95 100 100 100 99 100 100 99 92 71 43 40 15 33 60 35 93 100 93 15 0 2 9 22 18 52 73 72 72 31 78 100 73 56 46 51 84 86 48 60 89 62 75 62 50
35 59 93 63 57 72 86 88 79 77 88 64 87 34 54 86 96 96 96 96 96 93 90 90 95 71 34 48 18 22 7 78 93 74 36 6 8 17 17 59 70 54 42 59 71 74 64 67 58 49 79 71 80 62 79 75 51 58 18 12
