data/outputs/Figueira/2015/resolution_1/CONT_NORM_1_40.asc
ncols         37
nrows         37
xllcorner     -8.238677953804
yllcorner      39.915521016488
cellsize       0.000359728640
NODATA_value  -9999
36 67 76 36 98 60 71 70 32 6 3 0 56 31 18 52 96 9 18 86 95 70 68 58 48 52 29 0 1 54 77 67 57 12 55 74 10
55 87 47 61 73 26 93 62 19 54 0 8 28 9 14 63 20 25 48 68 100 76 45 20 61 43 38 37 20 42 54 46 51 75 53 50 85
63 53 28 77 29 17 32 63 32 30 4 2 22 3 1 10 4 45 83 99 98 97 81 79 94 88 60 83 41 12 33 54 60 40 83 97 87
57 9 1 57 37 18 18 75 77 17 3 1 32 10 23 27 37 30 84 99 86 47 64 96 98 100 84 72 70 56 82 93 100 99 41 7 10
56 14 8 44 17 33 94 82 34 55 44 49 14 39 67 45 24 72 92 100 98 52 49 30 93 100 67 90 96 51 50 78 100 97 33 5 2
48 44 18 8 41 46 26 24 44 60 83 45 35 59 84 71 2 10 69 62 53 60 88 21 82 100 98 97 82 98 75 65 77 57 49 53 30
54 36 31 24 10 40 31 37 61 96 86 35 95 100 91 26 0 0 29 21 16 14 8 27 74 90 100 90 92 95 80 34 59 61 51 58 38
69 68 4 0 18 67 26 7 40 92 60 39 27 36 22 47 24 0 2 54 57 73 8 75 78 72 69 93 97 76 38 16 8 14 13 26 20
95 93 12 16 37 37 9 19 8 16 41 23 22 1 9 71 55 16 3 1 33 99 76 99 78 36 64 88 92 66 11 1 3 5 1 75 43
26 70 74 67 80 14 5 7 48 36 12 24 26 10 36 82 78 54 53 64 67 49 45 76 81 44 94 100 87 10 0 0 0 0 4 34 88
0 50 36 73 74 28 18 34 46 42 64 31 0 11 31 28 26 39 99 100 99 31 32 65 31 58 80 34 38 26 26 6 18 3 15 38 99
53 83 81 62 86 73 95 76 38 85 32 13 17 44 17 12 40 84 84 52 85 90 65 30 77 100 98 19 40 45 77 10 39 64 80 81 92
30 11 24 46 93 82 47 45 20 52 27 11 4 32 70 71 43 17 10 0 9 44 73 78 66 85 84 82 59 49 100 58 29 46 90 92 98
4 36 63 69 34 30 65 53 63 63 29 30 11 11 16 86 71 67 9 0 8 13 43 53 87 68 75 93 74 78 98 70 60 97 96 84 98
27 35 99 100 77 91 91 75 87 55 68 25 62 18 14 39 19 67 77 26 62 49 25 42 33 31 24 39 48 60 85 71 91 84 86 93 100
88 85 88 91 88 45 51 49 36 69 39 54 34 38 43 13 9 49 79 99 90 77 69 68 60 98 82 77 66 67 44 43 41 28 48 61 61
79 19 68 69 8 41 36 22 18 49 50 58 49 28 4 26 37 77 62 97 57 87 98 86 39 90 85 77 100 78 97 90 82 66 94 87 42
22 46 76 56 11 6 26 62 55 37 75 63 14 23 20 13 50 99 73 68 74 81 98 70 69 46 51 79 83 90 100 59 18 33 97 93 38
45 27 41 38 68 90 93 80 20 7 8 8 9 9 20 26 28 31 7 8 57 65 58 41 36 81 96 92 100 79 75 92 41 77 96 88 65
6 18 33 50 37 64 42 23 4 21 28 17 17 3 5 5 2 9 6 4 23 31 6 26 72 98 90 80 45 59 85 100 84 97 100 49 45
43 9 27 55 57 13 57 77 69 75 95 64 69 71 38 21 12 30 51 23 33 29 25 12 85 63 99 74 25 20 22 81 94 95 78 63 58
14 0 15 57 84 52 49 96 99 96 73 86 86 46 20 47 41 67 31 15 76 94 50 5 18 70 95 51 44 41 12 48 73 81 87 67 10
6 32 24 11 27 75 26 85 82 51 6 49 98 67 20 45 16 7 18 18 54 92 93 48 58 95 97 63 40 92 89 31 44 90 83 45 46
10 62 46 30 48 22 24 54 13 12 42 93 32 21 23 69 32 46 97 10 51 57 55 39 29 66 77 74 32 64 100 96 67 98 99 53 35
11 20 88 62 60 30 66 59 30 24 64 59 13 35 94 92 42 25 68 50 11 61 87 50 100 98 77 83 86 58 68 82 62 99 91 90 48
13 37 59 19 48 26 61 49 45 71 92 90 73 68 100 73 57 32 24 35 7 50 81 45 87 96 65 82 90 86 84 75 100 100 93 93 97
31 27 51 30 38 40 47 73 95 47 22 11 86 73 88 100 88 11 27 35 71 31 40 62 54 17 8 69 99 95 79 73 71 66 69 90 61
84 59 26 30 23 33 76 75 7 6 5 15 79 26 71 100 83 4 32 15 75 99 77 53 24 41 11 36 76 99 91 91 93 69 36 99 72
92 63 45 36 7 35 18 43 8 1 7 78 78 42 90 90 35 15 29 18 68 89 99 78 17 25 29 45 67 39 81 70 80 88 95 92 92
73 68 14 4 5 22 35 26 25 14 30 66 54 29 72 53 26 29 53 17 7 77 82 44 46 67 75 42 65 99 70 28 22 78 90 76 91
50 18 37 59 84 78 99 98 74 45 65 77 37 42 91 43 26 5 2 1 25 9 89 95 83 50 48 94 75 39 48 29 23 32 85 98 92
11 37 94 100 73 43 44 77 75 47 70 74 31 32 9 87 12 0 4 39 74 67 91 100 94 56 86 93 74 32 43 44 60 82 94 99 90
14 70 92 74 36 29 23 58 91 76 29 72 68 64 20 80 54 19 40 37 20 72 81 92 80 54 75 94 99 93 61 78 93 98 100 100 100
50 51 41 48 78 71 60 43 68 89 40 59 79 38 40 31 65 73 45 30 57 42 21 43 72 56 51 47 64 73 99 99 72 65 83 99 100
86 84 74 53 49 78 70 79 98 69 87 59 77 99 70 56 38 69 82 7 6 9 25 44 51 52 52 62 59 72 91 94 78 89 100 97 83
91 69 63 85 92 43 55 90 100 93 93 90 86 99 86 52 43 22 88 79 72 16 4 7 31 42 60 68 87 75 78 62 97 61 75 85 94
56 82 59 75 78 58 85 75 60 80 98 97 97 95 94 84 37 29 27 57 92 41 4 19 37 70 53 67 70 76 41 74 79 71 72 55 37
