data/outputs/Figueira/2015/resolution_1/CONT_NORM_1_15.asc
ncols         100
nrows         100
xllcorner     -8.238677953804
yllcorner      39.915521016488
cellsize       0.000134898240
NODATA_value  -9999
[rows 0 to 55 of 100, columns 0 to 95 of 100]
62 6 36 93 92 79 67 12 0 8 10 5 14 40 46 13 21 69 78 54 64 37 3 29 7 11 0 0 0 0 0 0 0 62 54 41 20 23 24 2 7 22 72 93 93 88 38 5 18 30 76 89 81 90 71 81 92 91 58 23 3 65 55 43 32 36 30 87 92 93 41 0 0 0 0 0 0 20 30 83 91 57 84 89 86 33 0 0 1 8 15 82 85 71 42 66
66 36 32 93 100 99 77 41 1 20 88 96 100 97 59 68 35 78 100 98 80 5 2 3 8 3 0 0 0 0 0 0 1 88 100 87 5 52 69 11 0 29 99 100 100 75 0 0 0 35 78 95 100 100 100 61 92 97 60 15 35 100 83 77 86 88 91 97 89 85 46 0 0 0 0 0 0 0 2 11 77 78 60 92 80 66 20 2 3 1 13 50 100 60 68 10
72 47 58 46 30 92 57 46 71 31 59 100 100 100 81 50 39 66 100 98 80 51 3 0 2 1 10 9 0 0 0 0 6 95 94 49 0 0 0 0 7 13 75 100 100 53 0 0 0 33 73 96 100 100 100 91 65 100 54 45 96 100 80 56 63 78 81 83 23 51 62 0 0 0 0 0 0 2 56 88 100 93 55 59 92 91 37 10 7 2 1 34 95 100 93 49
4 10 33 36 88 100 99 97 30 32 34 88 99 95 13 32 63 96 82 49 48 51 81 68 27 0 5 1 0 0 0 0 6 78 73 33 0 0 0 55 99 77 100 100 88 30 0 0 0 6 7 56 88 99 100 100 56 34 56 85 100 77 14 0 0 0 11 41 2 5 20 0 0 0 0 0 0 59 80 91 99 75 21 16 92 100 100 70 23 47 11 17 43 95 99 67
7 48 68 99 100 100 91 30 16 94 91 97 93 56 25 80 78 99 57 10 53 33 39 46 96 41 0 0 0 0 11 34 22 54 19 5 1 1 8 87 100 94 100 79 5 22 0 17 39 6 7 8 63 93 100 99 84 35 14 69 82 23 0 0 0 25 85 26 0 0 0 0 0 0 0 5 44 37 38 98 77 90 88 36 10 51 97 99 97 82 21 3 73 16 55 37
29 91 61 98 99 97 50 5 1 82 100 99 68 15 9 22 96 95 98 76 73 31 5 1 69 90 16 0 1 0 0 10 42 53 2 0 39 7 0 2 33 86 68 9 0 0 12 22 50 58 61 75 99 100 100 99 98 95 59 22 36 29 34 49 40 77 78 58 39 71 86 67 50 66 26 13 17 15 61 65 30 13 63 70 79 53 26 50 88 100 92 45 36 36 12 51
64 99 99 80 31 16 35 30 34 65 98 36 14 16 1 33 94 96 100 100 96 30 0 9 47 68 4 0 0 0 0 0 0 21 2 0 1 5 0 0 0 10 1 0 0 1 76 100 63 99 95 83 99 100 100 100 100 100 99 61 0 18 9 32 86 97 100 93 68 32 28 37 52 64 75 15 31 6 0 3 39 53 13 24 41 40 0 0 1 41 87 100 100 89 95 100
41 56 81 89 33 30 17 69 84 75 57 22 19 22 20 10 9 79 64 53 94 71 2 16 1 44 84 0 0 0 0 0 0 24 5 1 4 5 0 0 0 1 3 0 0 4 81 98 98 74 98 100 100 100 100 99 100 100 96 78 60 98 61 67 96 88 89 80 82 97 82 72 65 77 67 41 19 37 3 0 0 5 25 36 39 56 29 22 6 0 18 55 100 100 100 100
26 51 86 72 20 12 6 31 98 100 20 35 43 17 39 3 2 4 1 24 79 86 29 13 0 0 47 1 0 0 0 7 21 41 30 12 2 0 0 0 0 15 32 9 1 10 42 23 47 87 97 98 100 100 100 100 82 100 100 94 99 100 93 100 99 100 100 100 78 53 28 84 95 98 96 70 7 21 2 13 36 30 24 47 92 99 79 100 97 84 27 77 100 100 100 100
90 99 80 35 7 3 0 3 43 91 82 11 29 4 3 0 3 0 0 0 65 100 100 41 0 0 49 0 0 0 3 3 0 33 31 0 0 0 0 0 2 75 50 11 17 17 0 11 57 98 91 100 100 100 71 78 99 94 99 78 100 100 100 100 89 98 100 100 100 100 77 30 63 98 92 86 79 20 63 75 86 98 96 99 86 94 100 100 100 98 63 79 75 58 37 24
69 99 37 1 0 0 0 0 0 48 100 53 2 0 0 0 0 1 5 71 100 100 98 98 33 0 6 3 1 0 0 2 18 60 83 23 1 0 17 27 13 36 53 9 47 7 1 15 68 99 85 100 100 100 90 58 79 26 51 70 96 96 100 100 98 99 100 100 100 100 71 91 51 45 75 99 64 47 75 65 65 96 99 100 100 100 100 100 100 100 86 34 70 1 4 0
0 31 13 15 2 1 5 0 19 88 100 92 16 6 77 44 21 52 83 100 89 78 28 71 56 10 0 0 3 4 0 2 8 16 37 16 0 8 43 68 5 0 24 19 80 79 60 76 72 93 95 99 100 100 95 97 34 0 2 4 29 88 98 81 93 97 100 100 100 100 83 88 99 89 63 47 51 71 52 14 56 81 85 75 99 100 100 100 100 100 96 8 2 23 0 0
57 14 0 7 6 0 1 7 59 78 33 36 30 0 55 100 95 94 100 100 100 52 54 45 65 55 11 11 89 15 16 31 0 7 4 2 54 36 100 97 21 0 0 1 43 94 100 100 100 94 94 100 100 100 96 97 97 42 24 2 18 37 48 73 94 100 100 100 100 92 78 72 92 91 100 100 97 71 11 1 23 28 64 44 94 100 100 100 100 100 99 27 9 19 0 0
64 92 46 5 0 1 1 33 51 22 13 11 24 0 1 61 100 97 96 89 100 60 18 36 45 64 81 38 9 38 81 86 24 1 2 54 74 94 80 50 63 49 83 22 0 8 70 100 91 75 96 100 100 100 97 98 71 62 7 43 67 20 11 39 77 100 100 100 100 80 40 48 72 82 97 100 100 91 40 70 69 53 42 78 96 100 100 100 95 98 80 47 33 37 0 0
82 45 86 77 29 0 0 17 30 67 5 0 0 1 17 0 40 94 97 26 32 30 22 21 34 29 94 100 37 39 20 91 92 5 0 1 39 68 68 20 68 95 71 15 7 28 1 90 91 100 100 100 100 100 98 96 91 22 47 99 92 54 0 3 80 100 100 100 100 95 82 74 100 96 93 100 95 45 83 96 89 62 56 55 99 100 100 100 99 81 85 36 3 9 0 0
93 58 68 19 55 4 5 0 5 20 2 55 62 44 12 18 9 20 80 17 3 42 51 34 55 58 75 99 55 1 15 91 36 6 33 20 30 71 92 98 100 100 73 1 0 0 0 34 74 64 74 91 100 100 96 78 30 45 85 100 98 61 0 14 68 79 100 98 100 100 100 100 100 97 100 100 47 81 100 100 73 82 89 44 50 65 88 99 100 55 59 66 58 60 38 5
42 17 44 38 43 7 30 40 0 0 0 38 74 56 77 74 24 0 2 39 8 2 66 63 26 81 91 100 97 76 55 26 44 27 33 81 100 92 56 97 97 39 0 0 0 0 1 1 13 91 88 26 37 38 19 11 35 92 80 82 97 44 2 56 75 86 100 100 100 100 100 92 96 85 99 76 95 100 100 98 100 41 52 79 62 38 78 50 59 16 23 65 18 95 100 66
20 63 52 9 69 26 30 76 0 9 11 0 3 60 96 95 42 37 5 28 95 59 33 49 96 72 95 100 76 99 82 22 89 96 89 100 100 100 100 72 24 0 0 0 0 0 0 2 13 85 37 10 27 15 0 20 61 64 67 47 21 23 1 0 47 75 96 100 100 100 100 98 100 100 83 68 100 100 100 100 100 80 71 67 66 69 93 100 98 97 29 52 23 32 79 53
51 60 50 5 26 66 11 21 28 64 55 12 0 8 56 62 35 43 25 1 82 94 56 39 93 100 100 85 92 46 12 86 99 100 100 100 100 100 100 88 15 11 25 0 0 0 0 0 5 39 32 24 5 3 2 3 6 2 0 0 0 0 11 34 83 66 61 79 98 100 100 100 100 100 56 98 100 100 97 95 60 82 53 35 14 18 49 99 77 91 48 56 89 79 85 30
77 68 4 7 73 73 33 3 20 0 1 2 27 6 3 1 3 18 35 0 34 35 81 84 100 100 100 100 74 10 0 12 74 100 100 100 100 100 100 73 50 74 6 1 1 0 0 0 0 8 56 29 17 13 75 0 1 0 5 3 0 0 56 93 100 75 42 90 97 100 100 100 100 88 65 100 100 100 79 92 96 96 66 21 19 2 17 79 39 30 4 3 85 66 49 57
88 11 10 59 100 61 1 0 0 0 0 19 66 77 70 43 4 0 1 0 26 40 62 100 100 100 100 100 91 78 30 3 20 61 99 76 56 70 50 6 8 13 6 12 0 0 0 0 0 0 35 86 95 49 65 43 38 47 11 0 0 6 46 60 99 96 40 98 100 92 93 100 100 87 99 100 100 98 87 68 46 48 50 15 41 6 10 36 27 7 13 12 34 22 17 43
92 84 57 95 78 3 0 0 0 0 0 0 0 47 93 92 81 6 0 0 1 6 22 56 83 100 93 68 35 95 87 13 2 12 34 26 24 33 8 24 62 85 88 69 0 0 0 0 0 0 0 29 79 90 77 86 99 100 56 0 0 52 99 95 100 97 62 67 95 72 52 94 72 98 100 100 98 25 61 87 39 36 5 2 30 12 2 0 0 9 18 9 3 10 26 18
92 100 100 93 19 0 0 0 0 0 5 2 16 29 24 67 97 42 3 0 0 1 7 18 71 80 17 0 8 35 12 0 0 5 5 0 0 0 0 0 7 85 100 60 0 0 0 0 0 0 0 0 0 46 43 10 92 100 86 68 36 71 98 100 97 53 32 10 29 39 28 16 96 93 77 99 100 96 97 89 63 15 1 0 0 0 0 9 2 54 1 3 9 19 37 67
93 100 100 100 100 47 0 0 0 0 0 0 23 66 45 24 10 1 0 19 12 0 0 1 11 29 22 3 55 25 0 0 2 8 2 2 0 0 0 0 67 96 100 96 7 0 0 0 5 1 0 0 2 0 50 80 96 100 100 100 56 76 100 100 100 77 25 12 9 5 24 89 92 56 87 100 100 95 85 96 52 2 0 0 0 0 0 0 2 11 5 2 3 42 86 89
93 100 97 100 98 36 12 9 19 54 16 28 90 89 36 2 1 0 0 7 42 25 19 0 0 14 28 31 84 84 33 14 31 65 11 0 0 1 1 7 25 99 84 52 76 31 30 24 5 4 1 0 0 0 1 66 100 100 100 100 53 92 100 100 100 49 60 85 68 43 98 100 100 100 100 85 80 72 50 34 5 0 0 0 4 0 8 1 0 0 0 0 0 7 85 100
93 42 88 100 100 100 62 44 6 66 12 53 95 47 22 5 0 0 0 8 34 74 50 45 11 1 0 5 32 74 43 23 42 61 19 0 2 72 59 19 24 51 82 74 77 99 82 25 9 3 0 0 3 1 25 60 73 100 90 94 44 49 100 100 99 92 87 43 34 99 100 100 100 100 100 89 90 43 1 1 0 0 0 0 0 2 0 0 0 0 0 0 0 0 45 100
54 1 36 100 100 83 100 99 84 79 40 90 95 73 18 1 0 24 0 0 7 13 96 79 81 83 28 0 0 18 29 54 30 12 6 1 9 0 1 3 71 89 100 100 93 100 89 18 43 45 55 82 79 85 41 58 85 31 15 20 72 69 90 100 89 100 78 20 36 90 100 100 100 100 100 100 93 26 10 0 0 0 0 0 0 0 0 0 0 1 0 7 0 0 5 72
2 0 3 34 28 11 68 50 86 99 95 93 60 20 0 0 0 7 6 0 12 10 22 0 5 27 23 24 20 0 1 24 21 22 4 14 20 52 61 72 90 100 95 59 48 27 14 41 84 100 100 83 93 99 100 88 60 3 10 30 26 12 55 98 68 56 31 19 76 76 78 99 100 100 100 96 76 56 0 0 0 0 0 0 0 0 0 0 2 0 0 11 2 38 27 15
0 0 4 77 40 1 19 28 99 100 100 100 87 85 25 0 9 3 0 0 0 0 7 3 0 0 48 58 81 33 1 0 0 0 2 9 51 53 93 78 58 33 5 0 0 0 0 30 100 100 100 100 100 100 100 99 65 2 0 10 3 27 65 100 42 3 24 19 6 37 85 97 75 83 94 98 65 19 7 2 2 1 0 0 5 0 3 1 0 0 0 3 2 32 11 41
0 0 0 42 61 49 27 16 40 86 100 100 76 27 8 0 15 5 9 64 29 32 99 91 53 41 2 80 98 99 84 1 0 0 0 0 0 1 5 0 0 5 6 13 34 49 12 26 93 100 100 100 100 100 100 97 12 7 2 10 71 76 48 80 28 40 68 72 80 58 92 80 1 8 21 24 26 36 45 44 79 30 4 4 16 7 23 22 3 2 4 0 0 0 30 62
0 0 0 31 100 100 100 51 2 25 65 59 3 32 97 24 43 76 89 100 59 18 32 96 100 100 56 6 48 71 25 2 1 0 0 0 0 0 0 11 49 59 30 44 80 100 98 97 97 100 100 100 100 100 100 99 76 93 43 72 32 22 87 31 2 22 96 100 96 98 94 77 4 0 0 0 0 10 5 55 59 52 22 3 0 18 74 47 26 4 46 69 67 73 48 82
0 43 89 79 100 100 100 87 38 67 28 84 99 87 89 97 97 96 100 100 41 62 1 89 100 100 76 14 1 3 19 15 24 6 0 13 15 0 0 0 1 12 60 66 93 100 91 89 93 100 98 93 96 97 100 100 89 100 61 20 58 64 6 0 8 76 100 100 100 100 100 90 6 0 0 1 9 26 49 92 81 48 45 0 0 1 23 73 78 49 59 81 95 76 88 69
68 87 92 100 83 87 73 63 84 90 99 96 100 100 83 50 96 95 100 98 68 87 9 30 71 83 94 45 53 0 7 18 41 33 32 74 96 63 26 0 0 0 1 0 10 47 86 92 100 81 51 8 1 27 72 100 93 100 74 97 100 24 10 54 98 100 100 100 100 100 100 100 42 8 40 69 73 58 36 64 100 82 78 20 1 17 55 22 34 82 82 90 51 87 100 59
86 76 45 43 13 29 36 21 48 96 100 100 100 92 57 76 99 77 21 14 35 44 4 3 22 91 100 100 36 0 0 10 3 4 3 38 86 39 87 82 38 9 2 0 0 0 22 59 78 2 0 0 1 0 23 82 100 100 99 100 98 35 70 51 68 100 100 100 100 100 100 100 89 50 80 88 91 49 5 39 100 100 100 65 43 31 69 13 78 95 80 90 97 85 97 59
54 21 7 0 1 13 29 13 0 49 100 91 100 100 100 97 35 18 87 52 72 0 6 42 12 94 90 52 2 36 14 2 1 5 5 1 19 75 100 92 90 80 58 39 4 1 0 0 0 17 11 0 0 0 0 2 20 55 79 100 45 25 100 97 51 20 68 99 83 75 74 100 100 70 65 96 46 48 36 66 100 100 100 100 78 30 18 1 1 38 65 92 100 90 91 100
0 0 0 0 29 76 28 7 0 13 92 70 90 99 77 17 2 67 63 71 25 14 18 51 35 26 8 0 0 5 16 0 8 4 10 19 75 18 35 75 98 94 92 100 90 44 55 10 0 0 0 0 0 0 3 7 0 5 20 96 43 98 100 93 79 87 64 84 68 69 69 80 85 100 71 18 32 21 65 82 100 100 91 48 1 15 33 38 31 32 61 71 98 94 100 100
0 0 0 0 12 38 66 26 6 55 99 43 54 98 97 11 9 70 60 75 25 24 14 19 69 60 3 10 28 12 2 20 15 1 4 2 18 38 1 57 97 82 100 100 100 84 70 41 0 0 0 0 0 0 0 1 13 36 25 99 82 81 100 38 69 100 95 79 18 74 94 69 72 100 95 51 40 18 75 88 100 100 79 22 25 31 57 39 93 98 100 100 86 99 100 100
11 0 0 25 68 83 34 63 72 63 92 6 17 26 6 0 29 100 98 53 9 38 94 85 97 73 82 23 22 71 28 0 0 23 2 1 27 17 0 28 94 88 86 77 97 100 92 27 13 12 0 0 0 0 0 6 0 0 0 20 51 48 86 66 100 100 100 100 41 22 61 96 94 98 100 100 82 61 98 100 100 100 100 99 93 86 33 47 100 100 100 100 88 99 79 45
22 0 8 42 88 100 100 95 90 99 97 3 0 28 15 33 69 100 100 100 74 98 100 100 94 5 53 60 25 44 85 14 30 30 0 4 0 7 0 1 49 82 42 4 22 76 58 54 66 8 0 0 0 7 34 27 45 25 14 0 0 0 1 5 37 48 50 77 96 95 77 66 88 99 100 100 100 98 75 76 96 94 92 94 100 100 91 100 100 99 89 100 100 100 74 84
34 16 0 0 70 95 100 100 100 100 99 57 64 90 100 100 100 100 96 77 96 100 95 59 78 2 87 95 51 2 9 8 96 55 45 7 0 4 10 0 34 99 9 10 41 98 17 68 100 65 7 0 2 62 94 59 95 57 76 37 13 4 8 1 4 4 0 0 0 8 12 34 52 74 80 89 91 90 83 94 100 100 88 34 41 59 75 96 99 100 100 100 100 100 78 96
21 27 20 4 9 73 99 100 100 100 100 100 100 100 92 100 100 97 46 25 94 99 83 96 88 19 98 98 34 23 41 23 65 57 72 12 23 3 0 49 33 25 7 6 8 39 61 98 100 100 92 39 31 52 41 56 26 16 58 38 15 52 80 91 75 42 36 36 43 0 0 9 5 0 0 4 10 21 29 51 82 94 99 100 100 95 100 91 79 40 56 65 65 82 100 100
54 88 83 91 99 100 100 100 100 100 95 100 100 100 59 35 82 87 41 24 81 82 53 44 67 43 94 88 91 96 58 10 30 50 88 77 66 32 64 40 65 6 0 0 0 38 100 100 94 61 51 75 96 100 100 100 53 28 0 11 19 79 78 69 90 100 100 99 99 84 76 16 44 12 22 0 4 1 1 4 0 1 9 22 32 36 87 78 63 69 93 100 100 100 80 74
84 100 100 100 99 86 100 100 100 85 100 95 100 100 48 1 11 61 16 51 49 67 35 63 60 88 27 7 42 67 41 20 27 8 62 17 18 67 68 42 3 0 0 2 0 0 73 91 51 82 100 100 100 100 95 100 92 80 64 68 77 46 49 69 82 69 86 100 100 100 96 74 100 54 78 79 66 80 79 70 51 25 10 13 28 2 13 1 3 0 8 12 73 87 100 100
82 98 100 99 31 3 90 100 100 68 82 70 70 59 33 33 55 72 40 59 55 16 2 9 76 60 77 15 2 51 88 73 22 38 13 3 47 50 14 4 12 0 49 10 16 11 6 22 88 100 100 100 100 100 58 74 100 100 100 100 100 100 91 54 6 36 28 100 100 100 74 88 100 100 100 100 100 98 100 100 100 83 69 99 94 65 87 44 44 22 20 22 19 16 7 16
91 100 96 39 0 0 79 100 100 49 6 1 9 77 83 42 61 79 70 36 12 34 22 4 22 77 61 52 26 55 35 34 21 69 62 4 11 21 2 0 30 25 23 17 52 40 52 66 50 74 99 100 100 99 30 75 73 100 100 100 89 100 100 75 30 84 67 94 100 92 81 48 40 98 100 100 100 89 76 88 94 99 95 77 76 60 50 79 62 83 88 85 90 84 72 47
93 84 67 30 1 12 76 100 99 79 30 1 1 45 54 13 17 19 37 19 1 28 6 16 59 70 36 21 60 49 39 44 38 40 50 70 46 0 0 0 0 29 59 20 33 53 100 100 62 21 43 100 100 52 20 89 89 95 100 100 100 99 100 98 33 10 46 69 100 96 100 91 69 81 61 100 100 100 80 17 84 100 99 99 98 94 97 81 5 53 95 99 100 100 100 100
92 23 4 3 18 16 68 100 97 76 23 4 1 1 4 0 0 1 2 20 12 45 27 19 21 15 64 83 97 100 100 98 55 44 46 51 31 5 17 6 20 15 34 44 22 96 100 100 100 97 61 98 100 73 60 56 37 93 100 100 93 51 81 50 69 38 46 86 97 58 98 100 97 89 99 100 100 98 87 100 100 100 100 100 100 73 97 99 81 53 95 100 100 100 100 100
43 11 0 65 64 23 81 100 97 80 13 1 2 23 2 0 0 3 3 30 77 89 96 41 37 0 44 100 100 99 92 38 2 7 1 37 63 6 4 20 26 18 11 24 33 94 100 96 74 97 88 100 100 94 68 70 54 85 95 100 100 99 70 89 99 98 67 18 95 79 66 61 90 88 55 52 82 99 100 100 100 100 100 100 71 19 15 18 33 21 82 100 100 100 100 100
15 10 9 23 95 72 89 98 52 39 70 20 6 6 1 0 29 70 17 65 100 78 48 69 89 49 55 83 46 48 79 49 2 16 19 0 7 0 21 35 0 3 20 62 83 100 100 100 53 55 95 57 32 52 97 99 97 84 98 100 99 100 85 6 24 39 44 10 38 38 6 75 92 49 87 79 100 100 97 77 100 100 81 52 14 0 0 0 3 27 54 100 100 100 100 53
34 48 6 0 38 52 79 25 10 13 31 28 6 49 53 34 81 94 92 99 98 13 0 0 7 7 31 40 8 0 0 0 1 8 0 0 1 0 18 69 21 21 65 29 26 65 86 82 38 0 32 6 1 0 15 86 100 40 82 100 100 100 62 33 18 40 26 23 75 86 44 82 93 46 99 100 100 100 57 1 72 100 100 90 55 2 33 21 17 48 48 89 100 100 100 93
59 28 65 4 4 25 48 41 2 18 70 71 68 100 98 100 100 100 83 100 100 93 3 0 8 0 0 4 2 0 3 2 0 12 0 7 17 6 0 39 18 24 56 77 17 60 29 11 2 7 4 1 4 13 91 95 94 97 100 94 52 40 26 0 0 2 22 75 80 100 100 100 100 84 100 100 100 100 98 73 24 39 98 100 98 68 48 30 53 95 95 100 100 100 100 100
54 40 41 25 65 90 32 24 75 63 85 85 86 100 98 100 98 100 71 62 38 88 3 10 12 4 15 0 0 22 32 4 0 45 4 9 11 16 49 11 21 20 1 12 20 1 0 0 1 1 5 3 39 0 54 92 56 7 19 6 9 64 80 19 52 99 100 100 100 99 100 100 100 89 90 100 100 80 100 100 100 92 99 100 100 88 33 52 76 100 100 100 100 100 81 38
0 1 34 31 40 49 65 76 98 100 99 29 64 74 64 96 100 72 66 40 4 10 8 9 24 10 5 0 2 21 19 12 0 39 10 4 1 0 4 26 0 0 0 1 1 0 24 6 7 0 0 0 0 0 20 100 100 65 11 0 10 10 55 17 53 100 100 100 100 63 100 93 96 100 84 70 83 78 100 100 100 100 100 100 100 100 72 14 78 100 100 100 100 98 33 0
0 1 0 1 20 21 9 22 19 33 47 22 1 34 89 90 46 17 16 6 22 5 0 1 1 14 18 10 33 43 9 1 17 46 1 0 0 0 0 0 4 0 0 5 0 0 12 18 6 0 0 2 0 0 2 29 23 15 0 0 6 5 27 0 7 92 100 96 92 95 100 76 82 79 20 10 66 66 72 45 69 90 100 100 100 100 100 100 100 100 100 100 100 87 71 41
24 31 0 0 1 1 0 13 13 8 7 55 44 23 7 16 17 4 19 24 17 27 0 8 5 69 47 64 100 71 1 5 1 1 51 12 0 11 1 4 58 3 12 0 0 0 0 2 23 23 19 35 4 7 11 2 0 0 36 20 0 4 55 36 55 96 100 100 100 100 100 100 91 79 27 20 1 0 5 8 6 71 85 100 100 100 100 100 100 100 100 100 97 92 57 8
86 42 2 2 30 12 9 10 57 62 17 33 19 0 1 38 51 40 27 53 57 93 11 83 92 64 54 100 97 49 36 74 86 49 81 72 57 38 18 21 47 32 0 0 0 10 30 30 33 74 60 21 30 9 0 21 4 0 38 36 0 3 11 32 100 100 100 89 99 100 97 100 100 94 68 7 6 2 43 14 3 8 49 100 90 73 100 100 100 100 100 99 36 23 57 50
