data/outputs/Figueira/2015/resolution_1/CONT_TOTAL_1_10.asc
ncols         150
nrows         150
xllcorner     -8.238677953804
yllcorner      39.915521016488
cellsize       0.000089932160
NODATA_value  -9999
[rows 0 to 47 of 150, columns 0 to 95 of 150]
486 144 30 277 390 540 534 481 385 337 145 75 0 42 0 0 0 0 0 32 105 223 95 127 79 186 313 334 449 161 255 413 40 1 83 205 61 86 98 0 0 0 0 0 0 0 0 0 0 83 441 128 217 55 96 13 62 113 0 0 3 216 21 304 488 540 540 540 504 266 142 14 232 13 202 510 355 500 424 443 538 462 317 538 540 518 526 341 165 149 0 20 488 449 187 43
186 350 149 65 407 600 600 600 598 600 358 162 0 0 85 387 257 303 392 536 526 429 379 199 94 573 600 600 600 518 600 496 60 0 30 152 65 0 0 0 0 0 0 0 0 0 0 0 0 74 580 600 600 594 212 180 391 487 207 22 57 0 195 600 600 600 600 600 421 143 12 0 0 0 453 587 584 600 600 600 600 598 490 428 598 536 590 565 135 13 144 273 588 561 359 480
488 248 208 170 399 600 600 600 583 319 575 82 0 15 250 556 600 600 600 600 600 264 483 315 175 266 447 600 600 600 542 112 6 33 0 8 11 72 0 0 0 0 0 0 0 0 0 0 0 258 600 600 600 420 7 23 363 421 186 0 0 0 292 586 600 600 600 591 410 0 0 0 0 0 229 318 541 569 600 600 600 600 569 230 517 600 598 477 119 146 66 555 600 584 470 348
475 345 233 155 504 326 233 440 504 139 462 44 288 407 149 272 600 600 600 600 600 473 517 208 256 67 389 600 600 600 481 260 163 28 6 0 9 32 0 0 1 107 0 0 0 0 0 0 0 386 600 595 598 168 0 0 0 0 0 0 0 0 46 349 600 600 600 574 202 0 0 0 0 35 169 405 528 600 600 600 600 600 600 485 385 600 600 501 97 370 545 600 600 594 433 486
236 215 117 393 213 19 160 456 600 600 588 412 460 544 103 105 600 600 600 600 527 376 145 411 512 471 600 600 600 578 594 522 492 271 143 11 0 0 0 91 136 0 0 0 0 0 0 0 0 231 501 431 598 162 0 0 0 0 0 69 320 409 388 520 600 600 600 588 221 0 0 0 0 12 310 241 440 600 600 600 600 600 600 600 236 370 581 400 206 414 600 599 600 469 31 0
0 152 11 40 432 271 588 600 600 600 600 588 38 217 22 34 542 440 588 600 600 91 7 135 189 472 600 545 200 127 173 93 330 441 594 572 339 20 1 2 6 0 0 0 0 0 0 0 27 272 490 432 337 49 0 0 0 0 104 571 600 529 366 600 600 600 566 257 40 0 0 0 0 1 0 0 169 151 468 562 600 600 600 600 557 32 77 212 451 592 600 583 312 13 0 0
2 156 317 491 600 586 598 600 600 600 452 214 16 437 561 549 560 564 598 525 367 46 252 523 428 468 600 376 3 49 161 355 165 176 176 450 600 539 56 0 0 0 0 0 0 0 122 163 219 265 264 148 132 7 0 8 0 0 405 600 600 569 544 600 600 503 73 62 219 0 0 83 189 0 0 0 61 17 210 456 600 600 600 600 559 258 27 16 395 460 598 501 0 0 0 0
147 303 455 64 473 600 600 600 582 568 242 2 0 317 600 600 561 600 600 397 42 65 324 444 599 562 588 600 447 94 564 211 176 342 38 26 347 600 361 36 0 0 0 0 0 23 203 113 73 295 390 43 2 0 152 174 0 0 37 275 528 592 600 600 543 121 0 16 0 0 0 143 380 356 232 234 262 275 523 588 600 600 586 590 575 450 547 227 0 375 435 211 146 9 18 6
154 252 587 423 599 576 590 599 575 223 68 7 1 78 593 600 600 582 344 233 39 21 97 56 596 562 574 599 576 521 515 273 150 7 13 1 385 600 506 186 0 0 0 10 0 0 1 121 311 139 345 18 12 0 86 230 3 0 0 0 16 272 500 447 37 0 0 0 0 28 197 233 215 296 397 405 227 560 600 600 600 600 600 600 600 600 600 468 248 31 149 127 127 270 414 408
258 482 600 599 592 431 148 150 115 32 99 100 69 313 491 600 591 154 100 24 64 0 30 131 588 600 550 600 600 600 597 433 37 0 1 57 209 574 169 0 0 0 0 0 0 0 0 0 0 7 161 0 0 0 0 74 5 0 0 0 0 24 107 18 0 0 0 0 0 317 600 600 240 459 600 588 466 459 589 600 600 600 600 600 600 600 600 599 600 185 0 0 1 26 188 323
516 600 600 600 589 372 235 93 110 362 377 492 194 600 229 570 276 100 55 217 142 78 38 383 360 374 600 600 568 600 600 599 140 7 45 114 82 278 585 346 65 0 0 0 0 0 0 0 0 0 210 92 0 0 0 0 0 0 0 0 0 0 14 0 1 0 0 0 43 560 590 600 589 567 577 600 600 600 600 600 600 600 600 600 600 600 600 574 539 379 204 186 521 124 24 151
64 132 263 376 551 596 285 299 50 0 135 448 570 600 419 154 268 161 147 35 176 105 106 0 4 197 469 369 131 217 519 600 413 22 10 117 6 0 254 583 186 0 0 0 0 0 0 0 0 0 233 3 0 17 27 40 61 0 0 0 0 0 0 37 3 0 0 0 14 353 600 576 570 599 302 569 600 600 600 600 600 600 588 600 600 600 600 600 600 445 308 565 600 472 504 474
28 211 146 435 541 524 256 14 53 70 0 337 576 600 600 85 5 361 196 418 29 245 233 8 0 58 27 11 8 321 478 600 408 69 0 0 0 0 0 371 71 0 0 0 0 0 0 6 138 216 325 232 72 140 28 0 0 0 0 0 0 0 6 234 259 0 0 62 41 287 341 126 256 514 497 598 597 600 600 600 600 600 600 600 512 600 600 600 600 588 586 600 600 565 546 600
296 600 600 599 564 112 10 3 137 10 0 122 526 598 600 447 3 186 274 132 27 64 21 3 16 7 0 7 1 0 173 596 600 527 531 80 0 6 0 418 48 0 0 0 0 10 87 54 38 18 322 268 0 0 0 0 0 0 0 0 0 6 484 152 46 3 15 23 57 9 119 42 72 512 600 534 521 599 600 600 600 579 483 568 506 540 544 600 600 414 600 600 600 600 600 600
540 600 588 448 296 169 85 4 0 4 0 0 56 356 576 600 313 2 125 32 20 2 25 0 18 0 0 0 0 3 389 600 600 600 599 72 0 0 0 281 121 0 0 0 0 0 0 21 0 1 232 274 0 0 0 0 0 0 0 0 2 266 476 503 82 104 174 160 78 0 0 97 288 576 596 562 588 600 600 600 600 487 243 565 600 572 588 596 590 427 600 600 600 600 600 600
487 596 600 332 18 12 0 0 0 0 0 0 0 0 406 600 600 111 12 15 0 0 0 0 0 0 16 14 176 432 600 600 600 600 600 570 252 92 0 32 67 26 14 0 2 0 0 27 80 374 433 561 135 84 16 0 0 0 143 14 148 265 180 356 179 78 241 155 52 0 93 39 170 596 590 549 598 600 600 600 600 600 365 433 594 459 88 222 600 398 587 600 544 600 600 600
99 250 596 241 0 10 4 0 0 0 0 0 0 16 537 600 600 402 0 0 4 122 41 0 0 10 52 100 381 589 600 598 600 387 529 532 268 46 0 0 2 6 5 0 10 0 17 8 0 91 157 493 585 122 0 0 0 59 298 414 37 25 48 144 165 36 211 433 144 113 2 271 596 575 584 413 570 580 598 600 600 514 455 432 241 179 0 36 299 161 382 578 600 600 600 600
0 0 50 3 127 161 23 1 11 65 0 0 38 499 600 600 600 545 221 0 77 577 584 310 89 406 436 600 600 600 526 481 351 134 138 497 406 261 12 0 0 0 2 94 0 0 0 0 33 50 150 143 30 0 0 0 107 409 246 498 33 0 0 130 132 207 574 600 479 545 389 598 368 409 589 600 600 600 600 600 600 589 589 600 233 86 0 6 1 0 14 325 542 575 508 440
268 103 0 0 2 97 77 0 2 16 0 11 165 559 492 307 170 296 344 33 0 318 600 600 575 526 554 600 600 600 600 541 71 131 400 293 351 476 103 65 0 142 555 372 5 0 80 21 0 4 87 0 0 0 179 185 159 598 600 564 55 0 0 0 0 0 252 598 598 600 600 600 600 588 537 576 600 600 600 600 600 566 588 600 572 447 25 75 202 0 19 406 270 203 292 374
540 591 238 12 0 0 0 9 18 10 0 79 445 594 235 64 228 179 133 17 0 7 423 600 600 600 600 600 600 600 600 600 497 281 262 118 164 596 538 305 6 7 296 235 48 248 598 347 0 0 4 0 154 193 430 442 479 600 600 600 513 141 49 246 88 0 0 111 389 596 600 600 600 598 586 535 568 600 600 600 600 573 557 580 529 508 413 38 48 29 74 0 87 284 447 556
184 548 600 500 170 3 0 0 0 3 73 382 260 34 52 0 10 12 57 156 0 0 13 373 600 600 566 598 489 506 599 598 111 46 243 298 163 546 166 581 545 258 1 259 265 523 510 566 303 28 4 0 81 401 451 556 598 524 198 126 285 512 249 535 466 103 0 0 3 236 566 598 515 488 351 586 600 600 600 600 600 600 600 579 447 451 272 0 251 393 568 458 39 13 59 76
458 390 345 577 600 345 49 0 0 0 49 176 165 426 354 45 0 0 0 4 7 193 0 3 230 581 569 600 501 57 115 247 221 24 207 74 143 460 72 537 600 594 269 64 399 258 236 600 600 292 0 0 0 10 232 472 247 506 24 38 189 586 536 468 328 70 1 322 152 0 217 600 511 582 598 600 600 600 600 600 600 600 600 570 600 339 187 101 562 580 511 580 187 0 0 0
540 430 186 262 491 403 568 245 0 0 0 0 3 423 278 24 43 177 20 69 0 30 134 2 0 145 547 568 469 9 212 6 188 119 167 224 247 188 270 586 600 600 377 49 23 0 248 600 596 225 27 205 0 56 24 424 600 600 372 530 600 600 600 579 66 0 2 7 0 0 231 590 588 600 590 562 534 600 600 600 600 521 600 575 531 156 6 289 600 600 600 586 166 0 6 165
540 600 272 400 269 24 155 146 30 71 0 0 0 6 4 1 156 398 515 558 263 0 100 169 115 0 17 526 112 140 36 0 429 520 236 164 288 388 320 290 567 588 542 65 0 34 450 500 79 14 44 139 200 117 133 383 307 497 600 600 600 600 600 495 148 0 0 0 0 0 20 32 263 578 121 436 397 600 600 600 600 600 579 323 114 97 501 533 599 600 600 555 342 0 10 54
412 266 83 177 207 348 281 2 72 50 328 47 0 0 0 0 13 466 559 262 175 336 582 317 143 0 0 29 99 252 9 0 25 440 532 174 71 402 470 476 600 600 600 471 374 222 498 129 54 400 42 140 418 439 598 600 492 280 385 600 600 591 212 2 0 0 0 0 0 0 26 0 36 441 497 587 418 161 345 381 242 163 162 78 41 394 580 560 588 550 600 503 319 0 189 510
64 0 159 229 400 45 418 240 1 39 574 522 3 0 0 0 0 37 168 466 600 558 600 507 258 129 46 0 0 381 368 185 10 32 338 597 418 237 509 600 600 600 563 581 600 473 116 11 502 472 260 180 505 600 600 600 600 591 442 580 557 149 0 0 0 0 0 0 0 0 3 29 0 281 447 558 114 0 0 16 30 0 0 63 379 600 590 350 495 126 421 459 181 14 0 76
122 351 463 242 256 23 337 536 82 31 476 309 2 2 113 152 0 0 0 106 266 557 596 581 324 145 344 64 0 178 600 568 457 387 96 262 600 591 419 534 600 600 462 472 587 471 551 24 527 600 600 598 600 600 600 600 600 600 598 299 63 0 0 0 0 0 0 0 0 0 0 0 0 457 561 204 0 141 94 413 53 0 13 189 287 245 285 369 474 218 0 2 16 0 0 0
364 275 411 404 113 65 247 174 413 75 82 87 57 488 517 521 279 0 0 0 106 440 473 405 302 357 368 335 0 8 527 586 533 287 294 134 508 600 600 600 600 547 511 598 239 20 443 567 590 600 600 600 600 600 600 600 600 600 600 467 102 0 91 185 0 0 0 0 0 0 0 0 0 160 386 352 8 322 5 98 1 0 0 38 0 38 0 0 0 0 0 0 0 0 86 51
379 32 548 188 26 5 56 470 396 58 50 228 56 162 5 9 112 0 0 0 0 4 156 124 19 42 157 86 0 0 140 362 556 513 194 546 600 600 600 600 600 451 562 264 3 1 52 376 535 600 600 600 600 600 600 600 600 600 600 567 398 149 132 179 2 0 2 6 2 0 0 0 0 0 79 260 99 18 21 10 60 313 13 0 36 58 0 0 17 8 0 0 0 82 544 388
535 590 321 2 75 4 481 600 366 329 22 0 224 6 0 0 0 31 267 120 57 40 0 0 1 4 91 360 35 0 283 253 72 434 536 567 600 600 600 600 600 600 576 244 0 0 14 10 317 600 600 600 600 600 600 600 600 600 595 248 169 442 559 55 0 7 3 3 0 0 0 0 0 0 93 224 478 159 191 4 116 598 130 0 0 0 0 0 56 30 0 0 0 278 590 600
540 426 7 68 58 415 600 600 371 11 0 0 0 0 0 0 2 249 491 483 520 487 159 91 0 0 0 3 8 0 68 512 179 194 492 599 600 600 600 600 600 600 580 513 328 78 7 42 99 311 529 600 600 425 400 567 429 487 255 0 27 121 71 16 0 101 6 0 0 0 0 0 0 0 0 192 572 600 585 464 155 279 404 19 32 114 121 85 13 0 0 0 0 252 343 464
540 348 182 33 266 596 563 469 23 0 0 0 0 0 0 0 0 0 100 89 568 561 528 596 327 11 0 0 0 4 47 15 87 412 600 600 598 600 600 600 600 588 471 559 600 569 123 3 35 103 138 561 372 276 8 279 460 116 11 62 69 230 158 185 384 122 0 0 0 0 0 0 0 0 0 0 10 522 600 600 442 403 600 590 574 600 598 259 20 0 0 0 267 461 409 322
540 600 538 443 563 540 555 86 0 0 0 0 0 0 0 0 0 0 0 20 308 510 590 509 600 293 0 0 0 0 0 30 43 0 85 255 370 600 600 588 411 279 15 436 550 578 395 7 4 0 71 81 182 80 239 63 34 0 2 251 419 599 582 594 600 373 0 0 0 0 0 0 0 0 0 0 0 131 392 530 473 448 423 489 582 600 600 518 4 0 0 0 512 600 600 600
518 600 600 600 600 509 73 0 0 0 0 0 0 2 3 11 60 0 148 81 101 154 298 478 588 570 70 38 0 0 0 0 18 74 28 175 563 533 576 216 9 0 0 88 310 161 0 0 0 0 69 17 7 0 0 0 0 0 0 0 12 311 529 600 600 156 0 0 0 0 0 0 0 0 0 0 0 0 0 210 359 265 28 130 571 600 600 562 318 307 121 33 568 597 600 600
540 600 600 600 600 595 463 255 7 0 0 0 0 0 0 15 3 6 72 174 262 22 93 334 371 317 122 0 0 0 0 0 0 0 2 71 79 133 228 54 3 0 2 380 45 0 0 0 0 0 0 33 16 14 0 0 0 0 0 0 122 244 600 600 600 465 0 0 0 0 0 0 0 0 0 0 0 0 0 45 37 466 285 76 467 600 600 600 600 600 596 176 585 582 600 600
540 600 600 600 600 600 600 600 246 0 0 0 0 0 0 0 0 0 97 351 532 427 272 91 0 0 0 0 0 260 113 48 0 0 0 0 82 120 263 247 1 41 347 490 2 0 0 0 4 30 113 34 0 20 0 0 0 0 0 0 430 596 600 600 590 579 89 6 0 0 0 7 67 10 0 0 0 0 0 0 0 80 554 600 600 600 600 600 600 600 452 104 600 600 600 600
540 600 600 600 600 600 600 463 39 124 38 77 12 316 122 21 97 167 503 491 597 421 16 30 14 0 0 0 0 10 163 130 88 68 20 0 0 27 163 114 316 94 513 598 382 123 119 92 109 92 442 142 0 0 0 0 0 0 0 0 62 525 600 600 277 563 513 112 2 47 233 150 70 0 0 1 14 0 0 0 0 0 153 574 600 600 600 600 600 600 491 269 600 600 600 600
540 583 508 461 600 600 600 556 455 74 52 2 5 366 580 85 26 435 598 578 372 50 0 0 0 0 0 0 0 203 467 474 136 203 63 79 0 0 0 23 164 124 248 580 552 312 441 169 254 550 295 32 0 0 0 29 226 278 70 264 22 230 461 485 281 73 557 586 566 410 101 9 5 76 55 0 0 0 0 0 0 0 113 278 600 600 600 600 600 581 284 107 543 600 600 600
540 389 135 546 600 600 600 600 600 577 411 364 76 51 424 74 158 410 538 575 78 57 305 0 0 0 0 0 0 0 16 365 527 411 446 250 103 67 0 0 0 43 28 450 352 169 91 28 95 436 403 241 0 5 0 200 557 528 21 3 201 237 343 552 540 560 473 416 600 600 574 56 79 0 0 0 0 0 24 14 5 51 500 374 237 595 600 556 465 591 466 101 353 600 600 600
490 65 7 128 589 600 600 599 592 600 600 600 558 415 441 73 393 540 536 587 384 174 65 0 0 31 294 0 0 0 25 4 71 542 600 559 596 598 375 94 0 0 0 0 239 40 459 62 118 103 76 61 0 0 6 0 7 13 0 7 277 565 482 600 600 600 547 552 600 599 417 26 87 332 74 148 339 468 443 399 523 203 85 247 489 403 205 189 80 145 354 574 453 551 600 598
200 3 0 0 245 565 518 301 240 540 498 536 577 600 477 390 568 572 516 486 224 11 9 0 0 20 46 68 10 6 114 0 168 539 281 103 53 491 531 426 14 0 0 0 0 19 334 540 464 128 9 30 0 20 170 32 35 12 40 183 455 600 600 600 600 600 600 585 482 342 253 226 375 600 520 596 600 524 592 598 546 529 573 600 557 176 0 23 98 290 270 511 31 369 600 592
0 0 0 0 111 99 61 0 81 475 114 307 441 600 600 600 576 581 402 218 0 0 0 0 0 4 25 0 0 0 71 53 67 29 0 0 0 0 0 119 152 214 246 27 0 0 0 13 22 83 158 40 1 177 180 188 473 501 497 591 547 600 600 588 428 169 156 53 32 8 17 315 483 600 600 600 596 444 514 600 600 600 600 441 358 225 0 60 27 98 96 125 0 139 598 582
0 0 0 0 221 564 305 15 0 211 46 314 600 600 600 600 600 599 525 429 552 338 0 0 13 145 0 0 0 0 0 0 2 0 0 0 0 0 0 373 288 393 522 193 25 0 0 0 0 0 2 29 2 120 409 446 498 589 579 544 572 374 275 74 0 0 0 0 4 0 0 286 600 600 600 600 600 600 600 600 600 600 600 594 577 191 0 0 0 69 10 0 38 210 512 600
0 0 0 0 75 462 447 0 0 0 2 75 514 597 596 600 600 600 600 600 343 3 0 0 24 0 0 0 0 175 96 0 135 341 375 203 20 0 0 69 199 563 588 598 512 270 13 0 0 0 0 0 0 0 27 33 9 248 286 119 11 0 0 0 0 0 0 0 0 0 0 172 598 600 600 600 600 600 600 600 600 600 600 588 259 17 0 0 0 71 91 389 553 600 527 600
0 0 0 0 0 326 402 447 411 281 244 38 67 305 512 598 600 594 442 216 18 72 43 0 182 0 64 31 263 525 302 0 295 596 598 600 494 451 304 8 99 551 579 588 598 600 286 0 0 0 0 0 0 0 0 1 4 0 1 0 0 7 55 75 32 151 270 415 434 84 136 236 507 600 600 600 600 600 600 600 600 600 600 563 13 94 13 26 0 138 441 559 318 154 234 508
0 0 0 0 0 323 600 600 600 600 596 67 0 148 206 489 580 159 0 0 327 580 425 0 39 450 307 458 598 600 473 205 17 149 535 600 600 600 600 545 48 76 436 415 424 174 84 0 0 0 0 0 0 0 0 0 0 0 2 142 455 140 486 193 258 349 432 596 600 576 600 600 600 600 600 600 600 600 600 600 600 600 600 583 440 558 560 228 302 540 382 44 68 581 527 179
0 0 82 166 195 204 599 600 600 600 600 389 132 85 82 17 406 512 327 302 228 472 598 298 517 570 600 600 600 600 295 279 241 20 219 600 600 600 600 422 8 1 18 81 281 16 69 34 98 0 0 0 0 0 0 0 0 0 0 11 45 106 383 323 287 294 466 600 600 600 600 552 555 600 600 578 600 600 600 600 600 600 600 600 500 427 553 442 454 59 6 125 529 363 28 0
0 27 466 600 600 593 600 600 600 600 600 516 163 484 494 274 153 588 600 600 600 565 598 600 598 574 556 600 600 600 364 341 228 17 207 600 600 600 600 536 378 26 0 0 0 33 281 141 214 21 77 0 0 174 196 0 0 0 0 0 0 2 18 262 353 395 549 600 600 531 544 465 500 600 600 600 586 520 584 526 600 598 600 600 600 596 600 370 29 227 481 575 169 0 0 0
