data/outputs/Figueira/2015/resolution_1/CONT_SPEC_1_100.asc
ncols         15
nrows         15
xllcorner     -8.238677953804
yllcorner      39.915521016488
cellsize       0.000899321600
NODATA_value  -9999
3.853400 3.29800 3.730150 1.916800 0.364100 1.747900 3.081550 2.914500 4.604900 3.003450 2.298200 1.489950 3.759750 2.674150 2.589250
2.028600 2.550800 2.247800 3.060500 0.494050 1.353450 1.448400 5.132600 4.564050 5.021600 4.897300 3.334700 4.092650 4.134750 2.42800
2.432100 1.284150 2.185050 3.463800 3.778850 4.243750 1.458550 2.931750 2.757650 3.063050 5.664150 5.402250 3.851900 3.766450 1.938850
4.191500 1.483500 1.516250 2.264650 1.992800 1.179350 2.988800 0.972100 3.717650 4.487650 4.133200 4.714350 0.655700 0.386350 3.124350
2.771200 4.278900 2.753300 2.727350 1.686150 1.375350 2.420700 4.823300 3.974300 3.16200 4.350500 2.411050 1.384400 1.916750 4.194850
1.776850 3.661350 3.883350 3.099750 1.576850 1.442600 3.64900 0.930350 2.048350 3.289750 4.250700 4.402250 4.561450 4.692150 5.524600
3.69200 4.616750 2.907850 2.931750 2.906750 1.982350 1.572800 4.895550 4.281550 3.986450 4.462650 3.843700 4.190400 3.768850 3.924300
2.167650 3.141850 3.460500 2.020500 1.655450 0.962250 1.828400 2.137650 3.928600 3.298100 4.616650 5.128250 4.635200 4.196450 3.851800
0.798350 2.900300 2.802250 4.308150 4.234650 2.436200 1.683350 1.709700 2.874600 1.746900 4.965200 2.085900 3.492150 5.226750 2.533600
1.956150 2.001900 2.596600 2.481450 2.969050 2.515750 2.335700 2.604100 3.834350 3.129250 4.884250 3.551850 4.370100 5.266150 2.866750
1.967800 2.597400 2.995450 3.494750 3.576550 4.556450 4.127650 1.668200 2.623600 3.973600 3.54100 5.401250 4.580700 5.068600 4.458300
4.061500 1.331250 2.517900 0.847050 2.346150 3.320450 3.500650 1.199450 4.787800 3.124700 2.082950 4.026750 4.515150 4.402200 4.818250
2.227250 3.817200 3.779750 3.462450 3.953650 2.56200 2.173650 0.976300 3.026800 5.021200 4.169250 3.767500 2.657850 3.973900 5.219050
3.41800 3.512150 3.136250 4.579450 3.535900 3.197450 3.379950 2.457100 2.414400 3.798050 3.475700 4.49100 5.060750 5.084650 5.767500
4.384150 4.533800 3.871450 5.111800 5.354750 5.530600 2.773800 3.320500 2.315100 1.440050 3.502400 4.578450 4.471950 4.705850 4.256550
