data/outputs/Figueira/2015/resolution_1/CONT_SPEC_1_25.asc
ncols         60
nrows         60
xllcorner     -8.238677953804
yllcorner      39.915521016488
cellsize       0.000224830400
NODATA_value  -9999
[rows 0 to 29 of 60, columns 0 to 59 of 60]
2.749600 2.556800 5.721600 5.02000 1.720800 0.223200 2.497600 2.920800 3.505600 1.61600 4.491200 4.76400 3.628800 0.189600 0.863200 0.230400 0.0000 0.0000 0.0000 0.403200 4.727200 2.728800 2.324800 1.263200 0.483200 4.520800 5.76000 3.718400 0.507200 1.50800 5.244800 5.36000 5.282400 4.871200 5.47600 1.445600 2.177600 4.526400 3.07200 3.38000 5.137600 5.430400 1.431200 0.0000 0.0000 0.0000 0.532800 2.46400 5.175200 3.908800 5.497600 1.971200 0.095200 0.22800 1.726400 5.25200 3.038400 1.811200 1.118400 0.084800
2.81200 2.879200 2.867200 4.711200 3.381600 3.062400 4.641600 6.0000 4.399200 3.459200 3.900800 5.964800 4.003200 1.177600 0.109600 0.236800 0.390400 0.0000 0.0000 1.244800 5.561600 2.019200 0.223200 0.243200 1.686400 4.815200 6.0000 2.022400 0.0000 0.897600 4.260800 6.0000 6.0000 4.529600 5.570400 2.886400 5.510400 4.442400 3.011200 3.797600 4.134400 2.356800 2.218400 0.0000 0.0000 0.0000 0.824800 3.73600 5.644800 3.605600 4.71600 4.379200 0.82400 0.312800 0.784800 5.17600 5.652800 2.224800 0.012800 0.003200
1.051200 3.362400 5.427200 6.0000 3.097600 2.765600 4.626400 5.563200 2.25600 3.414400 5.540800 1.690400 2.1000 3.431200 4.319200 0.887200 0.009600 0.0000 0.869600 1.438400 2.985600 0.42000 0.030400 3.142400 5.459200 5.910400 3.237600 0.674400 0.82400 0.503200 0.643200 3.756800 6.0000 5.80400 1.494400 3.727200 4.430400 0.244800 0.0000 1.74400 2.065600 0.0000 0.022400 0.0000 0.0000 0.715200 2.660800 5.171200 5.16400 3.084800 2.022400 4.878400 5.636800 4.271200 0.879200 2.584800 3.85600 3.529600 2.807200 0.54000
3.578400 5.102400 4.554400 3.260800 0.797600 3.129600 5.73200 2.60800 0.40400 3.09200 5.73600 5.44800 3.932800 0.158400 2.356800 3.04400 0.0000 0.01600 0.04000 1.413600 1.127200 0.369600 0.758400 0.041600 2.108800 2.343200 0.01200 0.552800 3.101600 3.919200 4.356800 5.748800 6.0000 5.980800 5.83200 2.778400 1.176800 1.70400 3.436800 5.400800 3.74800 2.884800 3.831200 3.510400 3.325600 1.246400 0.763200 2.399200 2.032800 2.216800 3.84400 2.014400 1.878400 4.361600 5.204800 3.570400 2.86000 4.681600 5.777600 3.429600
2.77200 4.828800 3.267200 1.233600 3.413600 4.844800 2.36400 1.680800 1.390400 1.313600 3.558400 3.500800 5.535200 0.431200 0.634400 3.460800 0.469600 0.0000 0.0000 0.112800 1.601600 0.371200 0.16000 0.0000 0.000800 0.415200 0.0000 1.816800 5.297600 4.87600 5.950400 6.0000 6.0000 5.958400 6.0000 5.257600 4.107200 3.776800 4.729600 5.600800 5.251200 4.64000 3.4000 3.875200 4.600800 1.507200 1.430400 0.035200 0.377600 1.481600 2.349600 2.957600 1.749600 0.855200 2.228800 5.590400 6.0000 6.0000 6.0000 5.76000
4.639200 5.004800 1.214400 0.441600 0.996800 5.15600 2.370400 1.832800 0.567200 0.085600 0.019200 0.22800 4.793600 4.79200 0.241600 1.404800 0.313600 0.0000 0.239200 0.587200 1.982400 0.0000 0.0000 0.0000 1.308800 2.380800 0.544800 0.80400 0.93600 5.212800 5.673600 6.0000 5.382400 5.264800 5.745600 5.386400 6.0000 5.96000 5.736800 5.962400 6.0000 5.4000 3.337600 4.479200 5.81200 4.434400 1.777600 2.88800 4.37200 4.43200 5.324800 5.852800 5.962400 5.943200 3.954400 4.940800 4.106400 3.060800 2.725600 2.750400
3.30400 2.081600 0.046400 0.015200 0.0000 2.412800 5.681600 0.516800 1.047200 0.31600 1.18400 3.838400 5.825600 4.81200 3.753600 0.154400 0.171200 0.109600 0.047200 0.96400 3.498400 0.870400 0.03600 2.104800 1.109600 1.812800 2.544800 1.77200 2.013600 5.271200 5.566400 5.964800 5.66800 4.09200 1.334400 2.606400 4.70800 5.887200 5.864800 5.929600 6.0000 5.990400 4.970400 4.20800 3.711200 4.411200 3.938400 3.190400 4.384800 5.464800 5.974400 6.0000 6.0000 6.0000 3.891200 1.850400 0.145600 0.4000 0.223200 0.652800
2.67600 0.174400 0.572800 0.185600 0.435200 4.627200 2.899200 1.580800 1.95600 5.519200 5.440800 6.0000 5.069600 2.410400 3.054400 2.594400 0.854400 1.887200 1.942400 0.206400 0.552800 1.401600 3.381600 5.694400 1.181600 0.586400 1.654400 5.241600 5.880800 5.67200 5.806400 6.0000 5.849600 5.515200 2.384800 0.579200 1.735200 3.242400 5.104800 6.0000 6.0000 5.681600 4.155200 4.96800 5.873600 5.507200 3.727200 0.510400 2.267200 3.357600 4.885600 6.0000 6.0000 5.993600 4.381600 0.814400 0.442400 0.031200 0.154400 0.395200
4.014400 4.501600 1.586400 0.007200 1.46000 2.282400 0.141600 0.345600 0.377600 1.94800 5.596800 4.02000 3.30800 1.28800 2.191200 3.546400 4.662400 1.988800 3.800800 3.772800 0.006400 1.895200 4.973600 2.067200 4.46000 4.078400 0.437600 0.992800 4.828800 5.285600 5.977600 6.0000 5.960800 5.634400 2.143200 4.162400 4.816800 0.155200 2.850400 6.0000 5.996800 5.620800 3.629600 5.465600 5.604800 5.996800 4.156800 4.955200 4.602400 3.009600 5.12800 6.0000 6.0000 5.438400 4.142400 1.30400 0.431200 0.0000 0.492800 1.554400
4.390400 2.294400 2.486400 0.384800 0.599200 0.54800 1.02400 4.150400 1.969600 1.751200 1.104800 2.040800 0.420800 3.502400 2.305600 4.102400 5.897600 2.339200 3.078400 2.085600 1.446400 2.663200 4.498400 5.345600 5.784800 2.384800 0.0000 0.0000 1.188800 4.114400 4.58000 4.888800 4.303200 2.53600 3.528800 5.818400 5.24800 0.799200 3.949600 5.259200 5.964800 6.0000 5.980800 5.677600 5.902400 4.984800 5.122400 5.96800 4.385600 4.140800 2.976800 4.065600 4.520800 3.205600 3.745600 2.915200 4.0000 1.946400 0.733600 0.216800
2.268800 2.752800 2.571200 1.179200 3.133600 0.984800 0.796800 1.241600 4.918400 4.757600 2.24000 0.928800 4.239200 2.722400 4.292800 5.173600 5.990400 5.122400 3.257600 4.538400 4.655200 5.97200 6.0000 5.08800 1.35600 0.072800 0.0000 0.0000 0.051200 3.374400 1.851200 1.322400 0.133600 1.549600 3.405600 2.59600 1.630400 0.113600 1.948800 4.862400 6.0000 6.0000 5.978400 5.799200 5.295200 4.937600 6.0000 5.894400 5.38400 4.585600 3.286400 4.14000 5.913600 4.976800 2.330400 2.561600 4.069600 3.883200 3.94000 0.855200
3.782400 1.665600 1.766400 3.261600 0.769600 1.482400 0.923200 0.663200 0.733600 0.741600 1.326400 0.505600 3.238400 3.56800 5.521600 6.0000 5.649600 2.527200 0.863200 4.887200 6.0000 6.0000 6.0000 5.288800 2.434400 1.301600 0.025600 0.00800 0.0000 0.565600 2.331200 0.54800 1.960800 0.060800 0.152800 0.17600 0.0000 2.526400 5.030400 3.818400 4.535200 5.977600 6.0000 6.0000 4.346400 5.999200 5.974400 5.297600 4.85600 3.981600 0.947200 0.140800 4.639200 3.111200 0.781600 4.676800 4.338400 2.529600 1.709600 0.320800
4.330400 1.580800 5.396800 1.401600 0.0000 0.0000 0.185600 2.102400 5.09200 3.280800 0.125600 0.023200 1.325600 3.011200 5.593600 6.0000 5.570400 4.86400 2.19600 0.932800 3.99200 3.049600 3.443200 1.328800 1.998400 2.18000 0.622400 0.0000 0.0000 0.0000 2.08800 5.674400 3.866400 3.814400 3.86800 0.429600 0.220800 3.904800 5.324800 4.38400 5.207200 5.363200 5.31600 5.748800 5.69200 6.0000 4.373600 4.639200 2.186400 1.948800 1.793600 0.525600 1.15200 0.47200 0.972800 0.982400 1.30400 1.577600 0.89600 1.399200
5.724800 5.976800 3.814400 0.149600 0.0000 0.00800 0.139200 0.770400 1.753600 4.354400 2.145600 0.0000 0.075200 0.19600 2.628800 3.435200 0.253600 2.051200 0.892800 0.0000 0.292800 0.204800 0.003200 0.047200 3.069600 5.98000 1.333600 0.0000 0.0000 0.0000 0.0000 0.958400 3.02800 3.037600 6.0000 3.969600 2.566400 5.947200 5.934400 3.482400 1.631200 2.046400 1.566400 4.909600 4.620800 5.971200 5.019200 5.675200 2.874400 0.235200 0.038400 0.0000 0.268800 1.604800 0.236800 0.275200 2.252800 4.226400 1.065600 3.896800
5.76000 5.945600 5.962400 1.854400 0.254400 1.570400 0.461600 3.716800 3.940800 0.358400 0.0000 0.57600 1.626400 0.468800 0.23200 1.427200 1.71600 4.38000 0.98400 1.05600 1.588800 0.031200 0.035200 0.149600 4.081600 5.091200 3.63200 1.079200 0.94000 0.154400 0.022400 0.0000 0.552800 5.256800 6.0000 6.0000 3.778400 6.0000 6.0000 3.619200 2.89200 1.96800 4.963200 5.730400 5.761600 5.373600 4.871200 3.462400 0.621600 0.0000 0.076800 0.139200 0.075200 0.023200 0.039200 0.075200 3.846400 5.724800 1.562400 4.46800
3.449600 4.136800 6.0000 5.58000 3.75600 3.226400 1.954400 5.590400 1.785600 0.124800 0.518400 0.180800 1.852800 4.009600 3.095200 1.256800 0.140800 2.660800 2.317600 1.868800 1.350400 0.017600 2.337600 0.997600 2.882400 5.148800 4.892800 5.828800 1.857600 0.924800 1.122400 1.811200 1.712800 3.454400 4.719200 3.772800 3.190400 5.74800 5.92000 5.781600 2.13600 4.652800 6.0000 6.0000 6.0000 5.71600 2.14400 0.109600 0.0000 0.0000 0.0000 0.051200 0.0000 0.0000 0.00400 0.0000 1.042400 5.652800 5.54000 5.534400
0.324800 0.873600 3.08400 2.543200 3.623200 5.79600 5.52000 4.335200 1.030400 0.001600 0.211200 0.134400 0.464800 1.650400 0.580800 2.435200 1.515200 0.503200 1.002400 1.559200 0.431200 1.48000 2.544800 3.707200 5.681600 4.766400 2.98800 1.858400 2.176800 5.86400 5.795200 5.664800 5.75600 5.279200 0.946400 0.918400 1.650400 3.13200 4.597600 3.245600 1.647200 4.210400 5.524800 5.980800 6.0000 5.596800 2.705600 0.0000 0.0000 0.0000 0.0000 0.0000 0.064800 0.046400 0.182400 0.547200 1.494400 2.243200 5.491200 5.398400
0.0000 0.168800 3.622400 1.543200 1.469600 4.878400 5.996800 5.122400 1.545600 0.349600 0.272800 1.58800 0.791200 3.590400 2.435200 1.337600 3.930400 5.161600 1.868800 0.0000 0.0000 0.282400 1.12800 2.065600 0.694400 0.200800 0.968800 1.19600 2.15200 6.0000 6.0000 6.0000 6.0000 4.398400 0.242400 0.469600 3.088800 3.922400 3.51600 1.933600 2.979200 2.470400 5.425600 2.2000 2.52400 3.140800 1.599200 1.622400 2.422400 0.158400 0.484800 0.504800 0.63200 0.10400 0.083200 0.016800 1.350400 4.218400 5.980800 4.839200
0.093600 1.880800 4.907200 6.0000 3.794400 1.744800 3.451200 2.584800 4.70800 3.253600 4.977600 5.991200 2.909600 1.913600 6.0000 5.574400 0.864800 2.352800 0.720800 0.244800 0.0000 0.01600 0.0000 0.246400 1.779200 3.17600 4.617600 5.961600 5.675200 5.96400 5.964800 6.0000 6.0000 5.555200 5.27600 2.737600 2.19200 3.069600 0.352800 3.734400 6.0000 5.881600 5.51200 1.075200 0.0000 0.0000 0.490400 2.778400 3.882400 1.28800 0.0000 1.737600 3.91600 1.963200 3.421600 4.744800 4.168800 5.373600 5.982400 4.23200
3.766400 5.533600 5.055200 4.942400 3.759200 4.931200 5.455200 6.0000 4.79200 4.31200 5.758400 5.126400 4.2000 1.043200 3.348800 5.362400 3.555200 0.83200 0.986400 1.880800 1.237600 4.590400 3.318400 0.957600 0.02400 0.353600 0.996800 3.46800 5.48800 4.898400 2.33200 1.197600 3.699200 5.936800 5.753600 4.62000 4.609600 1.273600 4.279200 5.994400 6.0000 6.0000 6.0000 2.700800 1.85200 3.72000 3.281600 3.265600 5.587200 4.220800 0.150400 1.713600 1.601600 4.246400 4.827200 4.270400 5.744800 3.984800 5.64400 0.971200
3.499200 1.237600 0.286400 1.054400 1.121600 2.943200 5.833600 5.96400 5.674400 5.158400 2.705600 2.38400 2.518400 0.51600 1.391200 5.742400 4.00400 0.84400 0.474400 0.16000 0.136800 1.24800 3.642400 5.817600 4.306400 2.095200 0.502400 0.018400 0.964800 1.028800 0.24800 0.028800 0.02000 2.292800 4.153600 5.834400 2.734400 4.475200 3.70800 3.677600 5.849600 5.13200 5.428800 5.547200 4.09200 5.09200 2.604800 2.733600 5.996800 5.939200 4.813600 2.463200 0.62000 2.90400 4.866400 5.853600 5.284800 5.612800 5.856800 5.203200
0.0000 0.0000 0.655200 3.434400 0.57200 0.82000 5.071200 4.725600 5.494400 0.780800 2.771200 4.432800 1.198400 1.475200 2.52800 1.36000 0.002400 0.373600 0.659200 0.70800 0.37200 1.45600 1.533600 3.333600 5.488800 5.699200 5.783200 3.304800 1.230400 0.0000 0.0000 0.0000 0.067200 0.235200 1.50400 3.90800 4.247200 5.900800 4.124800 5.304800 4.365600 3.71600 4.621600 4.652800 5.254400 1.335200 1.74000 4.991200 5.996800 4.795200 0.65600 1.461600 2.77600 3.289600 4.56000 5.939200 5.870400 5.999200 5.974400 5.494400
0.327200 0.031200 3.203200 3.849600 3.957600 4.22400 3.73200 0.827200 1.676800 0.129600 5.32000 4.58800 1.666400 4.764800 5.18000 3.907200 2.181600 3.092800 1.195200 0.23600 0.695200 0.47200 1.28800 0.797600 5.01200 4.733600 4.47200 5.785600 2.629600 0.58800 0.0000 0.0000 0.021600 0.556800 0.224800 1.168800 2.745600 3.599200 4.673600 5.993600 5.464800 2.498400 4.357600 5.58800 5.961600 5.56000 4.01200 5.184800 5.882400 5.832800 5.25600 4.523200 3.375200 5.964800 6.0000 5.39200 5.277600 4.166400 6.0000 5.224800
1.447200 0.266400 3.254400 5.883200 6.0000 6.0000 4.53600 2.253600 4.472800 5.128800 5.97600 5.44000 5.428800 5.595200 4.81600 1.50800 4.647200 1.21600 1.776800 3.658400 1.605600 0.241600 0.426400 0.015200 3.814400 1.905600 1.650400 3.81200 3.957600 3.676800 0.150400 0.382400 3.904800 3.237600 3.58800 2.05600 0.371200 0.180800 0.247200 0.65200 1.548800 2.423200 2.779200 4.037600 5.206400 5.561600 5.78400 5.322400 6.0000 5.071200 3.616800 4.678400 5.773600 5.987200 5.772800 6.0000 5.218400 5.897600 6.0000 5.312800
2.498400 2.57600 2.622400 5.388800 6.0000 6.0000 5.931200 6.0000 5.242400 5.187200 5.24000 1.671200 5.46000 4.747200 4.62800 3.41200 5.425600 2.894400 2.474400 2.923200 4.007200 2.524800 0.717600 2.270400 1.989600 0.549600 0.227200 3.125600 5.846400 5.716800 3.607200 3.478400 4.022400 3.713600 0.840800 2.049600 2.196800 4.901600 5.191200 3.846400 3.89200 2.461600 1.309600 0.63600 0.189600 0.251200 0.869600 1.381600 3.10400 3.864800 4.659200 5.132800 5.526400 4.149600 4.48400 4.753600 5.426400 5.505600 6.0000 5.76000
4.915200 6.0000 5.613600 5.002400 6.0000 5.350400 5.954400 5.703200 4.047200 0.914400 2.795200 2.787200 3.63600 2.262400 3.554400 4.114400 1.59600 3.707200 1.90400 1.296800 2.36800 1.638400 3.96000 2.660800 0.72400 0.370400 0.07200 1.607200 4.22400 4.234400 5.917600 6.0000 5.639200 5.819200 4.284800 3.789600 3.696800 3.594400 4.162400 4.297600 5.999200 6.0000 4.439200 5.446400 3.817600 3.920800 4.034400 3.908800 2.718400 1.181600 2.008800 1.380800 0.913600 0.325600 1.395200 3.449600 4.786400 4.977600 4.19200 4.399200
5.482400 5.661600 1.629600 1.766400 6.0000 4.550400 1.95600 1.991200 3.73200 2.88000 4.370400 2.753600 1.355200 0.910400 1.815200 3.975200 2.386400 2.492800 3.418400 2.22000 3.33200 0.683200 1.356800 0.025600 1.271200 1.726400 1.505600 1.786400 3.007200 4.942400 5.97200 6.0000 3.815200 4.498400 5.974400 6.0000 5.766400 5.875200 1.70400 3.506400 5.111200 5.829600 4.537600 4.14800 6.0000 6.0000 5.348800 5.577600 5.697600 5.275200 4.972800 3.66800 4.366400 3.666400 3.753600 4.031200 3.00400 1.270400 0.967200 1.18000
4.856800 2.42400 0.589600 2.044800 6.0000 5.123200 1.235200 0.072800 2.190400 0.46400 0.823200 1.427200 1.089600 0.889600 1.977600 3.080800 2.70400 4.260800 3.686400 3.117600 2.745600 3.210400 0.043200 0.173600 0.67200 2.62800 2.016800 4.892800 5.990400 3.440800 4.031200 5.92000 2.34800 4.134400 5.575200 6.0000 5.648800 5.204800 3.409600 0.780800 5.138400 5.489600 5.804800 5.159200 4.620800 6.0000 5.956800 3.621600 5.65200 5.962400 5.958400 5.809600 4.855200 2.801600 5.829600 6.0000 6.0000 5.994400 2.930400 0.395200
2.146400 0.098400 4.000800 2.630400 5.938400 4.780800 0.921600 0.178400 0.471200 0.0000 0.400800 1.33200 4.54800 4.659200 2.667200 0.95600 5.870400 5.814400 4.784800 1.022400 0.70800 2.848800 0.821600 1.017600 1.176800 0.909600 2.079200 5.865600 5.745600 4.882400 5.576800 5.884800 4.67200 3.913600 5.16000 5.980800 5.650400 4.617600 4.456800 5.052800 2.06800 4.390400 3.573600 5.443200 4.406400 4.239200 5.756800 5.977600 6.0000 5.993600 4.924800 1.245600 1.828800 1.751200 5.538400 6.0000 6.0000 5.705600 2.683200 0.01200
1.791200 0.712800 2.320800 4.062400 3.595200 1.09200 1.976800 1.081600 2.107200 1.99600 5.025600 4.611200 4.489600 0.663200 2.285600 1.87200 2.802400 0.791200 1.75600 0.50800 0.433600 0.011200 0.0000 2.767200 0.507200 2.759200 2.727200 5.145600 5.173600 1.391200 2.519200 0.243200 2.16000 5.694400 3.977600 6.0000 5.980800 4.21200 0.962400 2.469600 1.333600 4.01600 2.8000 5.258400 4.343200 5.987200 5.970400 2.412800 5.394400 5.062400 2.875200 0.655200 0.658400 1.773600 3.654400 6.0000 6.0000 3.241600 1.2000 3.78800
